TEMPS	Vitesse	PUIS.	VO2/KG	VO2	VCO2	Q.R	FR	Vt	VE	KCal	Rés.V.	Ttot	Te	Ti	Ti/Ttot	VE/VO2	VE/VCO2	Horloge	FC
(min)	(RPM)	(Watts)	(mL/kg/min)	(mL/min)	(mL/min)		(br/min)	(mL)	(L/min)	(KCal/min)	(%)	(sec)	(sec)	(sec)				(Minuterie)	(BPM)
0:10	0	80	8,9	721	632	0,88	20	928	18,5	3,5	88,9	3,01	2,16	0,85	0,28	26	29	08:16:50	99
0:12	0	80	6,9	558	448	0,80	33	465	15,2	2,7	90,9	1,84	1,56	0,28	0,15	27	34	08:16:52	99
0:14	0	80	8,4	679	528	0,78	31	557	17,1	3,3	89,8	1,95	1,33	0,62	0,32	25	32	08:16:54	99
0:16	0	80	8,7	703	591	0,84	24	742	18,0	3,4	89,3	2,48	1,74	0,74	0,30	26	30	08:16:56	99
0:19	0	80	9,0	725	590	0,81	24	751	17,7	3,5	89,4	2,54	1,70	0,84	0,33	24	30	08:16:59	99
0:21	0	80	10,6	856	674	0,79	25	781	19,8	4,1	88,2	2,37	1,59	0,78	0,33	23	29	08:17:01	97
0:24	0	80	11,0	890	696	0,78	24	832	20,2	4,3	88,0	2,48	1,61	0,87	0,35	23	29	08:17:04	93
0:26	0	80	11,9	968	728	0,75	26	801	21,1	4,6	87,4	2,28	1,47	0,82	0,36	22	29	08:17:06	93
0:29	0	80	13,7	1107	835	0,75	25	924	23,3	5,3	86,1	2,38	1,54	0,84	0,35	21	28	08:17:09	93
0:31	0	80	13,7	1106	835	0,75	25	924	23,3	5,3	86,1	2,38	1,54	0,84	0,35	21	28	08:17:11	93
0:33	0	80	13,0	1055	792	0,75	26	875	22,8	5,0	86,4	2,30	1,49	0,81	0,35	22	29	08:17:13	93
0:35	0	80	14,3	1160	867	0,75	28	892	25,0	5,5	85,1	2,14	1,40	0,74	0,35	22	29	08:17:15	95
0:37	0	80	14,0	1136	854	0,75	27	906	24,7	5,4	85,2	2,20	1,45	0,75	0,34	22	29	08:17:17	95
0:41	0	80	16,2	1312	967	0,74	27	1011	27,0	6,2	83,9	2,25	1,56	0,69	0,31	21	28	08:17:21	96
0:43	0	80	15,9	1286	960	0,75	26	1020	26,8	6,1	84,0	2,28	1,59	0,69	0,30	21	28	08:17:23	99
0:45	0	80	14,2	1150	881	0,77	29	885	25,5	5,5	84,8	2,08	1,44	0,65	0,31	22	29	08:17:25	101
0:47	0	80	14,6	1185	902	0,76	29	891	25,6	5,7	84,7	2,09	1,43	0,66	0,31	22	28	08:17:27	100
0:50	0	80	14,7	1191	901	0,76	28	894	24,8	5,7	85,2	2,16	1,46	0,70	0,32	21	28	08:17:30	99
0:52	0	80	14,6	1183	887	0,75	27	896	23,8	5,6	85,8	2,26	1,55	0,71	0,31	20	27	08:17:32	99
0:55	0	80	15,3	1239	915	0,74	24	975	23,6	5,9	85,9	2,48	1,63	0,85	0,34	19	26	08:17:35	99
0:58	0	80	15,3	1237	915	0,74	24	975	23,6	5,9	85,9	2,48	1,63	0,85	0,34	19	26	08:17:38	99
1:00	0	80	16,2	1315	959	0,73	24	1029	24,6	6,2	85,3	2,51	1,63	0,88	0,35	19	26	08:17:40	100
1:03	0	80	17,1	1386	996	0,72	24	1072	25,4	6,6	84,8	2,53	1,62	0,91	0,36	18	25	08:17:43	100
1:05	0	80	17,6	1425	1031	0,72	24	1125	26,6	6,8	84,1	2,54	1,61	0,93	0,37	19	26	08:17:45	103
1:07	0	80	18,6	1509	1092	0,72	23	1204	28,1	7,2	83,2	2,57	1,63	0,94	0,37	19	26	08:17:47	103
1:10	0	80	19,1	1546	1140	0,74	25	1199	29,9	7,4	82,1	2,40	1,56	0,84	0,35	19	26	08:17:50	103
1:12	0	80	19,3	1562	1170	0,75	25	1247	30,6	7,5	81,7	2,44	1,58	0,86	0,35	20	26	08:17:52	104
1:14	0	80	18,9	1535	1178	0,77	25	1248	31,2	7,4	81,4	2,40	1,56	0,84	0,35	20	26	08:17:54	104
1:19	0	80	18,6	1506	1165	0,77	25	1253	31,0	7,2	81,5	2,43	1,59	0,84	0,35	21	27	08:17:59	104
1:21	0	80	18,5	1499	1169	0,78	25	1229	31,2	7,2	81,3	2,36	1,55	0,81	0,34	21	27	08:18:01	105
1:26	0	80	18,3	1484	1189	0,80	21	1426	30,6	7,2	81,7	2,80	1,79	1,01	0,36	21	26	08:18:06	107
1:32	0	80	17,6	1427	1181	0,83	17	1766	29,7	6,9	82,2	3,57	2,20	1,37	0,38	21	25	08:18:12	106
1:35	0	80	17,1	1384	1153	0,83	16	1753	28,8	6,7	82,8	3,65	2,29	1,36	0,37	21	25	08:18:15	108
1:38	0	80	17,4	1410	1173	0,83	16	1789	28,7	6,9	82,8	3,74	2,38	1,36	0,36	20	24	08:18:18	106
1:42	0	80	17,5	1416	1183	0,84	15	1968	28,7	6,9	82,9	4,12	2,56	1,56	0,38	20	24	08:18:22	110
1:47	0	80	18,2	1473	1226	0,83	15	2018	29,5	7,2	82,4	4,10	2,55	1,55	0,38	20	24	08:18:27	111
1:49	0	80	17,5	1416	1183	0,84	15	1968	28,7	6,9	82,9	4,12	2,56	1,56	0,38	20	24	08:18:29	110
1:51	0	80	17,6	1427	1191	0,83	17	1717	29,3	6,9	82,5	3,51	2,25	1,27	0,36	21	25	08:18:31	107
1:53	0	80	17,6	1429	1172	0,82	21	1384	29,1	6,9	82,6	2,86	1,94	0,92	0,32	20	25	08:18:33	102
1:56	0	80	18,4	1487	1261	0,85	18	1726	31,7	7,3	81,0	3,26	2,11	1,15	0,35	21	25	08:18:36	108
1:58	0	80	18,1	1465	1254	0,86	19	1701	31,9	7,2	80,9	3,20	2,05	1,15	0,36	22	25	08:18:38	110
2:01	0	80	18,5	1494	1280	0,86	21	1544	32,9	7,3	80,4	2,82	1,87	0,95	0,34	22	26	08:18:41	109
2:03	0	80	18,0	1458	1209	0,83	26	1188	30,9	7,1	81,5	2,30	1,60	0,71	0,31	21	26	08:18:43	108
2:05	0	80	18,6	1506	1256	0,83	27	1177	32,1	7,3	80,8	2,20	1,50	0,71	0,32	21	26	08:18:45	109
2:08	0	80	18,9	1530	1288	0,84	25	1280	32,4	7,5	80,6	2,37	1,57	0,80	0,34	21	25	08:18:48	109
2:10	0	80	19,2	1554	1309	0,84	25	1292	32,9	7,6	80,4	2,36	1,55	0,81	0,34	21	25	08:18:50	109
2:12	0	80	19,2	1554	1309	0,84	25	1292	32,9	7,6	80,4	2,36	1,55	0,81	0,34	21	25	08:18:52	111
2:18	0	80	18,8	1520	1341	0,88	20	1662	34,0	7,5	79,7	2,93	1,98	0,95	0,32	22	25	08:18:58	112
2:20	0	80	18,4	1492	1328	0,89	20	1677	33,5	7,4	80,0	3,00	2,00	1,01	0,34	22	25	08:19:00	112
2:22	0	80	18,9	1529	1355	0,89	20	1691	34,4	7,5	79,4	2,95	1,98	0,97	0,33	23	25	08:19:02	113
2:25	0	80	19,1	1548	1383	0,89	20	1743	35,2	7,6	79,0	2,97	1,99	0,98	0,33	23	25	08:19:05	113
2:27	0	80	18,7	1515	1369	0,90	20	1748	35,1	7,5	79,0	2,99	2,00	0,98	0,33	23	26	08:19:07	113
2:30	0	80	18,6	1507	1378	0,91	20	1790	35,4	7,5	78,8	3,03	2,05	0,98	0,32	24	26	08:19:10	113
2:33	0	80	18,2	1472	1352	0,92	19	1775	34,5	7,3	79,4	3,08	2,06	1,02	0,33	23	26	08:19:13	113
2:35	0	80	18,9	1535	1377	0,90	25	1409	35,0	7,6	79,1	2,42	1,58	0,84	0,35	23	25	08:19:15	113
2:37	0	80	19,6	1590	1425	0,90	25	1431	36,4	7,8	78,2	2,36	1,55	0,81	0,34	23	26	08:19:17	113
2:39	0	80	19,4	1570	1417	0,90	25	1436	36,5	7,8	78,2	2,36	1,55	0,81	0,34	23	26	08:19:19	112
2:42	0	80	18,9	1534	1394	0,91	25	1422	36,2	7,6	78,4	2,36	1,55	0,81	0,34	24	26	08:19:22	112
2:44	0	80	19,0	1541	1404	0,91	26	1392	36,4	7,6	78,2	2,29	1,50	0,79	0,34	24	26	08:19:24	112
2:46	0	80	18,9	1535	1397	0,91	27	1360	36,3	7,6	78,3	2,25	1,47	0,78	0,35	24	26	08:19:26	112
2:48	0	80	19,1	1546	1408	0,91	27	1364	36,3	7,7	78,3	2,25	1,47	0,78	0,35	24	26	08:19:28	112
2:50	0	80	19,1	1546	1408	0,91	27	1364	36,3	7,7	78,3	2,25	1,47	0,78	0,35	24	26	08:19:30	112
2:53	0	80	18,8	1527	1408	0,92	26	1386	36,5	7,6	78,2	2,28	1,50	0,78	0,34	24	26	08:19:33	112
2:55	0	80	19,1	1551	1423	0,92	27	1343	36,9	7,7	78,0	2,18	1,45	0,74	0,34	24	26	08:19:35	112
2:57	0	80	19,0	1543	1419	0,92	28	1335	37,0	7,7	77,9	2,16	1,43	0,73	0,34	24	26	08:19:37	112
2:59	0	80	19,2	1553	1433	0,92	28	1334	37,4	7,7	77,6	2,14	1,43	0,71	0,33	24	26	08:19:39	112
3:01	0	80	19,3	1565	1450	0,93	28	1347	38,0	7,8	77,3	2,13	1,43	0,70	0,33	24	26	08:19:41	112
3:05	0	80	19,3	1565	1450	0,93	28	1347	38,0	7,8	77,3	2,13	1,43	0,70	0,33	24	26	08:19:45	113
3:08	0	80	18,7	1512	1410	0,93	26	1386	36,5	7,5	78,2	2,28	1,50	0,78	0,34	24	26	08:19:48	112
3:10	0	80	19,0	1539	1424	0,93	26	1384	36,3	7,6	78,3	2,28	1,52	0,76	0,33	24	26	08:19:50	113
3:12	0	80	18,3	1481	1373	0,93	26	1361	35,4	7,4	78,8	2,30	1,50	0,81	0,35	24	26	08:19:52	115
3:15	0	80	18,4	1489	1369	0,92	26	1366	35,1	7,4	79,0	2,33	1,51	0,82	0,35	24	26	08:19:55	115
3:17	0	80	18,4	1494	1360	0,91	25	1365	34,7	7,4	79,2	2,36	1,53	0,83	0,35	23	26	08:19:57	115
3:19	0	80	18,9	1529	1380	0,90	25	1394	35,0	7,6	79,1	2,39	1,56	0,84	0,35	23	25	08:19:59	116
3:21	0	80	19,1	1551	1395	0,90	26	1370	35,9	7,7	78,6	2,29	1,52	0,77	0,34	23	26	08:20:01	119
3:24	0	80	20,0	1619	1458	0,90	26	1418	37,2	8,0	77,7	2,29	1,54	0,74	0,33	23	26	08:20:04	120
3:26	0	80	19,9	1614	1459	0,90	27	1406	37,7	8,0	77,5	2,24	1,48	0,75	0,34	23	26	08:20:06	120
3:28	0	80	20,0	1623	1480	0,91	27	1433	38,6	8,0	76,9	2,23	1,47	0,76	0,34	24	26	08:20:08	120
3:30	0	80	20,1	1631	1501	0,92	27	1443	39,2	8,1	76,6	2,21	1,45	0,76	0,34	24	26	08:20:10	120
3:32	0	80	20,6	1666	1543	0,93	27	1472	40,2	8,3	76,0	2,20	1,45	0,75	0,34	24	26	08:20:12	120
3:36	0	80	19,6	1586	1525	0,96	24	1686	40,1	7,9	76,0	2,52	1,59	0,93	0,37	25	26	08:20:16	120
3:40	0	80	19,6	1587	1525	0,96	24	1686	40,1	7,9	76,0	2,52	1,59	0,93	0,37	25	26	08:20:20	119
3:42	0	80	19,2	1552	1502	0,97	23	1690	39,4	7,8	76,4	2,57	1,65	0,92	0,36	25	26	08:20:22	119
3:44	0	80	18,7	1514	1472	0,97	23	1667	38,6	7,6	76,9	2,59	1,69	0,90	0,35	26	26	08:20:24	116
3:47	0	80	18,4	1489	1449	0,97	23	1666	37,7	7,5	77,5	2,65	1,74	0,92	0,35	25	26	08:20:27	110
3:49	0	80	18,4	1492	1445	0,97	23	1657	37,3	7,5	77,7	2,66	1,75	0,91	0,34	25	26	08:20:29	109
3:51	0	80	18,4	1491	1445	0,97	23	1657	37,3	7,5	77,7	2,66	1,75	0,91	0,34	25	26	08:20:31	110
3:53	0	80	18,4	1491	1397	0,94	26	1364	35,9	7,4	78,5	2,28	1,55	0,73	0,32	24	26	08:20:33	111
Départ Exercice																			
3:56	0	150	18,9	1529	1424	0,93	27	1378	36,7	7,6	78,0	2,25	1,53	0,72	0,32	24	26	08:20:36	111
3:58	0	150	19,2	1553	1427	0,92	27	1351	37,1	7,7	77,9	2,19	1,46	0,73	0,33	24	26	08:20:38	113
4:00	0	150	19,7	1594	1456	0,91	28	1353	37,5	7,9	77,6	2,16	1,43	0,73	0,34	24	26	08:20:40	114
4:02	0	150	20,2	1638	1493	0,91	27	1408	38,1	8,1	77,2	2,22	1,47	0,75	0,34	23	26	08:20:42	114
4:04	0	150	20,4	1651	1505	0,91	27	1437	38,5	8,2	77,0	2,24	1,47	0,77	0,34	23	26	08:20:44	120
4:06	0	150	20,6	1671	1518	0,91	27	1433	38,9	8,3	76,7	2,21	1,45	0,76	0,34	23	26	08:20:46	120
4:08	0	150	21,1	1711	1546	0,90	27	1446	39,8	8,5	76,2	2,18	1,43	0,75	0,34	23	26	08:20:48	122
4:10	0	150	21,7	1758	1574	0,90	29	1425	40,7	8,7	75,6	2,10	1,38	0,72	0,34	23	26	08:20:50	122
4:12	0	150	22,1	1792	1600	0,89	29	1418	41,7	8,8	75,1	2,04	1,34	0,70	0,34	23	26	08:20:52	122
4:15	0	150	22,2	1794	1604	0,89	29	1440	42,2	8,9	74,8	2,05	1,34	0,70	0,34	24	26	08:20:55	124
4:17	0	150	22,2	1795	1610	0,90	29	1449	42,4	8,9	74,7	2,05	1,35	0,70	0,34	24	26	08:20:57	124
4:19	0	150	22,5	1822	1633	0,90	29	1462	42,7	9,0	74,5	2,06	1,35	0,70	0,34	23	26	08:20:59	129
4:21	0	150	22,4	1817	1641	0,90	29	1485	42,6	9,0	74,5	2,09	1,37	0,72	0,35	23	26	08:21:01	129
4:25	0	150	22,1	1789	1623	0,91	28	1491	41,9	8,8	74,9	2,13	1,40	0,73	0,34	23	26	08:21:05	129
4:28	0	150	22,1	1789	1623	0,91	28	1491	41,9	8,8	74,9	2,13	1,40	0,73	0,34	23	26	08:21:08	129
4:31	0	150	22,5	1820	1639	0,90	28	1529	42,2	9,0	74,7	2,17	1,41	0,76	0,35	23	26	08:21:11	130
4:32	0	150	24,0	1947	1718	0,88	26	1655	42,7	9,6	74,5	2,33	1,48	0,84	0,36	22	25	08:21:12	129
4:35	0	150	24,9	2018	1821	0,90	24	1949	45,9	10,0	72,6	2,55	1,59	0,96	0,38	23	25	08:21:15	129
4:38	0	150	24,0	1941	1774	0,91	22	2018	44,4	9,6	73,4	2,72	1,74	0,99	0,36	23	25	08:21:18	129
4:40	0	150	24,0	1942	1777	0,92	22	2023	44,2	9,6	73,6	2,75	1,76	0,98	0,36	23	25	08:21:20	128
4:43	0	150	25,3	2047	1851	0,90	24	1961	46,3	10,1	72,4	2,54	1,60	0,94	0,37	23	25	08:21:23	129
4:45	0	150	24,5	1983	1828	0,92	25	1854	46,8	9,8	72,0	2,37	1,52	0,85	0,36	24	26	08:21:25	129
4:47	0	150	24,7	1999	1860	0,93	26	1831	47,5	9,9	71,6	2,31	1,50	0,82	0,35	24	26	08:21:27	129
4:49	0	150	24,8	2008	1830	0,91	29	1564	45,9	9,9	72,5	2,04	1,36	0,69	0,34	23	25	08:21:29	129
4:51	0	150	24,7	1997	1823	0,91	29	1571	45,8	9,9	72,6	2,06	1,36	0,69	0,34	23	25	08:21:31	129
4:53	0	150	25,0	2022	1849	0,91	29	1584	46,7	10,0	72,1	2,03	1,33	0,71	0,35	23	25	08:21:33	128
4:56	0	150	25,0	2025	1900	0,94	26	1836	47,7	10,1	71,5	2,31	1,47	0,84	0,36	24	25	08:21:36	130
4:58	0	150	25,2	2041	1927	0,94	26	1875	48,2	10,2	71,2	2,34	1,49	0,84	0,36	24	25	08:21:38	130
5:00	0	150	25,2	2041	1927	0,94	26	1875	48,2	10,2	71,2	2,34	1,49	0,84	0,36	24	25	08:21:40	130
5:03	0	150	25,5	2068	1958	0,95	24	1970	48,0	10,3	71,3	2,46	1,61	0,85	0,35	23	25	08:21:43	130
5:07	0	150	25,0	2025	1922	0,95	25	1892	47,9	10,1	71,4	2,37	1,51	0,86	0,36	24	25	08:21:47	134
5:10	0	150	24,4	1977	1913	0,97	22	2166	47,1	9,9	71,8	2,76	1,70	1,06	0,38	24	25	08:21:50	134
5:13	0	150	24,3	1970	1900	0,96	21	2210	46,3	9,9	72,3	2,86	1,79	1,08	0,38	24	24	08:21:53	134
5:16	0	150	24,5	1984	1895	0,96	21	2156	45,5	9,9	72,8	2,84	1,77	1,07	0,38	23	24	08:21:56	133
5:20	0	150	24,3	1969	1895	0,96	19	2397	45,4	9,9	72,8	3,17	1,94	1,22	0,39	23	24	08:22:00	135
5:22	0	150	24,7	2003	1923	0,96	18	2475	45,6	10,0	72,7	3,26	2,05	1,21	0,37	23	24	08:22:02	135
5:25	0	150	24,0	1946	1875	0,96	18	2478	44,4	9,7	73,4	3,35	2,09	1,25	0,37	23	24	08:22:05	137
5:28	0	150	24,5	1986	1884	0,95	20	2196	44,7	9,9	73,3	2,95	1,91	1,03	0,35	23	24	08:22:08	137
5:31	0	150	25,7	2082	1969	0,95	20	2307	47,0	10,4	71,9	2,94	1,88	1,06	0,36	23	24	08:22:11	137
5:35	0	150	25,8	2091	1993	0,95	19	2513	47,5	10,5	71,6	3,17	2,03	1,15	0,36	23	24	08:22:15	137
5:38	0	150	25,4	2060	1964	0,95	19	2439	46,9	10,3	72,0	3,12	2,02	1,10	0,35	23	24	08:22:18	137
5:41	0	150	26,1	2115	2007	0,95	20	2328	47,3	10,6	71,7	2,95	1,93	1,02	0,34	22	24	08:22:21	141
5:44	0	150	26,0	2109	2033	0,96	18	2623	48,1	10,6	71,3	3,27	2,11	1,16	0,36	23	24	08:22:24	142
5:48	0	150	26,4	2137	2067	0,97	18	2691	48,5	10,7	71,0	3,33	2,16	1,17	0,35	23	23	08:22:28	142
5:51	0	150	25,5	2068	2007	0,97	17	2667	46,4	10,4	72,2	3,45	2,21	1,24	0,36	22	23	08:22:31	143
5:54	0	150	25,0	2024	1957	0,97	18	2578	45,4	10,1	72,9	3,41	2,21	1,20	0,35	22	23	08:22:34	143
5:58	0	150	25,3	2052	1979	0,96	17	2601	45,3	10,3	72,9	3,45	2,22	1,23	0,36	22	23	08:22:38	143
6:01	0	150	25,3	2051	1979	0,96	17	2601	45,3	10,3	72,9	3,45	2,22	1,23	0,36	22	23	08:22:41	142
6:05	0	150	25,3	2051	1979	0,96	17	2601	45,3	10,3	72,9	3,45	2,22	1,23	0,36	22	23	08:22:45	142
6:08	0	150	25,5	2064	1974	0,96	17	2559	44,4	10,3	73,5	3,46	2,22	1,24	0,36	22	22	08:22:48	142
6:18	0	150	26,1	2115	2014	0,95	17	2742	45,5	10,6	72,8	3,62	2,33	1,28	0,35	22	23	08:22:58	142
6:22	0	150	26,6	2158	2077	0,96	17	2860	47,4	10,8	71,7	3,62	2,35	1,27	0,35	22	23	08:23:02	142
6:26	0	150	26,7	2160	2068	0,96	17	2795	46,9	10,8	71,9	3,57	2,33	1,24	0,35	22	23	08:23:06	143
6:28	0	150	27,2	2207	2108	0,96	18	2623	48,4	11,0	71,1	3,25	2,13	1,12	0,35	22	23	08:23:08	142
6:31	0	150	28,1	2278	2193	0,96	19	2699	51,0	11,4	69,5	3,18	2,05	1,13	0,36	22	23	08:23:11	143
6:33	0	150	28,3	2291	2207	0,96	22	2407	52,0	11,5	68,9	2,78	1,77	1,01	0,36	23	24	08:23:13	143
6:35	0	150	28,6	2317	2234	0,96	24	2183	53,4	11,6	68,1	2,45	1,57	0,88	0,36	23	24	08:23:15	143
6:37	0	150	28,4	2304	2229	0,97	25	2157	53,5	11,6	68,0	2,42	1,54	0,88	0,36	23	24	08:23:17	143
6:39	0	150	29,0	2351	2249	0,96	29	1901	55,2	11,8	67,0	2,07	1,33	0,74	0,36	23	25	08:23:19	143
6:41	0	150	29,5	2387	2294	0,96	28	1976	56,3	12,0	66,3	2,11	1,36	0,75	0,36	24	25	08:23:21	143
6:43	0	150	28,8	2333	2258	0,97	29	1903	56,0	11,7	66,5	2,04	1,32	0,72	0,35	24	25	08:23:23	143
6:45	0	150	28,5	2312	2238	0,97	29	1888	55,7	11,6	66,7	2,03	1,32	0,72	0,35	24	25	08:23:25	143
6:48	0	150	28,2	2282	2229	0,98	29	1905	55,9	11,5	66,6	2,05	1,32	0,72	0,35	24	25	08:23:28	143
6:50	0	150	28,3	2295	2245	0,98	29	1939	56,4	11,5	66,3	2,06	1,34	0,72	0,35	25	25	08:23:30	144
6:52	0	150	27,7	2248	2208	0,98	28	1965	55,6	11,3	66,8	2,12	1,38	0,74	0,35	25	25	08:23:32	148
6:54	0	150	28,0	2265	2224	0,98	28	1956	55,5	11,4	66,8	2,12	1,38	0,74	0,35	24	25	08:23:34	150
6:56	0	150	27,7	2243	2202	0,98	28	1990	55,0	11,3	67,1	2,17	1,43	0,75	0,34	25	25	08:23:36	149
6:58	0	150	27,9	2256	2204	0,98	28	1967	54,8	11,3	67,2	2,15	1,40	0,75	0,35	24	25	08:23:38	149
7:00	0	150	27,5	2229	2164	0,97	28	1915	53,9	11,2	67,8	2,13	1,38	0,75	0,35	24	25	08:23:40	149
7:02	0	150	27,6	2237	2163	0,97	28	1902	53,7	11,2	67,9	2,12	1,36	0,76	0,36	24	25	08:23:42	150
7:04	0	150	27,6	2232	2153	0,96	29	1866	53,5	11,2	68,0	2,09	1,34	0,75	0,36	24	25	08:23:44	148
7:06	0	150	27,8	2254	2177	0,97	29	1852	53,7	11,3	67,9	2,07	1,34	0,73	0,35	24	25	08:23:46	148
7:08	0	150	27,5	2228	2147	0,96	29	1824	53,3	11,2	68,2	2,05	1,30	0,75	0,37	24	25	08:23:48	148
7:10	0	150	27,3	2210	2130	0,96	29	1839	52,7	11,1	68,5	2,09	1,33	0,76	0,37	24	25	08:23:50	148
7:13	0	150	27,4	2222	2138	0,96	29	1834	52,9	11,1	68,4	2,08	1,33	0,75	0,36	24	25	08:23:53	148
7:15	0	150	27,3	2212	2137	0,97	28	1876	52,6	11,1	68,6	2,14	1,37	0,77	0,36	24	25	08:23:55	148
7:18	0	150	26,8	2175	2095	0,96	28	1829	51,3	10,9	69,3	2,14	1,38	0,75	0,35	24	24	08:23:58	148
7:20	0	150	26,8	2175	2095	0,96	28	1829	51,3	10,9	69,3	2,14	1,38	0,75	0,35	24	24	08:24:00	148
7:22	0	150	28,0	2269	2141	0,94	28	1874	52,3	11,3	68,7	2,15	1,38	0,77	0,36	23	24	08:24:02	148
7:25	0	150	29,5	2390	2252	0,94	27	2058	55,5	11,9	66,8	2,22	1,40	0,82	0,37	23	25	08:24:05	148
7:26	0	150	30,4	2464	2312	0,94	28	2063	57,7	12,3	65,5	2,15	1,36	0,78	0,36	23	25	08:24:06	147
7:28	0	150	30,5	2471	2317	0,94	29	2030	58,5	12,3	65,0	2,08	1,33	0,75	0,36	24	25	08:24:08	147
7:30	0	150	31,0	2509	2355	0,94	30	2025	60,2	12,5	64,0	2,02	1,30	0,72	0,36	24	26	08:24:10	147
7:32	0	150	31,1	2518	2358	0,94	30	2029	60,2	12,5	64,0	2,02	1,29	0,73	0,36	24	26	08:24:12	147
7:34	0	150	30,3	2458	2294	0,93	33	1786	58,5	12,2	65,0	1,83	1,21	0,62	0,34	24	25	08:24:14	145
7:35	0	150	29,0	2351	2240	0,95	34	1730	58,1	11,7	65,3	1,79	1,20	0,59	0,33	25	26	08:24:15	142
7:37	0	150	28,4	2298	2195	0,96	33	1699	56,6	11,5	66,2	1,80	1,20	0,61	0,34	25	26	08:24:17	141
7:39	0	150	28,0	2271	2164	0,95	34	1673	56,1	11,3	66,5	1,79	1,19	0,60	0,34	25	26	08:24:19	142
7:41	0	150	28,1	2280	2171	0,95	34	1671	56,1	11,4	66,4	1,79	1,18	0,61	0,34	25	26	08:24:21	142
7:43	0	150	28,5	2310	2197	0,95	34	1683	56,7	11,5	66,1	1,78	1,18	0,60	0,34	25	26	08:24:23	143
7:46	0	150	28,5	2310	2197	0,95	34	1683	56,7	11,5	66,1	1,78	1,18	0,60	0,34	25	26	08:24:26	143
7:48	0	150	27,6	2232	2142	0,96	30	1808	54,5	11,2	67,5	1,99	1,30	0,69	0,35	24	25	08:24:28	143
7:51	0	150	27,3	2209	2126	0,96	27	1946	52,9	11,1	68,4	2,21	1,41	0,80	0,36	24	25	08:24:31	143
7:53	0	150	26,9	2182	2098	0,96	26	1984	51,8	10,9	69,1	2,30	1,46	0,84	0,37	24	25	08:24:33	143
7:55	0	150	27,0	2189	2096	0,96	26	2006	51,3	10,9	69,3	2,34	1,49	0,85	0,36	23	24	08:24:35	145
7:58	0	150	26,9	2179	2093	0,96	23	2172	50,8	10,9	69,6	2,57	1,61	0,96	0,37	23	24	08:24:38	146
8:00	0	150	26,9	2177	2094	0,96	23	2197	50,7	10,9	69,7	2,60	1,63	0,97	0,37	23	24	08:24:40	146
8:02	0	150	27,4	2216	2106	0,95	25	2046	51,2	11,1	69,4	2,40	1,51	0,88	0,37	23	24	08:24:42	146
8:05	0	150	27,6	2239	2140	0,96	23	2257	52,1	11,2	68,8	2,60	1,61	0,99	0,38	23	24	08:24:45	146
8:07	0	150	27,9	2258	2141	0,95	25	2122	52,5	11,3	68,6	2,42	1,52	0,91	0,37	23	25	08:24:47	146
8:09	0	150	28,1	2278	2154	0,95	25	2122	53,2	11,4	68,2	2,39	1,48	0,91	0,38	23	25	08:24:49	146
8:11	0	150	28,3	2292	2170	0,95	25	2149	53,5	11,4	68,0	2,41	1,48	0,93	0,38	23	25	08:24:51	146
8:13	0	150	28,4	2302	2158	0,94	27	1979	53,4	11,5	68,1	2,22	1,39	0,83	0,37	23	25	08:24:53	145
8:15	0	150	28,1	2279	2136	0,94	27	1981	53,5	11,4	68,1	2,22	1,41	0,81	0,37	23	25	08:24:55	146
8:17	0	150	28,1	2279	2136	0,94	27	1981	53,5	11,4	68,1	2,22	1,41	0,81	0,37	23	25	08:24:57	146
8:21	0	150	27,1	2195	2047	0,93	27	1936	51,5	10,9	69,2	2,25	1,47	0,79	0,35	23	25	08:25:01	146
8:23	0	150	25,9	2094	1926	0,92	25	1891	47,9	10,4	71,4	2,37	1,58	0,79	0,33	23	25	08:25:03	147
8:26	0	150	24,9	2014	1822	0,90	23	1914	44,8	10,0	73,2	2,56	1,81	0,76	0,29	22	25	08:25:06	146
8:28	0	150	25,5	2069	1860	0,90	24	1927	45,6	10,2	72,8	2,54	1,80	0,74	0,29	22	24	08:25:08	147
8:29	0	150	26,8	2173	1940	0,89	24	1978	47,6	10,7	71,6	2,50	1,75	0,75	0,30	22	25	08:25:09	145
8:31	0	150	28,6	2316	2097	0,91	25	2085	52,4	11,5	68,7	2,39	1,65	0,74	0,31	23	25	08:25:11	145
8:33	0	150	28,1	2273	2066	0,91	25	2068	52,1	11,2	68,9	2,38	1,63	0,75	0,32	23	25	08:25:13	145
8:35	0	150	29,5	2388	2156	0,90	29	1876	54,9	11,8	67,2	2,05	1,43	0,62	0,30	23	25	08:25:15	145
8:37	0	150	31,5	2553	2370	0,93	32	1904	61,3	12,7	63,4	1,86	1,23	0,63	0,34	24	26	08:25:17	145
8:39	0	150	31,5	2555	2371	0,93	32	1904	61,3	12,7	63,4	1,86	1,23	0,63	0,34	24	26	08:25:19	147
8:41	0	150	30,3	2454	2313	0,94	32	1847	59,9	12,2	64,2	1,85	1,21	0,64	0,34	24	26	08:25:21	147
8:42	0	150	29,9	2422	2290	0,95	32	1838	59,3	12,1	64,6	1,86	1,21	0,65	0,35	24	26	08:25:22	148
8:44	0	150	29,5	2387	2277	0,95	33	1800	58,9	11,9	64,8	1,83	1,18	0,65	0,36	25	26	08:25:24	148
8:46	0	150	29,0	2348	2256	0,96	33	1784	58,2	11,8	65,2	1,84	1,19	0,65	0,36	25	26	08:25:26	149
8:48	0	150	29,1	2360	2273	0,96	32	1834	57,9	11,8	65,4	1,90	1,23	0,68	0,36	25	25	08:25:28	149
8:50	0	150	29,1	2359	2273	0,96	32	1834	57,9	11,8	65,4	1,90	1,23	0,68	0,36	25	25	08:25:30	149
8:52	0	150	29,0	2349	2255	0,96	31	1824	57,1	11,8	65,9	1,92	1,24	0,67	0,35	24	25	08:25:32	150
8:54	0	150	28,7	2329	2227	0,96	31	1802	56,2	11,6	66,4	1,92	1,25	0,68	0,35	24	25	08:25:34	153
8:56	0	150	28,4	2299	2192	0,95	31	1783	55,4	11,5	66,9	1,93	1,26	0,67	0,35	24	25	08:25:36	152
9:00	0	150	27,9	2259	2154	0,95	30	1817	54,1	11,3	67,7	2,02	1,32	0,69	0,34	24	25	08:25:40	152
9:02	0	150	28,2	2285	2175	0,95	30	1850	54,8	11,4	67,3	2,03	1,33	0,69	0,34	24	25	08:25:42	151
9:06	0	150	28,1	2276	2159	0,95	27	2017	54,3	11,4	67,6	2,23	1,44	0,79	0,35	24	25	08:25:46	152
9:07	0	150	27,9	2264	2141	0,95	27	2004	53,5	11,3	68,0	2,25	1,47	0,78	0,35	24	25	08:25:47	151
9:09	0	150	27,8	2252	2114	0,94	27	1982	52,9	11,2	68,4	2,25	1,48	0,77	0,34	24	25	08:25:49	151
9:11	0	150	27,9	2262	2111	0,93	27	1979	52,8	11,3	68,5	2,25	1,48	0,77	0,34	23	25	08:25:51	151
9:13	0	150	29,6	2394	2197	0,92	27	2003	54,3	11,9	67,6	2,21	1,44	0,78	0,35	23	25	08:25:53	151
9:15	0	150	30,0	2431	2239	0,92	27	2055	55,2	12,1	67,0	2,23	1,45	0,78	0,35	23	25	08:25:55	150
9:17	0	150	28,9	2337	2177	0,93	27	1995	54,8	11,6	67,3	2,19	1,43	0,76	0,35	23	25	08:25:57	149
9:20	0	150	28,7	2329	2171	0,93	29	1915	54,7	11,6	67,3	2,10	1,39	0,71	0,34	23	25	08:26:00	148
9:22	0	150	28,3	2294	2139	0,93	29	1878	54,3	11,4	67,5	2,07	1,35	0,73	0,35	24	25	08:26:02	148
9:23	0	150	28,8	2329	2168	0,93	29	1891	54,9	11,6	67,2	2,07	1,35	0,72	0,35	24	25	08:26:03	148
9:25	0	150	28,6	2315	2161	0,93	29	1877	55,0	11,5	67,1	2,05	1,32	0,72	0,35	24	25	08:26:05	149
9:28	0	150	28,2	2284	2148	0,94	27	2009	53,7	11,4	67,9	2,25	1,42	0,82	0,37	23	25	08:26:08	149
9:31	0	150	27,7	2247	2121	0,94	26	2032	53,2	11,2	68,2	2,29	1,46	0,83	0,36	24	25	08:26:11	149
9:34	0	150	28,0	2266	2140	0,94	25	2090	53,1	11,3	68,2	2,36	1,50	0,86	0,37	23	25	08:26:14	149
9:36	0	150	28,0	2271	2127	0,94	27	1975	52,9	11,3	68,4	2,24	1,43	0,81	0,36	23	25	08:26:16	149
9:37	0	150	28,5	2305	2146	0,93	27	1988	53,4	11,5	68,1	2,23	1,44	0,80	0,36	23	25	08:26:17	149
9:40	0	150	28,4	2304	2152	0,93	26	2041	53,2	11,5	68,2	2,30	1,48	0,82	0,36	23	25	08:26:20	149
9:42	0	150	28,9	2344	2172	0,93	27	2018	53,7	11,6	67,9	2,26	1,45	0,81	0,36	23	25	08:26:22	149
9:44	0	150	29,5	2386	2185	0,92	29	1903	54,9	11,8	67,2	2,08	1,35	0,73	0,35	23	25	08:26:24	150
9:45	0	150	29,7	2406	2200	0,91	29	1890	55,2	11,9	67,0	2,05	1,32	0,73	0,36	23	25	08:26:25	150
9:49	0	150	29,6	2397	2184	0,91	30	1854	55,0	11,9	67,1	2,02	1,31	0,71	0,35	23	25	08:26:29	150
9:50	0	150	29,9	2425	2209	0,91	30	1836	55,9	12,0	66,6	1,97	1,27	0,70	0,36	23	25	08:26:30	150
9:52	0	150	30,4	2462	2252	0,91	31	1843	56,4	12,2	66,3	1,96	1,27	0,69	0,35	23	25	08:26:32	151
9:54	0	150	30,3	2453	2251	0,92	31	1808	56,6	12,2	66,2	1,92	1,24	0,68	0,35	23	25	08:26:34	152
9:56	0	150	30,1	2436	2236	0,92	32	1744	56,3	12,1	66,3	1,86	1,21	0,65	0,35	23	25	08:26:36	152
9:58	0	150	29,5	2394	2206	0,92	31	1754	55,2	11,9	67,0	1,91	1,26	0,65	0,34	23	25	08:26:38	152
10:01	0	150	28,6	2314	2163	0,93	27	1958	53,2	11,5	68,2	2,21	1,43	0,77	0,35	23	25	08:26:41	152
10:05	0	150	28,6	2314	2163	0,93	27	1958	53,2	11,5	68,2	2,21	1,43	0,77	0,35	23	25	08:26:45	152
10:08	0	150	28,2	2287	2162	0,95	24	2226	52,7	11,4	68,5	2,53	1,62	0,92	0,36	23	24	08:26:48	152
10:11	0	150	27,7	2244	2133	0,95	22	2367	51,4	11,2	69,3	2,76	1,75	1,02	0,37	23	24	08:26:51	152
10:15	0	150	27,1	2195	2089	0,95	19	2529	49,2	11,0	70,6	3,08	1,92	1,16	0,38	22	24	08:26:55	151
10:17	0	150	27,1	2195	2088	0,95	19	2529	49,2	11,0	70,6	3,08	1,92	1,16	0,38	22	24	08:26:57	152
10:21	0	150	27,6	2238	2141	0,96	18	2799	50,9	11,2	69,5	3,30	2,06	1,23	0,37	23	24	08:27:01	152
10:24	0	150	27,7	2246	2140	0,95	19	2735	50,8	11,2	69,6	3,23	2,04	1,19	0,37	23	24	08:27:04	152
10:26	0	150	28,2	2282	2170	0,95	20	2653	52,2	11,4	68,8	3,05	1,96	1,09	0,36	23	24	08:27:06	150
10:29	0	150	28,0	2272	2147	0,95	21	2485	51,6	11,3	69,2	2,89	1,90	0,99	0,34	23	24	08:27:09	147
10:32	0	150	28,8	2330	2205	0,95	21	2560	53,1	11,6	68,3	2,89	1,91	0,98	0,34	23	24	08:27:12	147
10:35	0	150	28,9	2339	2216	0,95	20	2590	53,1	11,7	68,3	2,93	1,92	1,01	0,34	23	24	08:27:15	150
10:38	0	150	28,8	2330	2202	0,94	21	2491	52,2	11,6	68,8	2,87	1,87	1,00	0,35	22	24	08:27:18	151
10:40	0	150	28,5	2308	2179	0,94	22	2372	51,9	11,5	69,0	2,74	1,79	0,96	0,35	22	24	08:27:20	149
10:42	0	150	28,8	2336	2202	0,94	23	2274	53,1	11,6	68,3	2,57	1,68	0,89	0,35	23	24	08:27:22	147
10:44	0	150	29,1	2356	2215	0,94	25	2140	54,4	11,7	67,5	2,36	1,55	0,81	0,34	23	25	08:27:24	148
10:46	0	150	29,4	2385	2246	0,94	25	2230	55,3	11,9	67,0	2,42	1,56	0,86	0,36	23	25	08:27:26	149
10:47	0	150	29,1	2360	2203	0,93	28	1988	54,9	11,7	67,2	2,17	1,40	0,77	0,35	23	25	08:27:27	148
10:49	0	150	29,4	2383	2221	0,93	27	2014	55,2	11,9	67,0	2,19	1,41	0,78	0,35	23	25	08:27:29	148
10:51	0	150	29,3	2372	2195	0,93	31	1814	55,5	11,8	66,8	1,96	1,27	0,69	0,35	23	25	08:27:31	148
10:54	0	150	29,6	2395	2208	0,92	33	1732	56,4	11,9	66,3	1,84	1,21	0,64	0,35	24	26	08:27:34	148
10:56	0	150	29,3	2376	2181	0,92	34	1652	55,7	11,8	66,7	1,78	1,16	0,61	0,35	23	26	08:27:36	151
10:58	0	150	29,5	2388	2193	0,92	34	1664	55,9	11,8	66,6	1,79	1,16	0,62	0,35	23	25	08:27:38	152
11:00	0	150	29,4	2383	2185	0,92	32	1705	55,2	11,8	67,0	1,85	1,20	0,66	0,35	23	25	08:27:40	152
11:02	0	150	29,9	2424	2220	0,92	32	1765	55,9	12,0	66,6	1,90	1,23	0,67	0,35	23	25	08:27:42	152
11:04	0	150	29,7	2404	2207	0,92	31	1799	55,2	11,9	67,0	1,96	1,27	0,69	0,35	23	25	08:27:44	152
11:08	0	150	29,0	2346	2192	0,93	26	2074	54,1	11,7	67,7	2,30	1,48	0,82	0,35	23	25	08:27:48	152
11:10	0	150	28,4	2298	2158	0,94	26	2055	53,4	11,4	68,1	2,31	1,49	0,82	0,36	23	25	08:27:50	150
11:12	0	150	28,9	2342	2186	0,93	26	2058	54,0	11,7	67,7	2,29	1,48	0,81	0,35	23	25	08:27:52	150
11:15	0	150	28,8	2334	2188	0,94	24	2216	53,3	11,6	68,2	2,50	1,62	0,87	0,35	23	24	08:27:55	150
11:18	0	150	28,2	2287	2157	0,94	23	2319	52,2	11,4	68,8	2,67	1,72	0,95	0,36	23	24	08:27:58	150
11:21	0	150	28,2	2287	2157	0,94	23	2319	52,2	11,4	68,8	2,67	1,72	0,95	0,36	23	24	08:28:01	151
11:23	0	150	28,7	2322	2188	0,94	22	2392	52,8	11,6	68,5	2,72	1,75	0,97	0,36	23	24	08:28:03	152
11:24	0	150	29,2	2367	2199	0,93	25	2147	53,5	11,8	68,0	2,41	1,56	0,85	0,35	23	24	08:28:04	152
11:27	0	150	30,2	2448	2262	0,92	27	2072	55,5	12,2	66,8	2,24	1,46	0,78	0,35	23	25	08:28:07	152
11:28	0	150	30,1	2442	2263	0,93	27	2081	55,8	12,1	66,7	2,24	1,46	0,78	0,35	23	25	08:28:08	152
11:30	0	150	30,5	2470	2275	0,92	29	1940	57,1	12,3	65,9	2,04	1,32	0,72	0,35	23	25	08:28:10	152
11:32	0	150	30,5	2471	2281	0,92	30	1912	57,4	12,3	65,7	2,00	1,29	0,71	0,35	23	25	08:28:12	152
11:34	0	150	30,3	2456	2268	0,92	32	1834	58,0	12,2	65,3	1,90	1,23	0,67	0,35	24	26	08:28:14	154
11:36	0	150	30,3	2456	2269	0,92	32	1834	58,0	12,2	65,3	1,90	1,23	0,67	0,35	24	26	08:28:16	153
11:37	0	150	31,2	2525	2315	0,92	32	1827	59,1	12,5	64,7	1,85	1,21	0,64	0,35	23	26	08:28:17	153
11:39	0	150	30,8	2498	2308	0,92	33	1830	60,0	12,4	64,1	1,83	1,20	0,63	0,34	24	26	08:28:19	153
11:42	0	150	30,9	2499	2308	0,92	33	1830	60,0	12,4	64,1	1,83	1,20	0,63	0,34	24	26	08:28:22	153
11:44	0	150	30,1	2438	2313	0,95	30	2024	60,1	12,2	64,1	2,02	1,30	0,73	0,36	25	26	08:28:24	153
11:45	0	150	30,1	2436	2323	0,95	30	2025	60,1	12,2	64,1	2,02	1,30	0,72	0,36	25	26	08:28:25	153
11:47	0	150	29,9	2426	2318	0,96	30	1986	60,4	12,1	63,9	1,97	1,26	0,71	0,36	25	26	08:28:27	153
11:49	0	150	28,9	2339	2264	0,97	29	2004	58,9	11,7	64,8	2,04	1,31	0,73	0,36	25	26	08:28:29	152
11:53	0	150	28,4	2301	2224	0,97	30	1902	57,3	11,5	65,7	1,99	1,30	0,70	0,35	25	26	08:28:33	151
11:56	0	150	28,4	2300	2224	0,97	30	1902	57,3	11,5	65,7	1,99	1,30	0,70	0,35	25	26	08:28:36	150
11:58	0	150	29,6	2398	2236	0,93	30	1884	56,0	11,9	66,5	2,02	1,33	0,69	0,34	23	25	08:28:38	149
12:00	0	150	30,7	2487	2288	0,92	29	1985	57,0	12,3	65,9	2,09	1,36	0,72	0,35	23	25	08:28:40	149
12:02	0	150	31,0	2513	2296	0,91	29	2005	57,4	12,5	65,7	2,10	1,37	0,73	0,35	23	25	08:28:42	151
12:04	0	150	30,8	2494	2274	0,91	28	2019	56,9	12,4	66,0	2,13	1,39	0,74	0,35	23	25	08:28:44	151
12:05	0	150	31,1	2521	2289	0,91	28	2014	57,3	12,5	65,7	2,11	1,37	0,74	0,35	23	25	08:28:45	152
12:07	0	150	31,8	2576	2344	0,91	29	2056	58,6	12,8	64,9	2,10	1,37	0,74	0,35	23	25	08:28:47	151
12:09	0	150	31,2	2524	2314	0,92	32	1866	59,7	12,5	64,3	1,88	1,22	0,65	0,35	24	26	08:28:49	153
12:11	0	150	30,3	2457	2284	0,93	33	1814	59,2	12,2	64,6	1,84	1,21	0,63	0,34	24	26	08:28:51	153
12:13	0	150	29,9	2422	2250	0,93	33	1789	58,2	12,0	65,2	1,85	1,22	0,63	0,34	24	26	08:28:53	154
12:16	0	150	29,2	2367	2204	0,93	32	1773	57,1	11,8	65,9	1,86	1,22	0,64	0,34	24	26	08:28:56	153
12:18	0	150	29,7	2409	2244	0,93	32	1794	57,6	12,0	65,6	1,87	1,23	0,64	0,34	24	26	08:28:58	153
12:20	0	150	29,7	2404	2242	0,93	32	1773	57,3	12,0	65,7	1,86	1,22	0,64	0,34	24	26	08:29:00	153
12:22	0	150	29,3	2375	2211	0,93	33	1743	57,1	11,8	65,8	1,83	1,19	0,64	0,35	24	26	08:29:02	153
12:23	0	150	29,4	2380	2212	0,93	33	1751	57,0	11,8	65,9	1,84	1,22	0,62	0,34	24	26	08:29:03	152
12:25	0	150	29,5	2391	2208	0,92	33	1741	57,0	11,9	65,9	1,83	1,19	0,64	0,35	24	26	08:29:05	151
12:27	0	150	29,7	2406	2220	0,92	33	1744	56,9	11,9	66,0	1,84	1,20	0,64	0,35	24	26	08:29:07	151
12:29	0	150	29,8	2412	2225	0,92	32	1767	56,8	12,0	66,1	1,87	1,23	0,64	0,34	24	26	08:29:09	151
12:31	0	150	29,4	2383	2194	0,92	33	1737	56,6	11,8	66,2	1,84	1,20	0,64	0,35	24	26	08:29:11	150
12:33	0	150	29,4	2381	2184	0,92	32	1741	56,3	11,8	66,3	1,85	1,21	0,64	0,35	24	26	08:29:13	153
12:35	0	150	29,1	2353	2164	0,92	32	1759	55,4	11,7	66,9	1,90	1,24	0,66	0,35	24	26	08:29:15	153
12:37	0	150	29,5	2393	2193	0,92	31	1804	55,5	11,9	66,8	1,95	1,27	0,68	0,35	23	25	08:29:17	153
12:40	0	150	29,1	2361	2203	0,93	27	2054	55,5	11,7	66,8	2,22	1,45	0,77	0,35	23	25	08:29:20	154
12:43	0	150	28,4	2299	2146	0,93	27	1996	54,4	11,4	67,5	2,20	1,45	0,75	0,34	24	25	08:29:23	154
12:46	0	150	28,1	2277	2132	0,94	25	2136	53,7	11,3	67,9	2,39	1,54	0,85	0,36	24	25	08:29:26	154
12:48	0	150	28,8	2333	2175	0,93	25	2184	54,5	11,6	67,4	2,41	1,55	0,85	0,35	23	25	08:29:28	154
12:50	0	150	29,1	2356	2196	0,93	25	2231	54,9	11,7	67,2	2,44	1,58	0,86	0,35	23	25	08:29:30	154
12:52	0	150	29,5	2389	2234	0,93	25	2263	55,9	11,9	66,6	2,43	1,57	0,86	0,35	23	25	08:29:32	154
12:55	0	150	29,4	2385	2235	0,94	25	2242	56,4	11,9	66,3	2,38	1,54	0,84	0,35	24	25	08:29:35	154
12:57	0	150	29,5	2392	2216	0,93	28	2013	56,2	11,9	66,4	2,15	1,39	0,76	0,35	23	25	08:29:37	154
12:59	0	150	30,2	2446	2261	0,92	31	1882	57,7	12,1	65,5	1,96	1,30	0,66	0,34	24	25	08:29:39	155
13:00	0	150	30,8	2498	2292	0,92	32	1853	58,5	12,4	65,0	1,90	1,26	0,64	0,34	23	26	08:29:40	154
13:02	0	150	31,0	2507	2301	0,92	32	1843	58,5	12,4	65,0	1,89	1,27	0,62	0,33	23	25	08:29:42	155
13:05	0	150	30,2	2446	2271	0,93	29	2002	57,9	12,2	65,4	2,07	1,35	0,73	0,35	24	26	08:29:45	155
13:07	0	150	29,9	2422	2254	0,93	29	1996	57,6	12,0	65,6	2,08	1,35	0,73	0,35	24	26	08:29:47	155
13:09	0	150	29,5	2390	2222	0,93	29	1961	56,7	11,9	66,1	2,07	1,34	0,73	0,35	24	26	08:29:49	154
13:11	0	150	29,8	2417	2231	0,92	29	1926	56,8	12,0	66,1	2,04	1,31	0,72	0,35	23	25	08:29:51	153
13:14	0	150	29,9	2421	2253	0,93	26	2156	56,8	12,0	66,0	2,28	1,45	0,83	0,36	23	25	08:29:54	155
13:16	0	150	29,6	2398	2226	0,93	26	2135	56,3	11,9	66,3	2,27	1,42	0,85	0,38	23	25	08:29:56	155
13:18	0	150	29,3	2370	2176	0,92	29	1909	55,4	11,8	66,9	2,07	1,30	0,77	0,37	23	25	08:29:58	155
13:21	0	150	29,4	2381	2159	0,91	32	1726	54,6	11,8	67,4	1,90	1,23	0,67	0,35	23	25	08:30:01	155
13:23	0	150	29,7	2407	2174	0,90	30	1784	54,3	11,9	67,5	1,97	1,27	0,70	0,36	23	25	08:30:03	155
13:25	0	150	30,0	2429	2232	0,92	27	2075	55,3	12,0	67,0	2,25	1,43	0,82	0,37	23	25	08:30:05	155
13:29	0	150	29,0	2349	2180	0,93	24	2233	53,5	11,7	68,0	2,50	1,58	0,92	0,37	23	25	08:30:09	155
13:32	0	150	29,0	2352	2151	0,91	26	2048	53,0	11,7	68,3	2,32	1,47	0,85	0,37	23	25	08:30:12	155
13:35	0	150	29,5	2388	2190	0,92	24	2269	53,8	11,8	67,8	2,53	1,60	0,93	0,37	23	25	08:30:15	156
13:37	0	150	29,2	2368	2169	0,92	23	2274	52,9	11,7	68,4	2,58	1,69	0,89	0,35	22	24	08:30:17	156
13:39	0	150	31,1	2516	2256	0,90	24	2299	54,5	12,4	67,4	2,53	1,66	0,87	0,34	22	24	08:30:19	156
13:41	0	150	31,7	2570	2287	0,89	25	2226	55,5	12,7	66,8	2,41	1,59	0,81	0,34	22	24	08:30:21	156
13:42	0	150	32,2	2609	2321	0,89	26	2195	56,6	12,9	66,2	2,33	1,56	0,77	0,33	22	24	08:30:22	157
13:44	0	150	33,1	2682	2382	0,89	27	2161	59,0	13,2	64,7	2,20	1,43	0,77	0,35	22	25	08:30:24	156
13:46	0	150	32,8	2654	2388	0,90	31	1980	60,7	13,1	63,7	1,96	1,28	0,67	0,34	23	25	08:30:26	156
13:47	0	150	32,9	2665	2392	0,90	36	1723	61,6	13,2	63,2	1,68	1,11	0,56	0,34	23	26	08:30:27	153
13:49	0	150	33,0	2670	2399	0,90	36	1732	61,9	13,2	63,0	1,68	1,12	0,56	0,33	23	26	08:30:29	154
13:50	0	150	32,7	2649	2414	0,91	36	1744	63,0	13,1	62,4	1,66	1,10	0,56	0,34	24	26	08:30:30	154
13:52	0	150	32,3	2614	2387	0,91	37	1697	62,5	12,9	62,7	1,63	1,07	0,56	0,34	24	26	08:30:32	155
13:54	0	150	32,0	2595	2367	0,91	37	1687	62,3	12,8	62,7	1,62	1,07	0,55	0,34	24	26	08:30:34	155
13:55	0	225	32,0	2592	2370	0,91	37	1675	62,5	12,8	62,7	1,61	1,05	0,56	0,35	24	26	08:30:35	155
13:57	0	225	32,0	2590	2372	0,92	38	1672	62,8	12,8	62,5	1,60	1,04	0,55	0,35	24	26	08:30:37	155
13:58	0	225	32,0	2595	2381	0,92	38	1671	63,3	12,9	62,2	1,58	1,03	0,56	0,35	24	27	08:30:38	155
14:00	0	225	32,0	2596	2386	0,92	38	1676	63,5	12,9	62,1	1,58	1,02	0,56	0,35	24	27	08:30:40	156
14:02	0	225	32,0	2596	2386	0,92	38	1676	63,5	12,9	62,1	1,58	1,02	0,56	0,35	24	27	08:30:42	156
14:03	0	225	32,0	2594	2397	0,92	37	1710	64,0	12,9	61,7	1,60	1,02	0,58	0,36	25	27	08:30:43	157
14:05	0	225	31,9	2582	2401	0,93	36	1761	63,9	12,8	61,8	1,65	1,05	0,60	0,37	25	27	08:30:45	157
14:07	0	225	31,9	2582	2401	0,93	36	1761	63,9	12,8	61,8	1,65	1,05	0,60	0,37	25	27	08:30:47	157
14:09	0	225	32,0	2594	2420	0,93	35	1814	64,1	12,9	61,7	1,70	1,08	0,62	0,36	25	26	08:30:49	160
14:11	0	225	31,9	2582	2422	0,94	34	1876	63,7	12,9	61,9	1,77	1,11	0,66	0,37	25	26	08:30:51	160
14:12	0	225	32,1	2599	2437	0,94	34	1888	63,8	12,9	61,9	1,78	1,12	0,65	0,37	25	26	08:30:52	163
14:14	0	225	32,1	2599	2437	0,94	34	1888	63,8	12,9	61,9	1,78	1,12	0,65	0,37	25	26	08:30:54	163
14:16	0	225	31,5	2552	2401	0,94	33	1880	62,8	12,7	62,5	1,80	1,15	0,65	0,36	25	26	08:30:56	164
14:18	0	225	32,0	2591	2438	0,94	34	1873	63,1	12,9	62,3	1,78	1,14	0,64	0,36	24	26	08:30:58	166
14:20	0	225	32,7	2650	2476	0,93	35	1844	63,7	13,2	61,9	1,74	1,13	0,61	0,35	24	26	08:31:00	165
14:22	0	225	32,6	2644	2467	0,93	34	1846	63,4	13,2	62,1	1,75	1,11	0,63	0,36	24	26	08:31:02	165
14:24	0	225	33,5	2710	2523	0,93	34	1881	64,4	13,5	61,5	1,75	1,11	0,65	0,37	24	26	08:31:04	164
14:26	0	225	33,3	2698	2554	0,95	30	2129	64,7	13,5	61,3	1,97	1,23	0,75	0,38	24	25	08:31:06	165
14:28	0	225	32,1	2600	2488	0,96	28	2261	63,4	13,0	62,1	2,14	1,30	0,84	0,39	24	25	08:31:08	166
14:30	0	225	33,1	2678	2529	0,94	30	2129	64,1	13,4	61,7	1,99	1,24	0,75	0,38	24	25	08:31:10	166
14:32	0	225	33,2	2689	2529	0,94	30	2117	64,2	13,4	61,7	1,98	1,24	0,74	0,37	24	25	08:31:12	165
14:33	0	225	33,2	2688	2522	0,94	30	2122	64,2	13,4	61,6	1,98	1,23	0,75	0,38	24	25	08:31:13	166
SV1																			
14:35	0	225	33,8	2741	2557	0,93	31	2111	64,7	13,6	61,3	1,96	1,22	0,73	0,38	24	25	08:31:15	166
14:38	0	225	33,2	2687	2530	0,94	28	2288	63,7	13,4	61,9	2,16	1,33	0,82	0,38	24	25	08:31:18	166
14:40	0	225	33,5	2710	2512	0,93	30	2099	62,9	13,5	62,4	2,00	1,25	0,75	0,38	23	25	08:31:20	167
14:42	0	225	34,8	2822	2574	0,91	33	1932	64,2	14,0	61,6	1,81	1,14	0,66	0,37	23	25	08:31:22	167
14:45	0	225	34,8	2818	2619	0,93	30	2144	64,7	14,0	61,4	1,99	1,26	0,73	0,37	23	25	08:31:25	170
14:47	0	225	33,5	2716	2565	0,94	27	2338	63,1	13,5	62,3	2,22	1,39	0,84	0,38	23	25	08:31:27	170
14:49	0	225	33,7	2733	2578	0,94	27	2349	63,0	13,6	62,3	2,24	1,41	0,82	0,37	23	24	08:31:29	171
14:51	0	225	33,7	2732	2577	0,94	27	2349	63,0	13,6	62,3	2,24	1,41	0,82	0,37	23	24	08:31:31	171
14:54	0	225	34,6	2804	2646	0,94	27	2377	64,6	14,0	61,4	2,21	1,40	0,81	0,37	23	24	08:31:34	171
14:56	0	225	34,4	2790	2640	0,95	27	2401	64,1	13,9	61,7	2,25	1,42	0,82	0,37	23	24	08:31:36	171
14:58	0	225	34,6	2799	2648	0,95	27	2390	64,3	14,0	61,6	2,23	1,43	0,80	0,36	23	24	08:31:38	171
15:00	0	225	33,7	2730	2561	0,94	27	2270	61,6	13,6	63,2	2,21	1,39	0,82	0,37	23	24	08:31:40	171
15:02	0	225	35,6	2884	2691	0,93	29	2218	65,2	14,4	61,0	2,04	1,31	0,73	0,36	23	24	08:31:42	171
15:05	0	225	35,8	2903	2734	0,94	27	2382	65,5	14,5	60,8	2,18	1,39	0,79	0,36	23	24	08:31:45	171
15:07	0	225	35,3	2863	2702	0,94	27	2393	65,0	14,3	61,2	2,21	1,42	0,79	0,36	23	24	08:31:47	172
15:09	0	225	36,7	2973	2764	0,93	28	2298	65,4	14,8	60,9	2,11	1,36	0,74	0,35	22	24	08:31:49	172
15:11	0	225	38,3	3102	2901	0,94	28	2470	69,2	15,4	58,6	2,14	1,37	0,77	0,36	22	24	08:31:51	173
15:12	0	225	38,3	3103	2924	0,94	28	2495	70,2	15,5	58,0	2,13	1,36	0,77	0,36	23	24	08:31:52	174
15:14	0	225	38,7	3137	2973	0,95	29	2501	71,8	15,7	57,1	2,09	1,31	0,78	0,37	23	24	08:31:54	173
15:16	0	225	37,7	3055	2938	0,96	30	2439	72,0	15,3	56,9	2,03	1,28	0,75	0,37	24	25	08:31:56	173
15:18	0	225	38,0	3079	2972	0,97	32	2328	74,0	15,4	55,8	1,89	1,18	0,71	0,38	24	25	08:31:58	173
15:20	0	225	38,4	3111	3002	0,97	32	2336	74,4	15,6	55,5	1,88	1,18	0,70	0,37	24	25	08:32:00	173
15:22	0	225	37,2	3010	2918	0,97	33	2178	72,6	15,1	56,6	1,80	1,15	0,65	0,36	24	25	08:32:02	173
15:24	0	225	36,6	2966	2900	0,98	31	2292	71,4	14,9	57,3	1,93	1,22	0,71	0,37	24	25	08:32:04	173
15:27	0	225	36,6	2966	2917	0,98	29	2457	71,1	14,9	57,5	2,07	1,28	0,79	0,38	24	24	08:32:07	174
15:28	0	225	36,6	2966	2917	0,98	29	2457	71,1	14,9	57,5	2,07	1,28	0,79	0,38	24	24	08:32:08	175
15:30	0	225	37,3	3018	2956	0,98	30	2430	72,0	15,2	56,9	2,02	1,25	0,77	0,38	24	24	08:32:10	175
15:32	0	225	37,4	3026	2965	0,98	30	2418	72,3	15,2	56,8	2,01	1,25	0,76	0,38	24	24	08:32:12	175
15:34	0	225	37,3	3018	2989	0,99	28	2602	72,9	15,2	56,4	2,14	1,31	0,84	0,39	24	24	08:32:14	174
15:37	0	225	37,0	2996	2969	0,99	28	2566	72,3	15,1	56,8	2,13	1,29	0,84	0,39	24	24	08:32:17	175
15:39	0	225	37,2	3014	2995	0,99	27	2636	72,5	15,2	56,7	2,18	1,34	0,84	0,38	24	24	08:32:19	176
15:42	0	225	36,5	2960	2965	1,00	27	2677	71,3	14,9	57,4	2,25	1,38	0,87	0,39	24	24	08:32:22	176
15:44	0	225	35,7	2894	2920	1,01	25	2771	69,7	14,6	58,3	2,38	1,45	0,94	0,39	24	24	08:32:24	176
15:46	0	225	35,7	2894	2920	1,01	25	2771	69,7	14,6	58,3	2,38	1,45	0,94	0,39	24	24	08:32:26	176
15:48	0	225	36,0	2914	2934	1,01	25	2778	69,7	14,7	58,3	2,39	1,46	0,93	0,39	24	24	08:32:28	176
15:50	0	225	36,6	2966	2972	1,00	26	2729	71,0	15,0	57,6	2,31	1,40	0,90	0,39	24	24	08:32:30	176
15:51	0	225	37,3	3021	3016	1,00	28	2623	72,8	15,2	56,5	2,16	1,34	0,82	0,38	24	24	08:32:31	175
15:53	0	225	38,1	3088	3061	0,99	30	2482	74,9	15,6	55,2	1,99	1,24	0,75	0,38	24	24	08:32:33	175
15:55	0	225	38,5	3121	3096	0,99	31	2445	76,6	15,7	54,2	1,91	1,20	0,71	0,37	25	25	08:32:35	175
15:57	0	225	39,5	3197	3134	0,98	34	2284	78,0	16,1	53,4	1,76	1,11	0,65	0,37	24	25	08:32:37	175
15:59	0	225	39,4	3195	3147	0,98	35	2260	78,8	16,1	52,9	1,72	1,08	0,64	0,37	25	25	08:32:39	175
16:01	0	225	38,4	3113	3070	0,99	35	2177	77,0	15,7	54,0	1,70	1,07	0,63	0,37	25	25	08:32:41	176
16:02	0	225	38,4	3113	3070	0,99	35	2177	77,0	15,7	54,0	1,70	1,07	0,63	0,37	25	25	08:32:42	176
16:05	0	225	37,7	3057	3049	1,00	32	2362	75,9	15,4	54,6	1,87	1,15	0,72	0,38	25	25	08:32:45	176
16:06	0	225	37,3	3023	3007	0,99	33	2280	74,9	15,2	55,2	1,83	1,12	0,70	0,39	25	25	08:32:46	176
16:08	0	225	38,1	3082	3014	0,98	36	2066	75,2	15,5	55,0	1,65	1,02	0,62	0,38	24	25	08:32:48	176
16:10	0	225	37,9	3070	2995	0,98	37	2037	74,5	15,4	55,4	1,64	1,02	0,62	0,38	24	25	08:32:50	177
16:11	0	225	37,7	3055	2969	0,97	36	2023	73,8	15,3	55,9	1,64	1,01	0,63	0,38	24	25	08:32:51	177
16:13	0	225	38,2	3093	2969	0,96	39	1899	73,6	15,5	56,0	1,55	0,97	0,58	0,37	24	25	08:32:53	177
16:15	0	225	37,9	3066	2989	0,97	36	2052	73,7	15,4	55,9	1,67	1,04	0,63	0,37	24	25	08:32:55	177
16:17	0	225	38,1	3085	3033	0,98	34	2171	74,6	15,5	55,4	1,75	1,08	0,66	0,38	24	25	08:32:57	177
16:18	0	225	38,2	3096	3056	0,99	34	2200	75,1	15,6	55,1	1,76	1,10	0,66	0,37	24	25	08:32:58	177
16:20	0	225	38,4	3109	3065	0,99	34	2204	75,5	15,7	54,9	1,75	1,09	0,66	0,38	24	25	08:33:00	179
16:22	0	225	38,7	3138	3104	0,99	34	2227	75,9	15,8	54,6	1,76	1,09	0,67	0,38	24	24	08:33:02	180
16:24	0	225	38,9	3155	3132	0,99	34	2236	76,3	15,9	54,4	1,76	1,11	0,65	0,37	24	24	08:33:04	180
16:27	0	225	38,7	3134	3144	1,00	32	2415	76,6	15,8	54,2	1,89	1,18	0,71	0,38	24	24	08:33:07	180
16:29	0	225	39,4	3194	3176	0,99	34	2279	77,5	16,1	53,7	1,76	1,11	0,66	0,37	24	24	08:33:09	180
16:31	0	225	40,1	3244	3207	0,99	34	2326	78,4	16,3	53,1	1,78	1,12	0,66	0,37	24	24	08:33:11	180
16:33	0	225	41,3	3342	3273	0,98	32	2446	78,8	16,8	52,9	1,86	1,16	0,71	0,38	24	24	08:33:13	180
16:35	0	225	41,4	3350	3258	0,97	33	2403	79,2	16,8	52,7	1,82	1,14	0,68	0,38	24	24	08:33:15	180
16:36	0	225	41,5	3360	3266	0,97	33	2415	79,6	16,9	52,4	1,82	1,14	0,68	0,37	24	24	08:33:16	179
16:38	0	225	41,1	3331	3254	0,98	32	2481	79,1	16,7	52,7	1,88	1,17	0,72	0,38	24	24	08:33:18	179
16:40	0	225	41,7	3378	3288	0,97	33	2454	80,7	17,0	51,8	1,82	1,14	0,69	0,38	24	25	08:33:20	179
16:42	0	225	40,2	3254	3243	1,00	33	2504	81,5	16,4	51,3	1,84	1,15	0,70	0,38	25	25	08:33:22	179
16:43	0	225	39,9	3233	3247	1,00	34	2429	81,8	16,3	51,1	1,78	1,12	0,66	0,37	25	25	08:33:23	179
16:45	0	225	39,9	3234	3247	1,00	34	2429	81,8	16,3	51,1	1,78	1,12	0,66	0,37	25	25	08:33:25	179
16:47	0	225	39,8	3223	3242	1,01	35	2336	82,1	16,3	51,0	1,71	1,08	0,63	0,37	25	25	08:33:27	179
16:49	0	225	39,2	3173	3211	1,01	34	2382	80,6	16,0	51,9	1,77	1,10	0,67	0,38	25	25	08:33:29	181
16:50	0	225	39,3	3180	3213	1,01	35	2337	80,9	16,1	51,7	1,73	1,09	0,65	0,37	25	25	08:33:30	181
16:52	0	225	39,0	3158	3188	1,01	34	2313	79,8	15,9	52,3	1,74	1,09	0,65	0,37	25	25	08:33:32	181
16:55	0	225	38,5	3120	3154	1,01	34	2298	78,5	15,8	53,1	1,76	1,11	0,64	0,37	25	25	08:33:35	181
16:57	0	225	37,8	3062	3113	1,02	31	2469	76,8	15,5	54,1	1,93	1,21	0,72	0,37	25	25	08:33:37	181
16:59	0	225	37,5	3038	3092	1,02	30	2510	75,9	15,3	54,6	1,98	1,24	0,75	0,38	25	25	08:33:39	181
17:00	0	225	37,8	3060	3100	1,01	30	2495	75,7	15,5	54,8	1,98	1,24	0,74	0,37	25	24	08:33:40	181
17:02	0	225	38,8	3146	3133	1,00	32	2380	76,6	15,9	54,2	1,86	1,17	0,69	0,37	24	24	08:33:42	182
17:03	0	225	39,0	3160	3140	0,99	32	2414	77,4	15,9	53,7	1,87	1,18	0,69	0,37	24	25	08:33:43	180
17:05	0	225	38,3	3106	3102	1,00	31	2476	76,7	15,7	54,1	1,94	1,22	0,72	0,37	25	25	08:33:45	180
17:07	0	225	39,2	3173	3132	0,99	34	2308	78,0	16,0	53,4	1,78	1,12	0,65	0,37	25	25	08:33:47	179
17:09	0	225	39,5	3200	3169	0,99	33	2391	78,7	16,1	53,0	1,82	1,14	0,68	0,37	25	25	08:33:49	180
17:11	0	225	39,2	3172	3152	0,99	33	2411	79,0	16,0	52,8	1,83	1,14	0,69	0,38	25	25	08:33:51	180
17:14	0	225	38,8	3143	3151	1,00	31	2535	78,1	15,9	53,3	1,95	1,19	0,76	0,39	25	25	08:33:54	180
17:15	0	225	38,4	3113	3125	1,00	30	2533	76,8	15,7	54,1	1,98	1,21	0,77	0,39	25	25	08:33:55	180
17:18	0	225	37,7	3058	3082	1,01	28	2660	75,3	15,4	55,0	2,12	1,31	0,81	0,38	25	24	08:33:58	181
17:20	0	225	37,5	3041	3069	1,01	28	2664	74,1	15,4	55,7	2,16	1,35	0,81	0,38	24	24	08:34:00	181
17:22	0	225	37,5	3041	3069	1,01	28	2664	74,1	15,4	55,7	2,16	1,35	0,81	0,38	24	24	08:34:02	181
17:24	0	225	37,8	3063	3062	1,00	29	2540	73,6	15,5	56,0	2,07	1,31	0,76	0,37	24	24	08:34:04	181
17:26	0	225	38,9	3149	3138	1,00	29	2645	75,4	15,9	54,9	2,10	1,31	0,80	0,38	24	24	08:34:06	180
17:28	0	225	38,6	3130	3105	0,99	29	2559	75,3	15,8	55,0	2,04	1,29	0,75	0,37	24	24	08:34:08	180
17:30	0	225	38,8	3144	3123	0,99	29	2638	76,0	15,9	54,6	2,08	1,30	0,78	0,37	24	24	08:34:10	179
17:31	0	225	39,6	3205	3154	0,98	31	2486	77,5	16,1	53,7	1,92	1,20	0,73	0,38	24	25	08:34:11	180
17:33	0	225	40,0	3244	3183	0,98	32	2463	78,0	16,3	53,4	1,89	1,18	0,71	0,38	24	25	08:34:13	179
17:35	0	225	39,4	3194	3144	0,98	32	2428	78,3	16,1	53,2	1,86	1,14	0,72	0,39	25	25	08:34:15	179
17:37	0	225	39,3	3181	3141	0,99	33	2399	78,8	16,0	52,9	1,83	1,12	0,71	0,39	25	25	08:34:17	179
17:38	0	225	38,8	3143	3112	0,99	32	2422	78,2	15,8	53,2	1,86	1,14	0,72	0,39	25	25	08:34:18	179
17:41	0	225	37,2	3016	2961	0,98	33	2242	74,8	15,2	55,3	1,80	1,12	0,68	0,38	25	25	08:34:21	180
17:43	0	225	35,6	2887	2746	0,95	32	2079	66,6	14,4	60,2	1,87	1,19	0,68	0,36	23	24	08:34:23	180
17:45	0	225	36,2	2929	2783	0,95	32	2075	67,4	14,6	59,7	1,85	1,19	0,66	0,36	23	24	08:34:25	180
17:46	0	225	37,5	3041	2865	0,94	31	2223	68,3	15,2	59,2	1,95	1,23	0,72	0,37	22	24	08:34:26	180
17:48	0	225	38,3	3103	2876	0,93	32	2122	68,8	15,4	58,9	1,85	1,21	0,64	0,35	22	24	08:34:28	180
17:50	0	225	38,2	3097	2895	0,93	31	2286	70,4	15,4	57,9	1,95	1,24	0,70	0,36	23	24	08:34:30	180
17:52	0	225	39,8	3224	3050	0,95	31	2419	74,1	16,1	55,7	1,96	1,24	0,72	0,37	23	24	08:34:32	180
17:54	0	225	40,6	3286	3207	0,98	31	2587	80,6	16,5	51,8	1,93	1,21	0,72	0,37	25	25	08:34:34	179
17:56	0	225	41,3	3344	3256	0,97	31	2610	81,2	16,8	51,5	1,93	1,20	0,73	0,38	24	25	08:34:36	178
17:58	0	225	39,4	3192	3154	0,99	31	2539	79,4	16,1	52,6	1,92	1,22	0,70	0,36	25	25	08:34:38	177
18:00	0	225	38,9	3149	3132	0,99	30	2606	77,8	15,9	53,5	2,01	1,28	0,73	0,37	25	25	08:34:40	177
18:03	0	225	38,8	3141	3123	0,99	29	2614	76,5	15,8	54,3	2,05	1,32	0,73	0,36	24	24	08:34:43	177
18:05	0	225	38,7	3133	3106	0,99	28	2660	75,6	15,8	54,8	2,11	1,35	0,76	0,36	24	24	08:34:45	177
18:07	0	225	38,7	3132	3106	0,99	28	2660	75,6	15,8	54,8	2,11	1,35	0,76	0,36	24	24	08:34:47	178
18:08	0	225	38,7	3132	3106	0,99	28	2660	75,6	15,8	54,8	2,11	1,35	0,76	0,36	24	24	08:34:48	179
18:10	0	225	39,2	3179	3126	0,98	30	2576	76,5	16,0	54,3	2,02	1,29	0,73	0,36	24	24	08:34:50	179
18:12	0	225	39,5	3196	3153	0,99	29	2655	77,5	16,1	53,7	2,06	1,28	0,77	0,38	24	25	08:34:52	179
18:14	0	225	39,7	3219	3165	0,98	30	2561	78,1	16,2	53,3	1,97	1,22	0,75	0,38	24	25	08:34:54	179
18:16	0	225	39,8	3223	3175	0,99	31	2561	78,1	16,2	53,3	1,97	1,20	0,76	0,39	24	25	08:34:56	179
18:17	0	225	40,5	3280	3223	0,98	32	2515	79,6	16,5	52,4	1,90	1,16	0,73	0,39	24	25	08:34:57	179
18:19	0	225	40,7	3296	3234	0,98	33	2465	81,0	16,6	51,6	1,83	1,13	0,70	0,38	25	25	08:34:59	179
18:20	0	225	41,5	3358	3263	0,97	36	2321	82,6	16,9	50,6	1,69	1,06	0,62	0,37	25	25	08:35:00	179
18:22	0	225	41,5	3360	3260	0,97	38	2216	83,5	16,9	50,1	1,59	1,01	0,58	0,36	25	26	08:35:02	179
18:24	0	225	40,8	3303	3245	0,98	36	2330	83,5	16,6	50,1	1,67	1,05	0,62	0,37	25	26	08:35:04	179
18:26	0	225	40,5	3283	3237	0,99	36	2338	84,0	16,5	49,8	1,67	1,05	0,62	0,37	26	26	08:35:06	179
18:27	0	225	41,3	3342	3257	0,97	38	2206	84,6	16,8	49,4	1,56	1,00	0,57	0,36	25	26	08:35:07	179
18:29	0	225	41,3	3342	3257	0,97	38	2206	84,6	16,8	49,4	1,56	1,00	0,57	0,36	25	26	08:35:09	180
18:30	0	225	41,5	3362	3280	0,98	39	2203	85,3	16,9	49,0	1,55	0,98	0,57	0,37	25	26	08:35:10	181
18:32	0	225	40,9	3315	3281	0,99	36	2345	85,5	16,7	48,9	1,65	1,01	0,63	0,39	26	26	08:35:12	182
18:34	0	225	41,0	3321	3276	0,99	38	2285	86,0	16,7	48,6	1,59	0,98	0,61	0,38	26	26	08:35:14	182
18:35	0	225	41,0	3322	3276	0,99	38	2285	86,0	16,7	48,6	1,59	0,98	0,61	0,38	26	26	08:35:15	182
18:37	0	225	41,1	3330	3282	0,99	38	2265	86,7	16,8	48,2	1,57	0,96	0,61	0,39	26	26	08:35:17	182
18:38	0	225	41,2	3339	3299	0,99	38	2272	87,4	16,8	47,8	1,56	0,96	0,60	0,39	26	26	08:35:18	182
18:40	0	225	40,5	3279	3256	0,99	38	2282	86,3	16,5	48,4	1,59	0,97	0,62	0,39	26	27	08:35:20	183
18:42	0	225	40,0	3236	3246	1,00	35	2434	85,8	16,3	48,7	1,70	1,02	0,68	0,40	27	26	08:35:22	183
18:43	0	225	40,4	3276	3245	0,99	38	2266	86,1	16,5	48,5	1,58	0,97	0,61	0,39	26	27	08:35:23	183
18:45	0	225	40,1	3249	3223	0,99	37	2310	85,0	16,4	49,2	1,63	0,99	0,64	0,39	26	26	08:35:25	183
18:47	0	225	40,5	3282	3265	0,99	35	2449	85,1	16,6	49,1	1,73	1,05	0,68	0,39	26	26	08:35:27	183
18:48	0	225	40,5	3278	3252	0,99	35	2449	84,6	16,5	49,4	1,74	1,05	0,68	0,39	26	26	08:35:28	183
18:50	0	225	40,4	3272	3237	0,99	35	2438	84,3	16,5	49,6	1,74	1,05	0,69	0,40	26	26	08:35:30	183
18:51	0	225	40,6	3288	3224	0,98	36	2345	83,8	16,5	49,9	1,68	1,03	0,65	0,39	26	26	08:35:31	183
18:53	0	225	41,3	3343	3262	0,98	37	2304	84,8	16,8	49,3	1,63	1,00	0,63	0,38	25	26	08:35:33	183
18:55	0	225	40,8	3304	3237	0,98	36	2319	84,2	16,6	49,6	1,65	1,02	0,63	0,38	25	26	08:35:35	183
18:56	0	225	41,2	3339	3268	0,98	37	2280	84,7	16,8	49,4	1,62	1,01	0,61	0,38	25	26	08:35:36	183
18:58	0	225	40,7	3293	3234	0,98	37	2260	84,6	16,6	49,4	1,60	0,99	0,61	0,38	26	26	08:35:38	183
19:00	0	225	40,7	3298	3251	0,99	37	2303	85,2	16,6	49,1	1,62	1,00	0,62	0,38	26	26	08:35:40	183
19:01	0	225	40,9	3316	3281	0,99	37	2346	85,8	16,7	48,7	1,64	1,01	0,63	0,39	26	26	08:35:41	183
19:03	0	225	41,4	3352	3287	0,98	39	2229	86,8	16,9	48,1	1,54	0,96	0,58	0,38	26	26	08:35:43	183
19:04	0	225	41,2	3337	3263	0,98	40	2186	87,0	16,8	48,0	1,51	0,94	0,56	0,37	26	27	08:35:44	184
19:05	0	225	40,9	3313	3270	0,99	38	2317	87,1	16,7	47,9	1,60	0,98	0,61	0,38	26	27	08:35:45	184
19:07	0	225	40,4	3276	3228	0,99	38	2260	86,7	16,5	48,2	1,56	0,96	0,60	0,39	26	27	08:35:47	184
19:08	0	225	41,5	3361	3255	0,97	42	2105	87,5	16,9	47,7	1,44	0,90	0,55	0,38	26	27	08:35:48	184
19:10	0	225	42,2	3415	3298	0,97	42	2099	88,4	17,1	47,1	1,42	0,88	0,54	0,38	26	27	08:35:50	184
19:12	0	225	41,5	3362	3283	0,98	40	2209	88,7	16,9	47,0	1,49	0,91	0,59	0,39	26	27	08:35:52	184
19:13	0	225	41,5	3359	3296	0,98	40	2235	88,6	16,9	47,1	1,51	0,94	0,57	0,38	26	27	08:35:53	184
19:15	0	225	41,4	3355	3298	0,98	39	2262	88,5	16,9	47,1	1,53	0,95	0,58	0,38	26	27	08:35:55	185
19:17	0	225	41,0	3320	3299	0,99	37	2421	88,7	16,7	47,0	1,64	1,00	0,64	0,39	27	27	08:35:57	185
19:18	0	225	42,2	3419	3352	0,98	39	2288	89,9	17,2	46,2	1,53	0,95	0,57	0,38	26	27	08:35:58	185
19:19	0	225	41,8	3385	3337	0,99	40	2268	90,1	17,0	46,1	1,51	0,95	0,56	0,37	27	27	08:35:59	185
19:21	0	225	41,5	3358	3316	0,99	39	2273	89,7	16,9	46,4	1,52	0,95	0,57	0,37	27	27	08:36:01	185
19:22	0	225	40,6	3288	3254	0,99	39	2247	87,9	16,6	47,5	1,53	0,97	0,57	0,37	27	27	08:36:02	185
19:24	0	225	40,1	3250	3223	0,99	37	2313	86,4	16,4	48,3	1,61	0,98	0,62	0,39	27	27	08:36:04	185
19:26	0	225	40,2	3256	3214	0,99	38	2272	85,7	16,4	48,8	1,59	0,98	0,61	0,38	26	27	08:36:06	184
19:27	0	225	40,9	3314	3225	0,97	40	2163	85,5	16,6	48,9	1,52	0,96	0,56	0,37	26	27	08:36:07	184
19:29	0	225	40,9	3313	3225	0,97	40	2163	85,5	16,6	48,9	1,52	0,96	0,56	0,37	26	27	08:36:09	184
19:30	0	225	40,0	3239	3172	0,98	38	2221	83,8	16,3	49,9	1,59	0,99	0,60	0,38	26	26	08:36:10	184
19:33	0	225	39,9	3234	3176	0,98	34	2407	81,7	16,3	51,2	1,77	1,09	0,67	0,38	25	26	08:36:13	184
19:35	0	225	39,5	3200	3122	0,98	32	2458	79,4	16,1	52,6	1,86	1,15	0,71	0,38	25	25	08:36:15	184
19:37	0	225	40,5	3284	3161	0,96	33	2402	79,5	16,4	52,5	1,81	1,13	0,68	0,38	24	25	08:36:17	184
19:39	0	225	39,9	3228	3122	0,97	31	2505	77,8	16,2	53,5	1,93	1,20	0,73	0,38	24	25	08:36:19	186
19:40	0	225	39,6	3211	3106	0,97	30	2578	76,8	16,1	54,1	2,01	1,26	0,75	0,37	24	25	08:36:20	185
19:42	0	225	39,3	3183	3084	0,97	30	2586	76,7	16,0	54,2	2,02	1,26	0,76	0,38	24	25	08:36:22	186
19:44	0	225	40,3	3262	3161	0,97	31	2583	79,2	16,4	52,7	1,96	1,23	0,73	0,37	24	25	08:36:24	185
19:46	0	225	40,9	3314	3182	0,96	33	2466	80,2	16,6	52,1	1,85	1,16	0,69	0,37	24	25	08:36:26	184
19:48	0	225	40,8	3308	3183	0,96	32	2503	80,6	16,6	51,8	1,86	1,16	0,71	0,38	24	25	08:36:28	182
19:50	0	225	39,8	3221	3127	0,97	31	2610	79,7	16,2	52,4	1,97	1,21	0,76	0,38	25	25	08:36:30	182
19:52	0	225	40,8	3305	3186	0,96	32	2557	81,0	16,6	51,6	1,89	1,20	0,69	0,37	25	25	08:36:32	182
19:53	0	225	41,3	3344	3219	0,96	33	2540	82,7	16,7	50,6	1,84	1,15	0,69	0,38	25	26	08:36:33	182
19:55	0	225	41,5	3361	3227	0,96	33	2500	83,1	16,8	50,3	1,80	1,14	0,66	0,37	25	26	08:36:35	182
19:56	0	225	41,9	3396	3251	0,96	35	2432	84,5	17,0	49,5	1,73	1,10	0,63	0,36	25	26	08:36:36	182
19:58	0	225	42,1	3410	3268	0,96	36	2407	85,6	17,1	48,8	1,69	1,07	0,62	0,37	25	26	08:36:38	182
19:59	0	225	42,5	3444	3316	0,96	37	2374	88,5	17,3	47,1	1,61	1,01	0,60	0,37	26	27	08:36:39	183
20:01	0	225	43,5	3523	3359	0,95	39	2261	89,1	17,6	46,7	1,52	0,98	0,54	0,36	25	27	08:36:41	183
20:02	0	225	42,7	3460	3343	0,97	39	2335	90,6	17,3	45,8	1,55	0,95	0,60	0,39	26	27	08:36:42	183
20:04	0	225	41,9	3394	3301	0,97	39	2296	89,7	17,0	46,4	1,54	0,95	0,59	0,38	26	27	08:36:44	183
20:06	0	225	40,3	3263	3194	0,98	36	2385	86,0	16,4	48,6	1,66	1,02	0,64	0,39	26	27	08:36:46	184
20:09	0	225	39,4	3190	3149	0,99	32	2547	82,6	16,1	50,6	1,85	1,12	0,73	0,40	26	26	08:36:49	184
20:11	0	225	39,1	3165	3123	0,99	30	2651	80,3	15,9	52,0	1,98	1,19	0,79	0,40	25	26	08:36:51	185
20:13	0	225	38,6	3126	3061	0,98	30	2539	77,4	15,7	53,7	1,97	1,21	0,76	0,39	25	25	08:36:53	186
20:15	0	225	38,6	3126	3061	0,98	30	2539	77,4	15,7	53,7	1,97	1,21	0,76	0,39	25	25	08:36:55	185
20:17	0	225	38,6	3124	3038	0,97	30	2571	76,4	15,7	54,4	2,02	1,26	0,76	0,38	24	25	08:36:57	186
20:19	0	225	39,5	3199	3090	0,97	30	2584	76,7	16,0	54,2	2,02	1,25	0,77	0,38	24	25	08:36:59	185
20:21	0	225	40,0	3241	3130	0,97	29	2673	77,6	16,2	53,6	2,07	1,28	0,78	0,38	24	25	08:37:01	184
20:23	0	225	40,8	3308	3175	0,96	30	2647	79,4	16,6	52,5	2,00	1,24	0,76	0,38	24	25	08:37:03	183
20:25	0	225	40,0	3236	3120	0,96	29	2670	78,1	16,2	53,3	2,05	1,28	0,77	0,38	24	25	08:37:05	183
SV2																			
20:27	0	225	41,0	3321	3186	0,96	31	2611	80,7	16,6	51,8	1,94	1,22	0,72	0,37	24	25	08:37:07	183
20:29	0	225	41,1	3329	3185	0,96	30	2656	80,8	16,7	51,7	1,97	1,26	0,71	0,36	24	25	08:37:09	183
20:31	0	225	41,6	3369	3215	0,95	30	2709	81,2	16,8	51,5	2,00	1,26	0,75	0,37	24	25	08:37:11	183
20:33	0	225	41,1	3331	3164	0,95	30	2633	79,6	16,6	52,4	1,99	1,27	0,71	0,36	24	25	08:37:13	182
20:35	0	225	42,6	3451	3235	0,94	31	2576	80,4	17,2	51,9	1,92	1,24	0,68	0,36	23	25	08:37:15	182
20:37	0	225	43,3	3505	3276	0,93	31	2604	81,4	17,4	51,4	1,92	1,23	0,69	0,36	23	25	08:37:17	182
20:38	0	225	43,1	3489	3271	0,94	32	2590	82,2	17,4	50,9	1,89	1,21	0,68	0,36	24	25	08:37:18	182
20:40	0	225	41,9	3393	3215	0,95	32	2609	82,5	16,9	50,7	1,90	1,20	0,70	0,37	24	26	08:37:20	182
20:42	0	225	42,5	3439	3256	0,95	34	2482	85,1	17,2	49,1	1,75	1,10	0,65	0,37	25	26	08:37:22	182
20:43	0	225	43,3	3506	3330	0,95	37	2409	88,8	17,5	46,9	1,63	1,03	0,59	0,36	25	27	08:37:23	183
20:45	0	225	44,2	3583	3418	0,95	38	2434	91,6	17,9	45,2	1,59	1,00	0,60	0,37	26	27	08:37:25	183
20:46	0	225	43,2	3498	3378	0,97	38	2392	91,8	17,5	45,2	1,56	0,98	0,58	0,37	26	27	08:37:26	183
20:48	0	225	42,5	3440	3342	0,97	37	2425	90,3	17,3	46,0	1,61	0,99	0,62	0,38	26	27	08:37:28	183
20:49	0	225	42,8	3467	3355	0,97	38	2358	90,6	17,4	45,9	1,56	0,98	0,58	0,37	26	27	08:37:29	183
20:51	0	225	42,9	3474	3382	0,97	39	2357	90,8	17,4	45,7	1,56	0,98	0,58	0,37	26	27	08:37:31	184
20:53	0	225	42,1	3407	3342	0,98	38	2390	89,6	17,1	46,4	1,60	0,99	0,61	0,38	26	27	08:37:33	184
20:55	0	225	41,0	3319	3284	0,99	35	2492	86,3	16,7	48,4	1,73	1,06	0,67	0,39	26	26	08:37:35	185
20:58	0	225	40,1	3250	3225	0,99	32	2596	83,6	16,4	50,1	1,86	1,14	0,73	0,39	26	26	08:37:38	186
20:59	0	225	40,3	3261	3220	0,99	31	2621	82,3	16,4	50,8	1,91	1,17	0,74	0,39	25	26	08:37:39	186
21:01	0	225	39,9	3235	3182	0,98	31	2626	81,0	16,3	51,6	1,95	1,19	0,76	0,39	25	25	08:37:41	186
21:03	0	225	39,3	3187	3122	0,98	31	2578	79,6	16,0	52,4	1,94	1,19	0,75	0,39	25	25	08:37:43	186
21:05	0	225	39,2	3178	3111	0,98	31	2536	79,3	16,0	52,6	1,92	1,17	0,75	0,39	25	25	08:37:45	186
21:06	0	225	39,9	3234	3128	0,97	33	2439	80,1	16,2	52,1	1,83	1,13	0,70	0,38	25	26	08:37:46	185
21:08	0	225	41,4	3352	3218	0,96	34	2419	83,3	16,8	50,2	1,74	1,07	0,67	0,39	25	26	08:37:48	184
21:10	0	225	41,4	3352	3218	0,96	34	2419	83,3	16,8	50,2	1,74	1,07	0,67	0,39	25	26	08:37:50	184
21:11	0	225	41,4	3357	3222	0,96	36	2360	84,4	16,8	49,6	1,68	1,03	0,65	0,39	25	26	08:37:51	184
21:13	0	225	41,8	3383	3262	0,96	36	2394	85,9	16,9	48,6	1,67	1,03	0,64	0,38	25	26	08:37:53	185
21:15	0	225	41,2	3335	3240	0,97	34	2496	85,8	16,7	48,7	1,75	1,06	0,69	0,40	26	26	08:37:55	184
21:17	0	225	40,9	3312	3231	0,98	33	2598	84,6	16,6	49,4	1,84	1,12	0,72	0,39	26	26	08:37:57	185
21:19	0	225	39,5	3197	3124	0,98	32	2555	81,4	16,1	51,4	1,88	1,15	0,73	0,39	25	26	08:37:59	185
21:21	0	225	39,6	3208	3139	0,98	30	2675	81,3	16,1	51,4	1,97	1,21	0,77	0,39	25	26	08:38:01	186
21:23	0	225	40,7	3293	3200	0,97	32	2572	82,9	16,5	50,5	1,86	1,15	0,71	0,38	25	26	08:38:03	186
21:24	0	225	40,9	3316	3218	0,97	32	2621	82,9	16,6	50,4	1,90	1,17	0,72	0,38	25	26	08:38:04	186
21:26	0	225	41,7	3382	3248	0,96	33	2531	83,8	16,9	49,9	1,81	1,12	0,69	0,38	25	26	08:38:06	186
21:28	0	225	42,2	3418	3316	0,97	33	2663	86,7	17,1	48,2	1,84	1,14	0,70	0,38	25	26	08:38:08	186
21:30	0	225	41,8	3382	3267	0,97	34	2569	86,2	17,0	48,5	1,79	1,10	0,69	0,38	25	26	08:38:10	186
21:31	0	225	42,9	3472	3360	0,97	35	2578	89,3	17,4	46,6	1,73	1,08	0,66	0,38	26	27	08:38:11	186
21:33	0	225	43,3	3510	3383	0,96	37	2461	90,7	17,6	45,8	1,63	1,02	0,61	0,37	26	27	08:38:13	186
21:34	0	225	43,6	3535	3401	0,96	38	2429	92,2	17,7	44,9	1,58	0,98	0,60	0,38	26	27	08:38:14	186
21:36	0	225	42,8	3466	3356	0,97	38	2418	91,1	17,4	45,5	1,59	0,99	0,60	0,38	26	27	08:38:16	186
21:38	0	225	41,2	3340	3274	0,98	35	2506	88,7	16,8	47,0	1,70	1,05	0,65	0,38	27	27	08:38:18	186
21:39	0	225	41,0	3320	3236	0,97	37	2386	87,2	16,7	47,9	1,64	1,03	0,61	0,37	26	27	08:38:19	186
21:41	0	225	41,7	3378	3277	0,97	37	2360	88,3	16,9	47,2	1,60	1,00	0,61	0,38	26	27	08:38:21	186
21:42	0	225	42,0	3403	3286	0,97	38	2325	88,9	17,1	46,8	1,57	0,98	0,59	0,38	26	27	08:38:22	186
21:44	0	225	41,6	3373	3290	0,98	36	2460	88,4	16,9	47,2	1,67	1,02	0,65	0,39	26	27	08:38:24	186
21:46	0	225	41,2	3335	3260	0,98	36	2457	87,3	16,8	47,8	1,69	1,03	0,66	0,39	26	27	08:38:26	186
21:47	0	225	41,6	3368	3284	0,98	35	2484	87,9	16,9	47,5	1,70	1,03	0,67	0,39	26	27	08:38:27	186
21:49	0	225	42,9	3474	3343	0,96	38	2366	89,7	17,4	46,4	1,58	0,97	0,61	0,39	26	27	08:38:29	186
21:50	0	225	43,4	3516	3372	0,96	39	2354	91,1	17,6	45,5	1,55	0,95	0,60	0,39	26	27	08:38:30	186
21:51	0	225	43,5	3526	3375	0,96	40	2333	92,4	17,6	44,8	1,52	0,93	0,59	0,39	26	27	08:38:31	186
21:53	0	225	43,2	3502	3351	0,96	40	2301	92,8	17,5	44,5	1,49	0,91	0,58	0,39	26	28	08:38:33	186
21:54	0	225	43,5	3523	3332	0,95	44	2149	94,3	17,6	43,7	1,37	0,85	0,52	0,38	27	28	08:38:34	186
21:55	0	225	43,5	3524	3333	0,95	44	2149	94,3	17,6	43,7	1,37	0,85	0,52	0,38	27	28	08:38:35	186
21:57	0	225	43,1	3493	3309	0,95	45	2104	94,5	17,4	43,5	1,34	0,83	0,50	0,38	27	29	08:38:37	186
21:59	0	225	42,3	3424	3267	0,95	44	2101	92,4	17,1	44,7	1,36	0,86	0,51	0,37	27	28	08:38:39	186
22:00	0	225	42,0	3401	3244	0,95	43	2108	90,2	17,0	46,1	1,40	0,89	0,51	0,37	27	28	08:38:40	188
22:02	0	225	41,2	3341	3220	0,96	39	2273	87,9	16,7	47,5	1,55	0,96	0,59	0,38	26	27	08:38:42	188
22:04	0	225	41,3	3344	3229	0,97	38	2292	88,0	16,8	47,4	1,56	0,97	0,59	0,38	26	27	08:38:44	188
22:05	0	225	41,1	3328	3206	0,96	38	2296	87,0	16,7	48,0	1,58	0,98	0,60	0,38	26	27	08:38:45	188
22:07	0	225	41,2	3339	3212	0,96	37	2331	86,9	16,7	48,1	1,61	0,99	0,62	0,38	26	27	08:38:47	188
22:09	0	225	41,2	3339	3212	0,96	37	2331	86,9	16,7	48,1	1,61	0,99	0,62	0,38	26	27	08:38:49	188
22:10	0	225	42,0	3399	3244	0,95	38	2325	87,6	17,0	47,6	1,59	0,98	0,61	0,39	26	27	08:38:50	187
22:12	0	225	42,3	3424	3253	0,95	39	2298	88,6	17,1	47,0	1,56	0,95	0,61	0,39	26	27	08:38:52	187
22:13	0	225	43,2	3498	3283	0,94	42	2150	90,2	17,4	46,1	1,43	0,88	0,55	0,38	26	27	08:38:53	187
22:15	0	225	42,7	3455	3252	0,94	41	2182	89,6	17,2	46,5	1,46	0,90	0,56	0,38	26	28	08:38:55	187
22:16	0	225	42,7	3459	3255	0,94	41	2177	89,6	17,2	46,5	1,46	0,89	0,57	0,39	26	28	08:38:56	187
22:18	0	225	41,8	3384	3209	0,95	39	2264	88,6	16,9	47,1	1,53	0,93	0,61	0,40	26	28	08:38:58	187
22:19	0	225	42,9	3478	3270	0,94	42	2158	89,7	17,3	46,4	1,44	0,90	0,54	0,38	26	27	08:38:59	187
22:21	0	225	42,8	3464	3254	0,94	42	2140	89,4	17,3	46,6	1,44	0,88	0,55	0,38	26	27	08:39:01	186
22:22	0	225	42,5	3444	3228	0,94	42	2130	88,7	17,2	47,0	1,44	0,88	0,56	0,39	26	27	08:39:02	185
22:24	0	225	41,8	3383	3196	0,94	39	2240	88,3	16,9	47,2	1,52	0,92	0,61	0,40	26	28	08:39:04	186
22:25	0	225	42,2	3416	3232	0,95	40	2229	88,8	17,0	46,9	1,51	0,92	0,59	0,39	26	27	08:39:05	186
22:27	0	225	41,8	3387	3202	0,95	40	2219	87,8	16,9	47,5	1,52	0,93	0,59	0,39	26	27	08:39:07	186
22:29	0	225	41,7	3380	3220	0,95	37	2354	88,0	16,9	47,4	1,61	0,97	0,63	0,39	26	27	08:39:09	186
22:30	0	225	41,6	3366	3206	0,95	37	2382	87,2	16,8	47,9	1,64	0,99	0,65	0,40	26	27	08:39:10	186
22:32	0	225	41,7	3375	3218	0,95	36	2448	87,4	16,9	47,7	1,68	1,02	0,66	0,39	26	27	08:39:12	186
22:34	0	225	41,4	3356	3224	0,96	34	2602	87,4	16,8	47,7	1,79	1,07	0,72	0,40	26	27	08:39:14	186
22:35	0	225	42,2	3419	3257	0,95	35	2495	87,9	17,1	47,4	1,70	1,04	0,66	0,39	26	27	08:39:15	186
22:37	0	225	41,6	3373	3216	0,95	35	2473	87,0	16,9	48,0	1,71	1,04	0,67	0,39	26	27	08:39:17	186
22:39	0	225	41,2	3338	3190	0,96	35	2466	86,2	16,7	48,5	1,72	1,06	0,66	0,38	26	27	08:39:19	186
22:41	0	225	41,9	3390	3215	0,95	37	2353	87,0	16,9	48,0	1,62	1,01	0,61	0,38	26	27	08:39:21	187
22:43	0	225	42,4	3433	3235	0,94	36	2424	87,1	17,1	47,9	1,67	1,05	0,62	0,37	25	27	08:39:23	188
22:45	0	225	42,4	3433	3241	0,94	35	2490	87,1	17,1	48,0	1,72	1,07	0,64	0,37	25	27	08:39:25	187
22:46	0	225	43,9	3557	3313	0,93	36	2442	87,0	17,7	48,0	1,68	1,06	0,62	0,37	24	26	08:39:26	187
22:48	0	225	43,5	3527	3290	0,93	35	2455	86,6	17,5	48,2	1,70	1,08	0,62	0,37	25	26	08:39:28	187
22:49	0	225	43,7	3542	3312	0,93	34	2537	86,9	17,6	48,1	1,75	1,10	0,65	0,37	25	26	08:39:29	187
22:51	0	225	43,7	3537	3308	0,94	34	2541	87,0	17,6	48,0	1,75	1,09	0,66	0,38	25	26	08:39:31	187
22:53	0	225	42,0	3404	3215	0,94	34	2513	86,4	17,0	48,4	1,75	1,09	0,65	0,37	25	27	08:39:33	187
22:55	0	225	41,1	3326	3166	0,95	35	2478	85,6	16,6	48,8	1,74	1,07	0,66	0,38	26	27	08:39:35	187
22:56	0	225	41,3	3347	3181	0,95	36	2406	86,5	16,7	48,3	1,67	1,05	0,62	0,37	26	27	08:39:36	186
22:58	0	225	40,1	3251	3119	0,96	34	2495	84,3	16,3	49,6	1,78	1,10	0,68	0,38	26	27	08:39:38	185
23:00	0	225	39,7	3214	3090	0,96	33	2492	82,9	16,1	50,5	1,80	1,10	0,71	0,39	26	27	08:39:40	186
23:01	0	225	40,4	3274	3137	0,96	34	2448	84,3	16,4	49,6	1,74	1,06	0,69	0,39	26	27	08:39:41	186
23:03	0	225	41,1	3328	3176	0,95	36	2391	85,6	16,6	48,8	1,68	1,02	0,66	0,39	26	27	08:39:43	186
23:04	0	225	41,4	3353	3211	0,96	36	2450	87,3	16,8	47,8	1,68	1,00	0,68	0,40	26	27	08:39:44	186
23:06	0	225	42,1	3409	3263	0,96	36	2448	89,2	17,1	46,7	1,65	1,00	0,65	0,39	26	27	08:39:46	186
23:07	0	225	41,8	3386	3240	0,96	37	2428	89,1	16,9	46,8	1,64	1,00	0,64	0,39	26	27	08:39:47	186
23:09	0	225	42,0	3404	3263	0,96	37	2445	89,8	17,0	46,3	1,63	0,99	0,64	0,39	26	28	08:39:49	186
23:11	0	225	42,0	3404	3263	0,96	37	2445	89,8	17,0	46,3	1,63	0,99	0,64	0,39	26	28	08:39:51	186
23:13	0	225	41,4	3352	3227	0,96	35	2519	87,7	16,8	47,6	1,72	1,04	0,68	0,39	26	27	08:39:53	186
23:15	0	225	40,6	3290	3184	0,97	33	2557	85,5	16,5	48,9	1,79	1,08	0,71	0,40	26	27	08:39:55	186
23:17	0	225	40,5	3280	3146	0,96	33	2500	82,2	16,4	50,8	1,82	1,12	0,71	0,39	25	26	08:39:57	185
23:19	0	225	40,2	3254	3101	0,95	32	2519	80,2	16,3	52,0	1,88	1,15	0,74	0,39	25	26	08:39:59	185
23:21	0	225	40,2	3253	3100	0,95	32	2519	80,2	16,3	52,0	1,88	1,15	0,74	0,39	25	26	08:40:01	185
23:22	0	225	41,2	3340	3125	0,94	34	2403	80,9	16,6	51,6	1,78	1,09	0,69	0,39	24	26	08:40:02	185
23:23	0	225	42,4	3434	3179	0,93	35	2383	83,4	17,1	50,1	1,71	1,04	0,67	0,39	24	26	08:40:03	185
23:25	0	225	42,9	3473	3188	0,92	37	2291	85,0	17,2	49,2	1,62	1,00	0,62	0,38	24	27	08:40:05	184
23:27	0	225	42,9	3478	3216	0,92	37	2353	87,7	17,3	47,6	1,61	0,98	0,63	0,39	25	27	08:40:07	184
23:28	0	225	42,8	3471	3236	0,93	37	2388	88,4	17,3	47,1	1,62	0,99	0,63	0,39	25	27	08:40:08	185
V02 Max																			
23:30	0	225	44,3	3590	3305	0,92	39	2324	91,6	17,8	45,2	1,52	0,94	0,58	0,38	26	28	08:40:10	185
23:32	0	225	43,0	3485	3247	0,93	38	2367	89,3	17,3	46,6	1,59	0,97	0,62	0,39	26	28	08:40:12	187
23:34	0	225	42,4	3434	3247	0,95	36	2482	88,5	17,1	47,1	1,68	1,01	0,67	0,40	26	27	08:40:14	187
23:35	0	225	42,5	3441	3267	0,95	36	2468	88,9	17,2	46,9	1,67	1,01	0,65	0,39	26	27	08:40:15	188
23:36	0	225	42,7	3463	3297	0,95	36	2496	89,9	17,3	46,3	1,67	1,00	0,66	0,40	26	27	08:40:16	188
23:38	0	225	43,0	3487	3305	0,95	39	2347	90,6	17,4	45,8	1,55	0,93	0,62	0,40	26	27	08:40:18	188
23:39	0	225	42,5	3439	3276	0,95	39	2349	90,8	17,2	45,7	1,55	0,93	0,62	0,40	26	28	08:40:19	188
23:41	0	225	41,5	3364	3224	0,96	37	2383	88,6	16,8	47,1	1,61	0,97	0,64	0,40	26	27	08:40:21	188
23:43	0	225	41,9	3394	3251	0,96	37	2422	89,3	17,0	46,6	1,63	0,97	0,66	0,40	26	27	08:40:23	188
23:44	0	225	42,2	3415	3249	0,95	39	2307	90,0	17,1	46,2	1,54	0,94	0,60	0,39	26	28	08:40:24	188
23:46	0	225	42,2	3415	3251	0,95	39	2293	90,3	17,1	46,0	1,52	0,93	0,60	0,39	26	28	08:40:26	188
23:47	0	225	41,9	3396	3215	0,95	40	2234	89,5	16,9	46,5	1,50	0,91	0,59	0,39	26	28	08:40:27	188
23:48	0	225	41,9	3393	3209	0,95	40	2237	88,9	16,9	46,9	1,51	0,92	0,59	0,39	26	28	08:40:28	188
23:50	0	225	42,8	3464	3234	0,93	43	2103	90,2	17,2	46,1	1,40	0,88	0,52	0,37	26	28	08:40:30	188
23:51	0	225	43,2	3500	3234	0,92	45	2032	91,2	17,4	45,5	1,34	0,84	0,50	0,37	26	28	08:40:31	188
23:52	0	225	43,4	3517	3228	0,92	45	2026	91,7	17,4	45,2	1,33	0,83	0,50	0,37	26	28	08:40:32	188
