TEMPS	Vitesse	PUIS.	VO2/KG	VO2	VCO2	Q.R	FR	Vt	VE	KCal	Rés.V.	Ttot	Te	Ti	Ti/Ttot	VE/VO2	VE/VCO2	Horloge	FC
(min)	(RPM)	(Watts)	(mL/kg/min)	(mL/min)	(mL/min)		(br/min)	(mL)	(L/min)	(KCal/min)	(%)	(sec)	(sec)	(sec)				(Minuterie)	(BPM)
0:11	0	103	17,7	1118	909	0,81	13	2118	27,4	5,4	81,8	4,64	3,09	1,55	0,33	25	30	08:52:51	104
0:13	0	103	14,2	895	692	0,77	27	764	20,3	4,3	86,6	2,26	1,74	0,52	0,23	23	29	08:52:53	104
0:16	0	104	17,1	1077	861	0,80	20	1281	25,7	5,2	83,0	2,99	1,99	1,00	0,33	24	30	08:52:56	104
0:20	0	105	15,8	998	786	0,79	23	1022	23,4	4,8	84,5	2,63	1,87	0,76	0,29	23	30	08:53:00	105
0:21	0	105	15,5	979	752	0,77	28	832	23,1	4,7	84,7	2,16	1,55	0,61	0,28	24	31	08:53:01	105
0:25	0	106	16,3	1029	774	0,75	24	969	23,4	4,9	84,5	2,49	1,80	0,69	0,28	23	30	08:53:05	107
0:27	0	106	16,7	1049	811	0,77	21	1199	24,6	5,0	83,7	2,92	2,05	0,87	0,30	23	30	08:53:07	106
0:28	0	106	15,5	975	741	0,76	22	1024	22,1	4,7	85,4	2,78	2,01	0,77	0,28	23	30	08:53:08	109
0:31	0	107	16,6	1044	766	0,73	21	1076	22,6	5,0	85,0	2,86	2,00	0,86	0,30	22	30	08:53:11	110
0:34	0	107	17,2	1084	770	0,71	23	999	22,6	5,1	85,0	2,66	1,90	0,75	0,28	21	29	08:53:14	113
0:37	0	108	19,7	1238	850	0,69	24	1012	24,7	5,8	83,6	2,46	1,73	0,73	0,30	20	29	08:53:17	113
0:40	0	109	20,8	1309	899	0,69	22	1170	25,4	6,2	83,1	2,76	1,89	0,87	0,32	19	28	08:53:20	114
0:42	0	109	22,2	1396	947	0,68	22	1186	26,6	6,5	82,4	2,67	1,79	0,88	0,33	19	28	08:53:22	116
0:45	0	110	22,1	1391	953	0,68	20	1301	26,6	6,5	82,4	2,94	1,92	1,02	0,35	19	28	08:53:25	116
0:48	0	110	22,0	1389	975	0,70	20	1376	27,1	6,6	82,0	3,04	1,97	1,08	0,35	20	28	08:53:28	116
0:52	0	111	22,1	1390	975	0,70	20	1376	27,1	6,6	82,0	3,04	1,97	1,08	0,35	20	28	08:53:32	116
0:54	0	112	22,8	1434	1006	0,70	20	1366	27,6	6,8	81,7	2,97	1,91	1,07	0,36	19	27	08:53:34	116
0:57	0	112	23,3	1471	1030	0,70	22	1304	28,1	6,9	81,3	2,78	1,79	0,99	0,36	19	27	08:53:37	116
0:59	0	112	24,8	1565	1105	0,71	22	1399	30,4	7,4	79,9	2,76	1,79	0,97	0,35	19	27	08:53:39	116
1:01	0	113	23,8	1498	1071	0,72	22	1360	29,7	7,1	80,3	2,75	1,80	0,95	0,35	20	28	08:53:41	117
1:02	0	113	24,3	1533	1110	0,72	24	1271	31,0	7,3	79,4	2,46	1,61	0,85	0,34	20	28	08:53:42	117
1:05	0	114	24,1	1517	1104	0,73	25	1231	31,3	7,2	79,3	2,36	1,60	0,77	0,32	21	28	08:53:45	118
1:07	0	114	24,5	1545	1112	0,72	27	1159	31,8	7,3	79,0	2,19	1,49	0,70	0,32	21	29	08:53:47	118
1:10	0	115	25,0	1574	1162	0,74	28	1223	33,7	7,5	77,7	2,18	1,51	0,67	0,31	21	29	08:53:50	119
1:13	0	115	22,4	1414	1080	0,76	26	1225	31,4	6,8	79,2	2,34	1,61	0,73	0,31	22	29	08:53:53	120
1:15	0	116	20,4	1282	983	0,77	25	1148	29,0	6,1	80,7	2,37	1,62	0,75	0,32	23	30	08:53:55	120
1:18	0	116	21,2	1336	1037	0,78	23	1285	30,0	6,4	80,1	2,57	1,72	0,85	0,33	22	29	08:53:58	121
1:21	0	117	21,0	1324	1031	0,78	22	1336	29,7	6,4	80,3	2,69	1,84	0,85	0,32	22	29	08:54:01	121
1:23	0	117	22,0	1387	1077	0,78	23	1310	30,6	6,7	79,7	2,57	1,75	0,82	0,32	22	28	08:54:03	121
1:25	0	118	22,7	1428	1118	0,78	22	1405	31,3	6,9	79,3	2,70	1,81	0,89	0,33	22	28	08:54:05	121
1:28	0	118	22,5	1419	1122	0,79	22	1400	31,4	6,8	79,2	2,67	1,79	0,89	0,33	22	28	08:54:08	121
1:31	0	119	23,2	1460	1160	0,79	24	1366	32,1	7,0	78,7	2,55	1,73	0,82	0,32	22	28	08:54:11	123
1:33	0	119	23,2	1460	1160	0,79	24	1366	32,1	7,0	78,7	2,55	1,73	0,82	0,32	22	28	08:54:13	123
1:34	0	119	23,2	1460	1160	0,79	24	1366	32,1	7,0	78,7	2,55	1,73	0,82	0,32	22	28	08:54:14	123
1:35	0	120	25,4	1601	1266	0,79	26	1386	35,5	7,7	76,5	2,34	1,57	0,77	0,33	22	28	08:54:15	123
1:37	0	120	25,7	1619	1279	0,79	28	1320	37,1	7,8	75,4	2,13	1,43	0,70	0,33	23	29	08:54:17	123
1:38	0	120	26,2	1648	1313	0,80	30	1300	38,7	8,0	74,3	2,01	1,36	0,65	0,32	23	29	08:54:18	123
1:40	0	121	28,4	1788	1407	0,79	34	1220	41,6	8,6	72,4	1,76	1,15	0,61	0,35	23	30	08:54:20	124
1:43	0	121	30,3	1910	1536	0,80	34	1358	46,7	9,2	69,1	1,75	1,09	0,66	0,38	24	30	08:54:23	124
1:46	0	123	30,4	1912	1537	0,80	34	1358	46,7	9,2	69,1	1,75	1,09	0,66	0,38	24	30	08:54:26	124
1:47	0	123	27,3	1717	1383	0,81	34	1224	41,8	8,3	72,3	1,76	1,11	0,64	0,37	24	30	08:54:27	124
1:49	0	124	27,4	1729	1393	0,81	32	1285	41,7	8,4	72,4	1,85	1,21	0,63	0,34	24	30	08:54:29	124
1:52	0	124	27,1	1709	1391	0,81	27	1477	39,8	8,3	73,6	2,23	1,45	0,77	0,35	23	29	08:54:32	123
1:55	0	125	28,8	1815	1477	0,81	25	1640	41,3	8,8	72,6	2,38	1,54	0,84	0,35	23	28	08:54:35	123
1:57	0	125	27,4	1728	1410	0,82	26	1502	39,5	8,4	73,8	2,28	1,48	0,80	0,35	23	28	08:54:37	123
1:58	0	125	27,6	1738	1371	0,79	30	1261	37,7	8,4	75,0	2,01	1,35	0,65	0,33	22	27	08:54:38	124
2:01	0	126	29,6	1867	1498	0,80	27	1524	40,9	9,0	72,9	2,24	1,47	0,77	0,34	22	27	08:54:41	124
2:03	0	126	30,4	1912	1536	0,80	30	1439	42,7	9,2	71,7	2,02	1,35	0,67	0,33	22	28	08:54:43	125
2:05	0	127	28,6	1802	1460	0,81	27	1477	40,2	8,7	73,4	2,21	1,48	0,73	0,33	22	28	08:54:45	125
2:08	0	127	29,8	1878	1537	0,82	27	1565	42,3	9,1	72,0	2,22	1,49	0,73	0,33	23	28	08:54:48	125
2:11	0	128	28,5	1793	1483	0,83	27	1499	40,5	8,7	73,2	2,22	1,49	0,74	0,33	23	27	08:54:51	123
2:12	0	128	29,0	1826	1501	0,82	28	1461	41,3	8,9	72,6	2,12	1,43	0,69	0,32	23	28	08:54:52	123
2:15	0	129	29,0	1826	1525	0,84	26	1595	41,6	8,9	72,4	2,30	1,53	0,77	0,33	23	27	08:54:55	123
2:17	0	129	29,0	1826	1525	0,84	26	1595	41,6	8,9	72,4	2,30	1,53	0,77	0,33	23	27	08:54:57	123
2:19	0	129	28,4	1791	1498	0,84	25	1622	40,5	8,7	73,2	2,40	1,59	0,81	0,34	23	27	08:54:59	123
2:21	0	130	29,6	1865	1566	0,84	25	1690	42,4	9,1	71,9	2,39	1,58	0,81	0,34	23	27	08:55:01	124
2:24	0	130	29,8	1874	1564	0,83	26	1599	41,9	9,1	72,2	2,29	1,49	0,80	0,35	22	27	08:55:04	124
2:26	0	131	30,5	1923	1602	0,83	26	1641	43,1	9,4	71,4	2,29	1,50	0,78	0,34	22	27	08:55:06	125
2:28	0	131	30,8	1938	1627	0,84	25	1725	43,7	9,4	71,0	2,37	1,53	0,83	0,35	23	27	08:55:08	125
2:31	0	132	31,4	1979	1650	0,83	27	1650	44,2	9,6	70,7	2,24	1,47	0,77	0,34	22	27	08:55:11	127
2:32	0	132	31,3	1974	1641	0,83	28	1593	44,0	9,6	70,8	2,17	1,47	0,70	0,32	22	27	08:55:12	127
2:35	0	133	31,3	1974	1641	0,83	28	1593	44,0	9,6	70,8	2,17	1,47	0,70	0,32	22	27	08:55:15	127
2:37	0	133	31,2	1964	1630	0,83	29	1527	43,7	9,5	71,0	2,10	1,40	0,69	0,33	22	27	08:55:17	127
2:39	0	133	31,6	1993	1674	0,84	28	1623	46,0	9,7	69,5	2,12	1,43	0,69	0,33	23	27	08:55:19	127
2:41	0	134	31,4	1979	1677	0,85	29	1607	47,1	9,7	68,8	2,05	1,37	0,67	0,33	24	28	08:55:21	127
2:42	0	134	30,1	1896	1630	0,86	27	1694	45,9	9,3	69,6	2,21	1,47	0,74	0,34	24	28	08:55:22	127
2:44	0	135	29,6	1862	1607	0,86	28	1631	45,7	9,1	69,7	2,14	1,43	0,71	0,33	25	28	08:55:24	128
2:47	0	135	29,2	1838	1607	0,87	27	1703	45,3	9,0	69,9	2,25	1,48	0,77	0,34	25	28	08:55:27	128
2:49	0	135	28,7	1807	1569	0,87	30	1510	44,7	8,9	70,4	2,03	1,34	0,69	0,34	25	29	08:55:29	132
2:51	0	136	29,5	1856	1605	0,86	31	1510	46,1	9,1	69,5	1,97	1,31	0,65	0,33	25	29	08:55:31	132
2:53	0	136	30,0	1892	1645	0,87	28	1662	47,0	9,3	68,9	2,12	1,45	0,67	0,32	25	29	08:55:33	133
2:54	0	137	30,7	1937	1660	0,86	31	1546	47,5	9,5	68,5	1,95	1,35	0,60	0,31	25	29	08:55:34	133
2:56	0	137	30,3	1909	1638	0,86	29	1615	46,7	9,3	69,1	2,08	1,43	0,65	0,31	24	28	08:55:36	134
2:59	0	137	30,5	1923	1645	0,86	27	1678	45,5	9,4	69,8	2,21	1,49	0,72	0,32	24	28	08:55:39	134
3:01	0	138	31,5	1987	1662	0,84	30	1561	46,3	9,7	69,3	2,02	1,36	0,66	0,33	23	28	08:55:41	134
3:02	0	138	34,0	2139	1785	0,83	31	1601	49,8	10,4	67,0	1,93	1,28	0,65	0,34	23	28	08:55:42	134
3:04	0	138	32,7	2061	1698	0,82	34	1384	47,3	10,0	68,7	1,76	1,14	0,62	0,35	23	28	08:55:44	134
3:06	0	139	32,6	2052	1699	0,83	31	1514	46,6	10,0	69,1	1,95	1,26	0,69	0,36	23	27	08:55:46	134
3:08	0	139	32,7	2060	1697	0,82	31	1505	46,3	10,0	69,3	1,95	1,24	0,71	0,36	22	27	08:55:48	134
3:10	0	140	32,6	2056	1711	0,83	28	1660	46,6	10,0	69,1	2,14	1,35	0,78	0,37	23	27	08:55:50	134
3:12	0	140	33,2	2089	1715	0,82	32	1476	47,5	10,1	68,5	1,86	1,21	0,65	0,35	23	28	08:55:52	135
3:14	0	140	32,6	2051	1714	0,84	30	1596	47,3	10,0	68,6	2,02	1,31	0,71	0,35	23	28	08:55:54	133
3:16	0	141	31,8	2002	1693	0,85	27	1699	46,3	9,8	69,3	2,20	1,43	0,77	0,35	23	27	08:55:56	133
3:17	0	141	32,5	2050	1717	0,84	30	1588	47,3	10,0	68,6	2,01	1,32	0,69	0,34	23	28	08:55:57	133
3:19	0	141	32,6	2053	1712	0,83	33	1442	47,6	10,0	68,5	1,82	1,23	0,59	0,33	23	28	08:55:59	131
3:22	0	142	31,8	2006	1705	0,85	29	1621	47,4	9,8	68,6	2,05	1,35	0,70	0,34	24	28	08:56:02	130
3:23	0	142	32,2	2031	1713	0,84	33	1452	48,0	9,9	68,2	1,81	1,20	0,61	0,34	24	28	08:56:03	130
3:24	0	143	31,6	1992	1691	0,85	30	1549	46,9	9,7	68,9	1,98	1,29	0,69	0,35	24	28	08:56:04	130
3:26	0	143	32,2	2031	1707	0,84	32	1470	47,4	9,9	68,6	1,86	1,22	0,64	0,35	23	28	08:56:06	130
3:28	0	143	33,4	2104	1762	0,84	34	1455	48,9	10,2	67,6	1,78	1,16	0,62	0,35	23	28	08:56:08	130
3:29	0	143	33,4	2107	1768	0,84	35	1434	49,5	10,3	67,2	1,74	1,12	0,62	0,35	23	28	08:56:09	131
3:31	0	145	34,3	2158	1803	0,84	35	1446	50,6	10,5	66,4	1,71	1,09	0,62	0,36	23	28	08:56:11	131
3:33	0	145	34,2	2153	1748	0,81	41	1200	49,3	10,4	67,3	1,46	0,97	0,49	0,34	23	28	08:56:13	131
3:35	0	146	35,0	2202	1816	0,82	38	1320	50,2	10,7	66,7	1,58	1,05	0,53	0,34	23	28	08:56:15	131
3:37	0	146	36,6	2304	1935	0,84	35	1514	53,7	11,2	64,4	1,69	1,08	0,61	0,36	23	28	08:56:17	132
3:39	0	146	36,4	2293	1930	0,84	37	1455	54,2	11,2	64,0	1,61	1,05	0,56	0,35	24	28	08:56:19	132
3:41	0	147	34,5	2175	1863	0,86	35	1484	52,5	10,6	65,2	1,70	1,11	0,59	0,35	24	28	08:56:21	132
3:43	0	147	34,2	2152	1885	0,88	31	1665	52,1	10,6	65,5	1,92	1,24	0,68	0,35	24	28	08:56:23	132
3:44	0	147	33,7	2121	1853	0,87	33	1569	51,4	10,4	65,9	1,83	1,21	0,62	0,34	24	28	08:56:24	132
3:47	0	147	33,3	2099	1850	0,88	32	1637	52,2	10,3	65,4	1,88	1,26	0,62	0,33	25	28	08:56:27	133
3:48	0	147	32,9	2076	1820	0,88	34	1547	52,3	10,2	65,3	1,77	1,19	0,58	0,33	25	29	08:56:28	134
3:50	0	149	32,6	2052	1819	0,89	33	1568	52,0	10,1	65,5	1,81	1,21	0,60	0,33	25	29	08:56:30	134
3:51	0	149	31,9	2011	1792	0,89	32	1593	51,2	9,9	66,1	1,87	1,24	0,63	0,34	25	29	08:56:31	134
3:53	0	149	32,4	2041	1826	0,89	31	1688	51,6	10,1	65,8	1,96	1,29	0,67	0,34	25	28	08:56:33	133
Départ Exercice																			
3:55	0	150	32,3	2032	1791	0,88	34	1533	51,5	10,0	65,9	1,79	1,18	0,60	0,34	25	29	08:56:35	133
3:56	0	150	31,7	1996	1759	0,88	34	1489	50,9	9,8	66,2	1,75	1,16	0,60	0,34	26	29	08:56:36	133
3:58	0	150	32,7	2057	1774	0,86	36	1395	50,1	10,1	66,8	1,67	1,09	0,58	0,35	24	28	08:56:38	134
4:01	0	150	32,3	2033	1741	0,86	36	1362	48,9	9,9	67,6	1,67	1,09	0,58	0,35	24	28	08:56:41	134
4:02	0	150	30,8	1940	1681	0,87	30	1529	45,8	9,5	69,7	2,00	1,28	0,73	0,36	24	27	08:56:42	135
4:03	0	150	31,3	1973	1711	0,87	29	1572	46,3	9,7	69,3	2,04	1,30	0,74	0,36	23	27	08:56:43	135
4:06	0	150	31,2	1963	1683	0,86	30	1500	45,7	9,6	69,7	1,97	1,27	0,70	0,35	23	27	08:56:46	135
4:07	0	150	30,8	1938	1654	0,85	30	1489	44,4	9,5	70,5	2,01	1,30	0,71	0,35	23	27	08:56:47	135
4:09	0	150	31,9	2008	1714	0,85	29	1579	45,7	9,8	69,7	2,07	1,33	0,74	0,36	23	27	08:56:49	135
4:10	0	150	32,0	2014	1719	0,85	29	1589	46,1	9,8	69,4	2,07	1,32	0,74	0,36	23	27	08:56:50	135
4:12	0	150	34,3	2158	1793	0,83	34	1441	49,1	10,5	67,4	1,76	1,14	0,62	0,35	23	27	08:56:52	135
4:15	0	150	35,2	2218	1879	0,85	31	1649	51,7	10,8	65,7	1,91	1,20	0,71	0,37	23	28	08:56:55	135
4:17	0	150	34,8	2190	1847	0,84	33	1540	51,0	10,7	66,2	1,81	1,17	0,64	0,35	23	28	08:56:57	135
4:18	0	150	34,6	2180	1823	0,84	35	1448	50,2	10,6	66,7	1,73	1,13	0,60	0,35	23	28	08:56:58	135
4:20	0	150	34,8	2192	1842	0,84	35	1440	50,8	10,7	66,3	1,70	1,12	0,58	0,34	23	28	08:57:00	135
4:21	0	150	34,6	2178	1864	0,86	33	1584	51,8	10,7	65,7	1,84	1,18	0,66	0,36	24	28	08:57:01	135
4:23	0	150	33,1	2087	1795	0,86	33	1530	50,0	10,2	66,9	1,84	1,20	0,64	0,35	24	28	08:57:03	135
4:24	0	150	33,7	2122	1815	0,86	34	1480	50,8	10,4	66,3	1,75	1,15	0,60	0,34	24	28	08:57:04	135
4:26	0	150	33,5	2109	1771	0,84	39	1280	49,8	10,3	67,0	1,54	1,07	0,48	0,31	24	28	08:57:06	135
4:27	0	150	29,3	1847	1539	0,83	39	1174	45,3	9,0	70,0	1,56	1,07	0,48	0,31	25	29	08:57:07	135
4:29	0	150	31,9	2013	1643	0,82	40	1192	47,6	9,8	68,4	1,50	1,02	0,48	0,32	24	29	08:57:09	136
4:30	0	150	33,8	2131	1720	0,81	39	1267	49,9	10,3	66,9	1,52	1,01	0,52	0,34	23	29	08:57:10	137
4:32	0	150	33,8	2129	1723	0,81	37	1326	49,6	10,3	67,1	1,60	1,05	0,55	0,35	23	29	08:57:12	138
4:35	0	150	37,0	2331	1919	0,82	35	1498	52,5	11,3	65,2	1,71	1,10	0,61	0,36	23	27	08:57:15	138
4:36	0	150	36,1	2274	1890	0,83	35	1463	51,9	11,1	65,6	1,69	1,10	0,59	0,35	23	27	08:57:16	138
4:38	0	150	36,3	2284	1899	0,83	35	1471	52,0	11,1	65,5	1,70	1,09	0,61	0,36	23	27	08:57:18	138
4:39	0	150	37,8	2379	1941	0,82	40	1331	53,8	11,5	64,3	1,48	0,96	0,52	0,35	23	28	08:57:19	140
4:41	0	150	37,3	2350	1969	0,84	38	1452	55,1	11,4	63,5	1,58	1,01	0,57	0,36	23	28	08:57:21	139
4:42	0	150	36,8	2320	1933	0,83	40	1358	54,5	11,3	63,9	1,50	0,97	0,53	0,35	23	28	08:57:22	140
4:44	0	150	36,4	2295	1923	0,84	42	1314	54,7	11,2	63,7	1,44	0,94	0,50	0,35	24	28	08:57:24	139
4:45	0	150	36,7	2311	1960	0,85	39	1418	55,8	11,3	63,0	1,52	0,97	0,55	0,36	24	28	08:57:25	138
4:47	0	150	36,7	2311	1960	0,85	39	1418	55,8	11,3	63,0	1,52	0,97	0,55	0,36	24	28	08:57:27	137
4:49	0	150	35,8	2258	1940	0,86	37	1483	55,5	11,0	63,2	1,60	1,01	0,59	0,37	25	29	08:57:29	138
4:50	0	150	35,0	2206	1920	0,87	36	1546	55,0	10,8	63,5	1,69	1,07	0,61	0,36	25	29	08:57:30	138
4:52	0	150	34,7	2184	1880	0,86	37	1434	53,6	10,7	64,5	1,60	1,04	0,56	0,35	25	29	08:57:32	138
4:53	0	150	35,1	2209	1888	0,85	37	1433	53,3	10,8	64,7	1,61	1,04	0,58	0,36	24	28	08:57:33	138
4:55	0	150	34,9	2196	1891	0,86	34	1540	52,7	10,8	65,1	1,75	1,10	0,66	0,38	24	28	08:57:35	138
4:57	0	150	34,6	2182	1886	0,86	35	1502	52,8	10,7	65,0	1,71	1,07	0,64	0,37	24	28	08:57:37	138
4:58	0	150	35,0	2205	1894	0,86	36	1489	53,1	10,8	64,8	1,68	1,07	0,61	0,36	24	28	08:57:38	138
5:00	0	150	35,9	2261	1917	0,85	37	1442	53,4	11,0	64,6	1,62	1,02	0,60	0,37	24	28	08:57:40	139
5:02	0	150	36,1	2273	1960	0,86	34	1603	54,4	11,1	63,9	1,77	1,11	0,66	0,37	24	28	08:57:42	139
5:03	0	150	36,3	2285	1966	0,86	37	1482	55,4	11,2	63,2	1,60	1,04	0,56	0,35	24	28	08:57:43	139
5:04	0	150	36,6	2303	1980	0,86	38	1486	56,8	11,3	62,4	1,57	1,02	0,55	0,35	25	29	08:57:44	139
5:06	0	150	36,8	2318	2029	0,88	36	1649	58,7	11,4	61,1	1,69	1,07	0,61	0,36	25	29	08:57:46	139
5:08	0	150	36,7	2310	2020	0,87	34	1714	58,5	11,3	61,2	1,76	1,13	0,63	0,36	25	29	08:57:48	139
5:09	0	150	35,5	2239	1970	0,88	35	1644	57,4	11,0	61,9	1,72	1,11	0,61	0,36	26	29	08:57:49	139
5:11	0	150	34,2	2153	1880	0,87	38	1443	55,3	10,6	63,3	1,57	1,01	0,56	0,36	26	29	08:57:51	139
5:13	0	150	33,3	2100	1851	0,88	35	1509	52,8	10,3	65,0	1,71	1,09	0,62	0,36	25	29	08:57:53	139
5:14	0	150	33,2	2093	1835	0,88	36	1442	52,4	10,3	65,3	1,65	1,04	0,61	0,37	25	29	08:57:54	139
5:16	0	150	33,5	2112	1836	0,87	36	1414	50,8	10,4	66,3	1,67	1,06	0,61	0,37	24	28	08:57:56	140
5:17	0	150	33,5	2111	1835	0,87	36	1414	50,8	10,4	66,3	1,67	1,06	0,61	0,37	24	28	08:57:57	140
5:19	0	150	35,3	2221	1939	0,87	35	1550	53,9	10,9	64,2	1,72	1,09	0,63	0,37	24	28	08:57:59	142
5:21	0	150	36,8	2321	2038	0,88	33	1694	56,3	11,4	62,7	1,80	1,11	0,69	0,38	24	28	08:58:01	143
5:23	0	150	37,2	2346	2086	0,89	34	1750	58,8	11,6	61,0	1,79	1,13	0,66	0,37	25	28	08:58:03	144
5:24	0	150	37,2	2347	2087	0,89	34	1750	58,8	11,6	61,0	1,79	1,13	0,66	0,37	25	28	08:58:04	143
5:25	0	150	35,9	2262	2021	0,89	32	1764	57,1	11,2	62,2	1,85	1,20	0,66	0,35	25	28	08:58:05	143
5:27	0	150	36,1	2276	2030	0,89	34	1692	57,5	11,2	61,9	1,77	1,15	0,62	0,35	25	28	08:58:07	143
5:29	0	150	35,5	2238	1980	0,88	35	1597	56,6	11,0	62,5	1,69	1,09	0,60	0,35	25	29	08:58:09	143
5:30	0	150	35,5	2235	1956	0,88	36	1555	55,7	11,0	63,0	1,67	1,10	0,58	0,34	25	29	08:58:10	142
5:32	0	150	35,0	2206	1922	0,87	37	1502	55,3	10,8	63,3	1,63	1,06	0,56	0,35	25	29	08:58:12	142
5:34	0	150	34,5	2173	1879	0,86	36	1485	53,4	10,6	64,6	1,67	1,08	0,59	0,35	25	28	08:58:14	142
5:36	0	150	35,2	2218	1901	0,86	36	1481	53,5	10,8	64,6	1,66	1,06	0,61	0,36	24	28	08:58:16	142
5:37	0	150	35,5	2240	1919	0,86	37	1482	54,2	11,0	64,1	1,64	1,04	0,60	0,36	24	28	08:58:17	142
5:39	0	150	35,5	2239	1919	0,86	37	1482	54,2	11,0	64,1	1,64	1,04	0,60	0,36	24	28	08:58:19	142
5:41	0	150	35,4	2230	1916	0,86	35	1540	53,9	10,9	64,3	1,71	1,09	0,62	0,36	24	28	08:58:21	142
5:42	0	150	35,3	2225	1902	0,85	37	1459	53,7	10,9	64,4	1,63	1,05	0,58	0,35	24	28	08:58:22	142
5:44	0	150	35,4	2228	1903	0,85	36	1482	53,9	10,9	64,3	1,65	1,07	0,58	0,35	24	28	08:58:24	142
5:47	0	150	34,6	2182	1868	0,86	34	1546	52,3	10,7	65,3	1,77	1,12	0,65	0,37	24	28	08:58:27	141
5:48	0	150	36,1	2277	1896	0,83	42	1296	54,5	11,1	63,9	1,43	0,95	0,48	0,34	24	29	08:58:28	141
5:49	0	150	36,6	2306	1919	0,83	43	1293	55,1	11,2	63,5	1,41	0,94	0,47	0,33	24	29	08:58:29	141
5:51	0	150	36,6	2306	1919	0,83	43	1293	55,1	11,2	63,5	1,41	0,94	0,47	0,33	24	29	08:58:31	141
5:52	0	150	36,8	2319	1919	0,83	46	1213	55,4	11,3	63,3	1,31	0,89	0,43	0,33	24	29	08:58:32	141
5:54	0	150	36,2	2282	1933	0,85	41	1360	55,3	11,1	63,3	1,48	0,98	0,50	0,34	24	29	08:58:34	141
5:56	0	150	34,4	2166	1865	0,86	35	1473	52,2	10,6	65,4	1,69	1,09	0,60	0,36	24	28	08:58:36	141
5:58	0	150	35,2	2217	1863	0,84	42	1249	53,1	10,8	64,8	1,41	0,96	0,45	0,32	24	28	08:58:38	141
5:59	0	150	35,7	2250	1916	0,85	38	1402	53,9	11,0	64,3	1,56	1,03	0,53	0,34	24	28	08:58:39	141
6:01	0	150	35,3	2227	1931	0,87	34	1593	54,0	10,9	64,2	1,77	1,15	0,62	0,35	24	28	08:58:41	140
6:03	0	150	35,1	2210	1908	0,86	36	1506	53,8	10,8	64,3	1,68	1,10	0,58	0,35	24	28	08:58:43	140
6:04	0	150	35,7	2252	1942	0,86	35	1554	54,3	11,0	64,0	1,72	1,13	0,59	0,34	24	28	08:58:44	140
6:05	0	150	36,4	2296	1945	0,85	38	1433	55,1	11,2	63,5	1,56	1,03	0,53	0,34	24	28	08:58:45	140
6:07	0	150	37,3	2347	2010	0,86	37	1558	57,1	11,5	62,2	1,64	1,07	0,57	0,35	24	28	08:58:47	140
6:10	0	150	37,3	2348	2011	0,86	37	1558	57,1	11,5	62,2	1,64	1,07	0,57	0,35	24	28	08:58:50	140
6:11	0	150	34,4	2165	1906	0,88	32	1704	54,4	10,6	63,9	1,88	1,21	0,67	0,36	25	29	08:58:51	139
6:13	0	150	34,1	2146	1860	0,87	36	1498	53,4	10,5	64,6	1,68	1,11	0,58	0,34	25	29	08:58:53	139
6:14	0	150	33,9	2134	1839	0,86	36	1466	52,3	10,4	65,3	1,68	1,10	0,58	0,34	25	28	08:58:54	139
6:16	0	150	33,9	2133	1839	0,86	36	1466	52,3	10,4	65,3	1,68	1,10	0,58	0,34	25	28	08:58:56	139
6:18	0	150	33,5	2108	1843	0,87	32	1613	51,8	10,3	65,6	1,87	1,20	0,67	0,36	25	28	08:58:58	139
6:19	0	150	33,2	2094	1816	0,87	34	1489	51,1	10,3	66,1	1,75	1,12	0,63	0,36	24	28	08:58:59	139
6:20	0	150	36,0	2270	1911	0,84	41	1320	54,0	11,1	64,2	1,47	0,95	0,52	0,35	24	28	08:59:00	140
6:21	0	150	36,6	2303	1947	0,85	41	1342	55,7	11,2	63,1	1,45	0,92	0,53	0,37	24	29	08:59:01	140
6:23	0	150	36,6	2304	1947	0,85	41	1342	55,7	11,2	63,1	1,45	0,92	0,53	0,37	24	29	08:59:03	140
6:25	0	150	35,8	2258	1944	0,86	39	1427	55,9	11,1	63,0	1,53	0,97	0,57	0,37	25	29	08:59:05	140
6:27	0	150	35,1	2209	1921	0,87	39	1424	55,4	10,8	63,3	1,54	0,98	0,56	0,36	25	29	08:59:07	140
6:28	0	150	33,9	2139	1879	0,88	39	1407	54,5	10,5	63,8	1,55	0,99	0,55	0,36	26	29	08:59:08	140
6:30	0	150	33,1	2083	1835	0,88	39	1380	53,7	10,2	64,4	1,54	1,00	0,54	0,35	26	29	08:59:10	139
6:31	0	150	32,6	2055	1781	0,87	39	1311	51,5	10,1	65,9	1,53	0,98	0,55	0,36	25	29	08:59:11	138
6:33	0	150	32,6	2051	1792	0,87	39	1339	51,9	10,1	65,6	1,55	1,00	0,55	0,35	25	29	08:59:13	139
6:35	0	150	33,7	2126	1855	0,87	39	1383	53,3	10,4	64,7	1,56	1,00	0,56	0,36	25	29	08:59:15	139
6:37	0	150	34,1	2148	1817	0,85	44	1205	52,5	10,5	65,2	1,38	0,91	0,46	0,34	24	29	08:59:17	139
6:39	0	150	31,0	1955	1647	0,84	40	1170	46,8	9,5	69,0	1,50	1,03	0,47	0,31	24	28	08:59:19	140
6:40	0	150	28,4	1792	1525	0,85	32	1303	42,0	8,8	72,2	1,86	1,28	0,58	0,31	23	28	08:59:20	143
6:42	0	150	32,0	2016	1679	0,83	33	1355	44,6	9,8	70,4	1,82	1,29	0,53	0,29	22	27	08:59:22	144
6:44	0	150	33,3	2097	1773	0,85	30	1597	47,3	10,2	68,6	2,02	1,45	0,58	0,28	23	27	08:59:24	144
6:46	0	150	34,6	2179	1820	0,84	30	1602	47,5	10,6	68,5	2,02	1,41	0,62	0,30	22	26	08:59:26	144
6:47	0	150	35,5	2236	1819	0,81	31	1516	47,1	10,8	68,8	1,93	1,36	0,57	0,30	21	26	08:59:27	144
6:49	0	150	36,4	2293	1881	0,82	30	1645	48,7	11,1	67,7	2,03	1,40	0,63	0,31	21	26	08:59:29	143
6:51	0	150	41,4	2608	2148	0,82	33	1725	56,1	12,7	62,8	1,84	1,24	0,61	0,33	22	26	08:59:31	143
6:53	0	150	40,8	2572	2140	0,83	34	1682	57,7	12,5	61,7	1,75	1,10	0,65	0,37	22	27	08:59:33	142
6:54	0	150	40,9	2574	2141	0,83	34	1682	57,7	12,5	61,7	1,75	1,10	0,65	0,37	22	27	08:59:34	141
6:57	0	150	38,3	2414	2041	0,85	36	1571	56,5	11,8	62,5	1,67	1,07	0,59	0,36	23	28	08:59:37	140
6:58	0	150	35,9	2259	1965	0,87	33	1659	54,3	11,1	64,0	1,83	1,19	0,64	0,35	24	28	08:59:38	141
7:00	0	150	34,1	2148	1840	0,86	36	1414	51,4	10,5	65,9	1,65	1,10	0,55	0,33	24	28	08:59:40	141
7:01	0	150	34,5	2175	1879	0,86	36	1466	52,2	10,7	65,4	1,69	1,12	0,57	0,34	24	28	08:59:41	141
7:04	0	150	33,6	2115	1823	0,86	34	1475	50,4	10,4	66,6	1,76	1,19	0,56	0,32	24	28	08:59:44	141
7:05	0	150	34,5	2170	1862	0,86	34	1507	51,0	10,6	66,2	1,77	1,19	0,59	0,33	24	27	08:59:45	141
7:07	0	150	35,3	2226	1894	0,85	36	1457	52,4	10,9	65,3	1,67	1,11	0,56	0,34	24	28	08:59:47	141
7:09	0	150	34,5	2171	1844	0,85	35	1506	52,4	10,6	65,3	1,72	1,15	0,57	0,33	24	28	08:59:49	141
7:11	0	150	36,3	2285	1987	0,87	32	1754	56,2	11,2	62,7	1,87	1,27	0,61	0,32	25	28	08:59:51	141
7:12	0	150	37,6	2371	2048	0,86	37	1568	57,3	11,6	62,0	1,64	1,10	0,54	0,33	24	28	08:59:52	141
7:14	0	150	36,6	2303	2006	0,87	37	1519	56,8	11,3	62,3	1,60	1,09	0,52	0,32	25	28	08:59:54	140
7:15	0	150	37,5	2362	2040	0,86	44	1339	59,2	11,6	60,8	1,36	0,91	0,45	0,33	25	29	08:59:55	140
7:16	0	150	37,2	2341	1976	0,84	48	1202	57,9	11,4	61,6	1,25	0,81	0,44	0,35	25	29	08:59:56	139
7:18	0	150	36,7	2314	1977	0,85	45	1265	57,4	11,3	61,9	1,32	0,85	0,47	0,35	25	29	08:59:58	140
7:20	0	150	36,3	2289	1973	0,86	42	1357	57,0	11,2	62,2	1,43	0,94	0,49	0,34	25	29	09:00:00	140
7:21	0	150	34,9	2197	1898	0,86	42	1305	55,0	10,8	63,6	1,42	0,93	0,49	0,35	25	29	09:00:01	140
7:22	0	150	36,3	2289	1972	0,86	42	1357	57,0	11,2	62,2	1,43	0,94	0,49	0,34	25	29	09:00:02	140
7:24	0	150	35,8	2257	1947	0,86	40	1406	56,0	11,1	62,9	1,51	0,99	0,52	0,34	25	29	09:00:04	141
7:27	0	150	34,2	2155	1867	0,87	39	1387	53,4	10,6	64,6	1,56	1,04	0,52	0,33	25	29	09:00:07	141
7:29	0	150	33,2	2094	1805	0,86	39	1331	51,3	10,3	66,0	1,56	1,04	0,51	0,33	25	28	09:00:09	141
7:30	0	150	34,1	2146	1815	0,85	41	1256	51,1	10,5	66,1	1,47	1,01	0,46	0,31	24	28	09:00:10	141
7:31	0	150	36,1	2275	1903	0,84	42	1259	52,8	11,1	65,0	1,43	0,97	0,46	0,32	23	28	09:00:11	141
7:33	0	150	38,7	2435	2010	0,83	44	1280	56,0	11,8	62,9	1,37	0,92	0,45	0,33	23	28	09:00:13	139
7:34	0	150	36,5	2302	1916	0,83	43	1254	53,4	11,2	64,6	1,41	0,96	0,45	0,32	23	28	09:00:14	139
7:35	0	150	36,6	2305	1903	0,83	44	1206	53,3	11,2	64,7	1,36	0,92	0,44	0,33	23	28	09:00:15	139
7:36	0	150	38,1	2402	1990	0,83	44	1262	55,6	11,7	63,1	1,36	0,91	0,46	0,33	23	28	09:00:16	139
7:38	0	150	38,0	2396	1990	0,83	44	1283	56,4	11,6	62,6	1,36	0,89	0,47	0,34	24	28	09:00:18	138
7:40	0	150	35,8	2252	1939	0,86	38	1456	55,9	11,0	63,0	1,56	1,01	0,55	0,35	25	29	09:00:20	137
7:41	0	150	35,9	2263	1925	0,85	41	1378	56,4	11,1	62,6	1,47	0,95	0,52	0,35	25	29	09:00:21	134
7:42	0	150	34,6	2180	1872	0,86	41	1350	55,6	10,7	63,2	1,46	0,95	0,51	0,35	25	30	09:00:22	134
7:43	0	150	34,8	2190	1887	0,86	42	1341	56,3	10,7	62,7	1,43	0,93	0,50	0,35	26	30	09:00:23	133
7:45	0	150	34,8	2193	1894	0,86	42	1344	56,4	10,7	62,6	1,43	0,93	0,50	0,35	26	30	09:00:25	134
7:47	0	150	33,7	2123	1834	0,86	42	1314	55,2	10,4	63,4	1,43	0,93	0,50	0,35	26	30	09:00:27	133
7:48	0	150	33,7	2125	1865	0,88	38	1455	54,6	10,4	63,8	1,60	1,05	0,55	0,34	26	29	09:00:28	134
7:49	0	150	34,0	2145	1825	0,85	43	1238	53,0	10,5	64,8	1,40	0,92	0,48	0,34	25	29	09:00:29	135
7:51	0	150	33,7	2121	1801	0,85	42	1220	51,7	10,4	65,7	1,41	0,93	0,49	0,35	24	29	09:00:31	135
7:52	0	150	33,7	2120	1800	0,85	42	1220	51,7	10,4	65,7	1,41	0,93	0,49	0,35	24	29	09:00:32	138
7:54	0	150	34,5	2171	1836	0,85	40	1300	51,7	10,6	65,7	1,51	0,98	0,53	0,35	24	28	09:00:34	139
7:55	0	150	34,9	2199	1865	0,85	37	1406	51,8	10,7	65,7	1,63	1,05	0,58	0,35	24	28	09:00:35	140
7:58	0	150	35,9	2261	1858	0,82	42	1245	51,8	11,0	65,6	1,44	0,92	0,52	0,36	23	28	09:00:38	140
7:59	0	150	36,6	2309	1931	0,84	37	1457	53,6	11,2	64,5	1,63	1,03	0,60	0,37	23	28	09:00:39	140
8:00	0	150	37,6	2366	1968	0,83	38	1455	55,1	11,5	63,5	1,59	1,01	0,58	0,37	23	28	09:00:40	140
8:01	0	150	37,7	2377	1955	0,82	42	1322	55,4	11,5	63,3	1,43	0,91	0,52	0,37	23	28	09:00:41	140
8:03	0	150	37,2	2341	1961	0,84	38	1450	55,4	11,4	63,3	1,57	1,00	0,57	0,36	24	28	09:00:43	140
8:04	0	150	36,7	2310	1953	0,85	37	1482	55,4	11,3	63,3	1,61	1,03	0,57	0,36	24	28	09:00:44	139
8:07	0	150	36,5	2297	1959	0,85	36	1540	55,3	11,2	63,3	1,67	1,05	0,62	0,37	24	28	09:00:47	139
8:08	0	150	36,4	2292	1937	0,85	41	1368	55,6	11,2	63,1	1,48	0,95	0,53	0,36	24	29	09:00:48	139
8:09	0	150	34,6	2178	1869	0,86	38	1410	53,6	10,7	64,5	1,58	1,01	0,57	0,36	25	29	09:00:49	139
8:11	0	150	34,6	2179	1869	0,86	38	1410	53,6	10,7	64,5	1,58	1,01	0,57	0,36	25	29	09:00:51	139
8:12	0	150	34,7	2189	1877	0,86	38	1422	53,6	10,7	64,5	1,59	1,02	0,57	0,36	24	29	09:00:52	140
8:14	0	150	35,2	2215	1880	0,85	40	1336	53,8	10,8	64,3	1,49	0,96	0,53	0,35	24	29	09:00:54	141
8:16	0	150	35,2	2215	1880	0,85	40	1336	53,8	10,8	64,3	1,49	0,96	0,53	0,35	24	29	09:00:56	141
8:18	0	150	34,7	2187	1818	0,83	45	1155	52,5	10,6	65,2	1,32	0,89	0,43	0,33	24	29	09:00:58	143
8:19	0	150	35,2	2216	1841	0,83	41	1247	51,3	10,8	66,0	1,46	0,97	0,49	0,34	23	28	09:00:59	143
8:22	0	150	37,0	2333	1938	0,83	39	1380	53,4	11,3	64,6	1,55	1,00	0,55	0,35	23	28	09:01:02	144
8:23	0	150	36,5	2300	1892	0,82	42	1258	52,3	11,2	65,4	1,44	0,96	0,48	0,33	23	28	09:01:03	145
8:24	0	150	36,6	2307	1887	0,82	42	1239	51,8	11,2	65,7	1,44	0,97	0,47	0,32	22	27	09:01:04	145
8:26	0	150	36,9	2328	1926	0,83	38	1400	52,7	11,3	65,1	1,59	1,04	0,55	0,35	23	27	09:01:06	145
8:28	0	150	37,6	2366	1990	0,84	33	1616	54,1	11,5	64,2	1,79	1,15	0,65	0,36	23	27	09:01:08	145
8:29	0	150	37,5	2363	1984	0,84	34	1588	54,6	11,5	63,8	1,75	1,10	0,65	0,37	23	28	09:01:09	145
8:30	0	150	37,4	2356	1981	0,84	36	1549	55,4	11,5	63,3	1,68	1,07	0,60	0,36	24	28	09:01:10	144
8:32	0	150	37,1	2334	1935	0,83	40	1366	54,4	11,3	64,0	1,51	1,00	0,51	0,34	23	28	09:01:12	144
8:35	0	150	35,9	2265	1893	0,84	38	1396	52,9	11,0	65,0	1,58	1,03	0,55	0,35	23	28	09:01:15	144
8:36	0	150	36,4	2294	1921	0,84	37	1457	53,7	11,2	64,4	1,63	1,04	0,59	0,36	23	28	09:01:16	144
8:38	0	150	37,7	2373	1978	0,83	37	1471	54,2	11,5	64,1	1,63	1,06	0,57	0,35	23	27	09:01:18	142
8:39	0	150	38,4	2419	1996	0,83	39	1412	55,4	11,7	63,3	1,53	0,99	0,54	0,35	23	28	09:01:19	142
8:41	0	150	38,7	2440	2033	0,83	37	1503	55,9	11,9	63,0	1,61	1,05	0,56	0,35	23	27	09:01:21	142
8:42	0	150	39,5	2492	2062	0,83	39	1468	56,8	12,1	62,3	1,55	1,00	0,55	0,35	23	28	09:01:22	143
8:43	0	150	41,2	2597	2131	0,82	42	1410	59,7	12,6	60,4	1,42	0,92	0,50	0,35	23	28	09:01:23	143
8:44	0	150	42,0	2643	2168	0,82	43	1418	60,6	12,8	59,8	1,40	0,91	0,49	0,35	23	28	09:01:24	143
8:47	0	150	40,2	2533	2094	0,83	44	1375	60,4	12,3	60,0	1,37	0,88	0,48	0,35	24	29	09:01:27	143
8:48	0	150	40,0	2519	2102	0,83	42	1430	60,1	12,3	60,2	1,43	0,93	0,50	0,35	24	29	09:01:28	143
8:50	0	150	39,7	2503	2073	0,83	47	1280	59,7	12,2	60,4	1,29	0,86	0,43	0,33	24	29	09:01:30	142
8:51	0	150	39,5	2488	2063	0,83	47	1255	59,3	12,1	60,7	1,27	0,85	0,42	0,33	24	29	09:01:31	141
8:54	0	150	36,5	2297	1967	0,86	38	1444	54,9	11,2	63,6	1,58	1,02	0,56	0,35	24	28	09:01:34	142
8:55	0	150	35,6	2242	1921	0,86	38	1408	52,9	11,0	64,9	1,60	1,04	0,56	0,35	24	28	09:01:35	142
8:56	0	150	35,2	2218	1879	0,85	38	1341	51,6	10,8	65,8	1,56	1,02	0,54	0,35	23	27	09:01:36	142
8:58	0	150	36,6	2305	1969	0,85	38	1440	54,3	11,3	64,0	1,59	1,03	0,56	0,35	24	28	09:01:38	142
8:59	0	150	36,2	2282	1931	0,85	39	1376	53,3	11,1	64,6	1,55	1,00	0,55	0,36	23	28	09:01:39	142
9:01	0	150	35,8	2257	1922	0,85	37	1443	52,9	11,0	64,9	1,64	1,04	0,59	0,36	23	28	09:01:41	142
9:02	0	150	35,5	2237	1906	0,85	36	1464	52,6	10,9	65,1	1,67	1,07	0,60	0,36	24	28	09:01:42	142
9:04	0	150	36,9	2325	1957	0,84	40	1378	54,7	11,3	63,7	1,51	0,99	0,52	0,35	24	28	09:01:44	141
9:06	0	150	37,7	2373	1989	0,84	41	1355	56,2	11,6	62,7	1,45	0,94	0,50	0,35	24	28	09:01:46	139
9:07	0	150	37,2	2345	1981	0,84	42	1356	56,7	11,4	62,4	1,43	0,94	0,50	0,35	24	29	09:01:47	138
9:09	0	150	36,7	2314	1964	0,85	41	1355	56,2	11,3	62,7	1,45	0,95	0,49	0,34	24	29	09:01:49	139
9:10	0	150	36,4	2294	1971	0,86	41	1388	56,5	11,2	62,5	1,47	0,98	0,50	0,34	25	29	09:01:50	139
9:12	0	150	36,7	2312	1997	0,86	42	1379	57,5	11,3	61,9	1,44	0,96	0,48	0,33	25	29	09:01:52	139
9:13	0	150	36,6	2305	2002	0,87	43	1360	58,0	11,3	61,5	1,41	0,94	0,47	0,33	25	29	09:01:53	139
9:15	0	150	36,6	2305	2003	0,87	43	1360	58,0	11,3	61,5	1,41	0,94	0,47	0,33	25	29	09:01:55	139
9:16	0	150	36,6	2305	2003	0,87	43	1360	58,0	11,3	61,5	1,41	0,94	0,47	0,33	25	29	09:01:56	139
9:18	0	150	36,8	2315	2007	0,87	42	1367	57,9	11,4	61,6	1,42	0,93	0,49	0,34	25	29	09:01:58	139
9:19	0	150	36,6	2309	1978	0,86	45	1280	57,4	11,3	61,9	1,34	0,87	0,47	0,35	25	29	09:01:59	139
9:21	0	150	36,6	2308	2001	0,87	41	1392	57,8	11,3	61,7	1,45	0,93	0,52	0,36	25	29	09:02:01	139
9:22	0	150	34,8	2193	1924	0,88	38	1452	55,0	10,8	63,5	1,58	1,00	0,58	0,37	25	29	09:02:02	139
9:24	0	150	34,1	2147	1898	0,88	34	1537	53,0	10,6	64,9	1,74	1,11	0,63	0,36	25	28	09:02:04	139
9:26	0	150	35,8	2254	1982	0,88	35	1580	54,8	11,1	63,6	1,73	1,10	0,63	0,37	24	28	09:02:06	140
9:28	0	150	35,8	2254	1953	0,87	37	1456	54,1	11,1	64,1	1,61	1,04	0,58	0,36	24	28	09:02:08	140
9:30	0	150	34,8	2194	1933	0,88	33	1602	53,3	10,8	64,7	1,80	1,17	0,63	0,35	24	28	09:02:10	140
9:31	0	150	34,0	2142	1880	0,88	34	1519	51,8	10,5	65,7	1,76	1,16	0,60	0,34	24	28	09:02:11	140
9:32	0	150	33,1	2084	1825	0,88	34	1479	49,9	10,2	66,9	1,78	1,18	0,60	0,34	24	27	09:02:12	142
9:34	0	150	33,1	2086	1821	0,87	33	1517	49,6	10,2	67,1	1,84	1,21	0,62	0,34	24	27	09:02:14	142
9:36	0	150	33,8	2129	1840	0,86	31	1599	49,8	10,4	67,0	1,93	1,24	0,69	0,36	23	27	09:02:16	142
9:38	0	150	33,2	2094	1769	0,84	34	1425	48,3	10,2	68,0	1,77	1,15	0,62	0,35	23	27	09:02:18	142
9:39	0	150	32,5	2046	1735	0,85	35	1364	47,6	10,0	68,5	1,72	1,14	0,58	0,34	23	27	09:02:19	142
9:41	0	150	32,9	2070	1701	0,82	39	1191	46,6	10,0	69,1	1,53	1,01	0,52	0,34	23	27	09:02:21	143
9:42	0	150	33,9	2133	1735	0,81	38	1258	47,2	10,3	68,7	1,60	1,03	0,57	0,35	22	27	09:02:22	143
9:44	0	150	36,1	2275	1826	0,80	37	1309	48,9	11,0	67,6	1,61	1,03	0,58	0,36	21	27	09:02:24	143
9:46	0	150	36,3	2290	1846	0,81	36	1372	49,5	11,1	67,2	1,66	1,06	0,60	0,36	22	27	09:02:26	143
9:48	0	150	34,1	2151	1732	0,81	35	1341	46,9	10,4	68,9	1,72	1,13	0,58	0,34	22	27	09:02:28	143
9:50	0	150	35,6	2243	1824	0,81	32	1516	48,6	10,9	67,8	1,87	1,22	0,65	0,35	22	27	09:02:30	143
9:52	0	150	36,7	2311	1852	0,80	36	1360	49,6	11,2	67,1	1,64	1,09	0,56	0,34	21	27	09:02:32	143
9:53	0	150	35,2	2217	1789	0,81	38	1303	48,9	10,7	67,6	1,60	1,06	0,53	0,33	22	27	09:02:33	142
9:55	0	150	35,5	2237	1849	0,83	35	1446	50,1	10,9	66,8	1,73	1,14	0,59	0,34	22	27	09:02:35	140
9:57	0	150	35,5	2238	1849	0,83	35	1446	50,1	10,9	66,8	1,73	1,14	0,59	0,34	22	27	09:02:37	139
9:58	0	150	36,5	2301	1902	0,83	36	1445	51,9	11,2	65,6	1,67	1,11	0,56	0,33	23	27	09:02:38	139
10:00	0	150	38,2	2404	2008	0,84	35	1566	55,0	11,7	63,5	1,71	1,09	0,61	0,36	23	27	09:02:40	139
10:01	0	150	36,4	2294	1917	0,84	39	1389	53,9	11,2	64,3	1,55	0,99	0,55	0,36	24	28	09:02:41	139
10:04	0	150	36,4	2294	1917	0,84	39	1389	53,9	11,2	64,3	1,55	0,99	0,55	0,36	23	28	09:02:44	139
10:05	0	150	36,2	2281	1913	0,84	38	1391	53,4	11,1	64,6	1,56	1,00	0,56	0,36	23	28	09:02:45	140
10:07	0	150	36,9	2324	1922	0,83	42	1286	54,6	11,3	63,8	1,41	0,91	0,50	0,36	23	28	09:02:47	140
10:08	0	150	37,5	2363	1955	0,83	42	1308	54,6	11,5	63,8	1,44	0,93	0,51	0,35	23	28	09:02:48	142
10:10	0	150	38,4	2417	2031	0,84	39	1438	56,3	11,8	62,7	1,53	0,98	0,56	0,36	23	28	09:02:50	141
10:11	0	150	38,8	2444	2032	0,83	43	1316	56,8	11,9	62,4	1,39	0,90	0,49	0,35	23	28	09:02:51	141
10:12	0	150	39,4	2479	2071	0,84	43	1355	58,2	12,1	61,4	1,40	0,91	0,48	0,35	23	28	09:02:52	141
10:14	0	150	40,1	2524	2136	0,85	41	1464	60,4	12,3	60,0	1,45	0,94	0,52	0,35	24	28	09:02:54	141
10:15	0	150	40,1	2525	2137	0,85	41	1464	60,4	12,3	60,0	1,45	0,94	0,52	0,35	24	28	09:02:55	141
10:16	0	150	38,4	2421	2070	0,86	41	1442	59,3	11,8	60,7	1,46	0,94	0,52	0,36	24	29	09:02:56	141
10:17	0	150	38,4	2422	2071	0,85	41	1442	59,3	11,8	60,7	1,46	0,94	0,52	0,36	24	29	09:02:57	141
10:19	0	150	36,9	2323	1988	0,86	42	1373	57,5	11,4	61,9	1,43	0,92	0,51	0,36	25	29	09:02:59	141
10:21	0	150	36,5	2301	2007	0,87	38	1515	57,1	11,3	62,2	1,59	1,02	0,57	0,36	25	28	09:03:01	141
10:22	0	150	36,2	2279	1986	0,87	38	1490	56,2	11,2	62,8	1,59	1,02	0,57	0,36	25	28	09:03:02	141
10:24	0	150	35,4	2229	1928	0,86	40	1389	54,9	10,9	63,6	1,52	0,98	0,54	0,36	25	28	09:03:04	141
10:25	0	150	35,4	2229	1928	0,87	40	1389	54,9	10,9	63,6	1,52	0,98	0,54	0,36	25	28	09:03:05	141
10:28	0	150	34,8	2193	1886	0,86	40	1333	53,8	10,7	64,3	1,49	0,96	0,53	0,36	25	29	09:03:08	141
10:29	0	150	34,3	2161	1806	0,84	45	1149	52,0	10,5	65,5	1,33	0,86	0,46	0,35	24	29	09:03:09	141
10:30	0	150	34,6	2177	1838	0,84	43	1200	52,0	10,6	65,5	1,38	0,90	0,49	0,35	24	28	09:03:10	142
10:32	0	150	34,3	2159	1783	0,83	44	1139	50,2	10,5	66,7	1,36	0,88	0,48	0,36	23	28	09:03:12	141
10:34	0	150	32,2	2026	1715	0,85	35	1338	46,9	9,9	68,9	1,71	1,11	0,60	0,35	23	27	09:03:14	141
10:35	0	150	32,7	2058	1716	0,83	35	1328	46,3	10,0	69,3	1,72	1,12	0,60	0,35	23	27	09:03:15	141
10:37	0	150	33,9	2138	1777	0,83	35	1377	47,7	10,4	68,4	1,73	1,13	0,60	0,35	22	27	09:03:17	140
10:38	0	150	38,2	2408	1912	0,79	44	1182	52,4	11,6	65,3	1,35	0,86	0,49	0,36	22	27	09:03:18	141
10:40	0	150	39,4	2484	2007	0,81	41	1355	55,2	12,0	63,4	1,47	0,93	0,54	0,37	22	28	09:03:20	141
10:41	0	150	37,1	2340	1898	0,81	40	1302	52,7	11,3	65,1	1,48	0,94	0,54	0,37	23	28	09:03:21	141
10:43	0	150	37,2	2340	1931	0,83	39	1386	53,8	11,4	64,3	1,55	1,01	0,54	0,35	23	28	09:03:23	143
10:45	0	150	38,1	2401	1983	0,83	39	1413	54,8	11,7	63,6	1,55	1,01	0,53	0,34	23	28	09:03:25	144
10:46	0	150	36,5	2302	1924	0,84	39	1398	54,0	11,2	64,2	1,55	1,02	0,53	0,34	23	28	09:03:26	144
10:48	0	150	35,7	2252	1907	0,85	36	1447	52,8	11,0	65,0	1,64	1,08	0,56	0,34	23	28	09:03:28	144
10:50	0	150	35,2	2216	1879	0,85	35	1463	51,6	10,8	65,8	1,70	1,11	0,59	0,35	23	27	09:03:30	144
10:51	0	150	34,6	2181	1830	0,84	39	1317	51,1	10,6	66,1	1,55	1,03	0,52	0,34	23	28	09:03:31	144
10:53	0	150	35,2	2216	1860	0,84	38	1365	51,8	10,8	65,6	1,58	1,05	0,53	0,33	23	28	09:03:33	144
10:55	0	150	35,7	2250	1867	0,83	39	1348	52,0	10,9	65,5	1,55	1,00	0,55	0,35	23	28	09:03:35	144
10:56	0	150	36,5	2298	1903	0,83	38	1386	53,2	11,2	64,7	1,56	1,00	0,56	0,36	23	28	09:03:36	144
10:57	0	150	37,5	2360	1947	0,83	40	1375	54,5	11,5	63,9	1,51	0,96	0,55	0,36	23	28	09:03:37	143
10:59	0	150	38,0	2392	1987	0,83	39	1448	55,7	11,6	63,0	1,56	1,00	0,56	0,36	23	28	09:03:39	142
SV1																			
11:01	0	150	37,4	2359	1973	0,84	39	1446	55,8	11,5	63,0	1,55	1,00	0,55	0,35	24	28	09:03:41	141
11:02	0	150	37,1	2338	1965	0,84	38	1450	55,3	11,4	63,4	1,57	1,02	0,56	0,35	24	28	09:03:42	141
11:03	0	150	37,1	2339	1965	0,84	38	1450	55,3	11,4	63,4	1,57	1,02	0,56	0,35	24	28	09:03:43	141
11:05	0	150	35,5	2239	1907	0,85	37	1473	53,8	10,9	64,3	1,64	1,06	0,59	0,36	24	28	09:03:45	142
11:07	0	150	34,8	2194	1875	0,85	37	1431	53,2	10,7	64,7	1,61	1,04	0,57	0,35	24	28	09:03:47	142
11:08	0	150	34,8	2195	1883	0,86	37	1447	53,0	10,7	64,9	1,64	1,06	0,57	0,35	24	28	09:03:48	142
11:09	0	150	34,8	2195	1883	0,86	37	1447	53,0	10,7	64,9	1,64	1,06	0,57	0,35	24	28	09:03:49	142
11:11	0	150	35,0	2207	1862	0,84	41	1293	52,9	10,8	64,9	1,47	0,96	0,51	0,35	24	28	09:03:51	142
11:12	0	150	35,6	2243	1897	0,85	41	1325	53,8	10,9	64,3	1,48	0,97	0,51	0,34	24	28	09:03:52	142
11:14	0	150	36,6	2308	1918	0,83	45	1214	55,1	11,2	63,5	1,32	0,87	0,45	0,34	24	29	09:03:54	141
11:16	0	150	37,4	2359	1982	0,84	42	1347	56,4	11,5	62,6	1,43	0,93	0,50	0,35	24	28	09:03:56	141
11:17	0	150	37,3	2349	1977	0,84	43	1338	57,2	11,4	62,1	1,40	0,91	0,50	0,35	24	29	09:03:57	141
11:19	0	150	37,3	2349	1978	0,84	43	1338	57,2	11,5	62,1	1,40	0,91	0,50	0,35	24	29	09:03:59	140
11:21	0	150	37,1	2339	1990	0,85	42	1357	57,2	11,4	62,1	1,42	0,93	0,50	0,35	24	29	09:04:01	140
11:22	0	150	36,7	2314	1954	0,84	46	1240	56,7	11,3	62,4	1,31	0,86	0,45	0,34	25	29	09:04:02	141
11:23	0	150	37,1	2339	1996	0,85	43	1327	57,6	11,4	61,8	1,38	0,90	0,49	0,35	25	29	09:04:03	141
11:24	0	150	37,2	2345	2015	0,86	43	1358	58,5	11,5	61,2	1,39	0,91	0,49	0,35	25	29	09:04:04	141
11:26	0	150	37,3	2349	2001	0,85	47	1275	59,3	11,5	60,7	1,29	0,85	0,44	0,34	25	30	09:04:06	141
11:27	0	150	36,9	2325	2008	0,86	43	1367	58,9	11,4	60,9	1,39	0,92	0,47	0,34	25	29	09:04:07	141
11:29	0	150	36,9	2325	2008	0,86	43	1367	58,9	11,4	60,9	1,39	0,92	0,47	0,34	25	29	09:04:09	140
11:31	0	150	36,4	2291	1981	0,86	43	1376	58,8	11,2	61,0	1,40	0,93	0,48	0,34	26	30	09:04:11	140
11:32	0	150	35,6	2241	1978	0,88	38	1534	58,2	11,0	61,4	1,58	1,04	0,55	0,35	26	29	09:04:12	140
11:33	0	150	34,1	2146	1893	0,88	38	1455	55,4	10,6	63,3	1,58	1,03	0,54	0,35	26	29	09:04:13	140
11:35	0	150	33,2	2093	1827	0,87	39	1363	52,7	10,3	65,1	1,55	1,03	0,52	0,34	25	29	09:04:15	141
11:37	0	150	32,4	2039	1751	0,86	38	1301	49,7	10,0	67,1	1,57	1,04	0,53	0,34	24	28	09:04:17	142
11:39	0	150	32,9	2075	1776	0,86	34	1430	49,3	10,1	67,3	1,74	1,13	0,61	0,35	24	28	09:04:19	141
11:40	0	150	32,3	2036	1727	0,85	38	1282	48,4	9,9	67,9	1,59	1,06	0,53	0,34	24	28	09:04:20	141
11:42	0	150	32,1	2025	1664	0,82	40	1158	46,4	9,8	69,2	1,50	1,01	0,49	0,33	23	28	09:04:22	141
11:45	0	150	32,2	2031	1699	0,84	33	1423	46,3	9,9	69,3	1,84	1,21	0,63	0,34	23	27	09:04:25	141
11:47	0	150	32,2	2030	1698	0,84	33	1423	46,3	9,9	69,3	1,84	1,21	0,63	0,34	23	27	09:04:27	141
11:48	0	150	32,4	2042	1690	0,83	33	1407	46,0	9,9	69,5	1,83	1,20	0,63	0,35	23	27	09:04:28	141
11:50	0	150	33,4	2102	1749	0,83	32	1512	47,8	10,2	68,3	1,90	1,23	0,67	0,35	23	27	09:04:30	142
11:52	0	150	33,3	2099	1723	0,82	32	1456	46,8	10,2	69,0	1,87	1,20	0,67	0,36	22	27	09:04:32	142
11:53	0	150	34,1	2151	1758	0,82	31	1519	47,1	10,4	68,8	1,94	1,23	0,70	0,36	22	27	09:04:33	142
11:55	0	150	34,3	2159	1753	0,81	31	1510	46,7	10,5	69,0	1,94	1,23	0,71	0,37	22	27	09:04:35	143
11:56	0	150	35,9	2263	1775	0,78	37	1290	47,7	10,9	68,4	1,62	1,05	0,58	0,36	21	27	09:04:36	143
11:59	0	150	36,1	2274	1829	0,80	33	1510	49,6	11,0	67,1	1,83	1,20	0,63	0,34	22	27	09:04:39	143
12:00	0	150	37,3	2352	1883	0,80	34	1489	51,1	11,4	66,1	1,75	1,14	0,61	0,35	22	27	09:04:40	143
12:01	0	150	37,7	2378	1930	0,81	35	1522	53,0	11,5	64,8	1,72	1,13	0,59	0,34	22	27	09:04:41	143
12:03	0	150	38,3	2416	1966	0,81	38	1446	55,1	11,7	63,5	1,57	1,07	0,51	0,32	23	28	09:04:43	143
12:04	0	150	38,6	2432	1997	0,82	39	1458	56,4	11,8	62,6	1,55	1,05	0,50	0,32	23	28	09:04:44	143
12:05	0	150	39,5	2488	2025	0,81	44	1311	57,8	12,0	61,7	1,36	0,90	0,46	0,34	23	29	09:04:45	143
12:07	0	150	39,4	2482	2050	0,83	43	1376	58,5	12,1	61,2	1,41	0,93	0,48	0,34	24	29	09:04:47	143
12:08	0	150	39,4	2483	2050	0,83	43	1376	58,5	12,1	61,2	1,41	0,93	0,48	0,34	24	29	09:04:48	143
12:11	0	150	36,8	2317	1900	0,82	44	1254	54,9	11,2	63,6	1,37	0,91	0,46	0,33	24	29	09:04:51	143
12:13	0	150	34,7	2188	1777	0,81	44	1160	50,8	10,6	66,3	1,37	0,94	0,43	0,32	23	29	09:04:53	143
12:16	0	150	32,5	2049	1670	0,81	36	1256	45,7	9,9	69,7	1,65	1,12	0,53	0,32	22	27	09:04:56	143
12:17	0	150	33,0	2076	1683	0,81	34	1318	44,8	10,0	70,3	1,76	1,20	0,56	0,32	22	27	09:04:57	143
12:19	0	150	32,1	2020	1621	0,80	32	1330	42,3	9,8	72,0	1,89	1,32	0,57	0,30	21	26	09:04:59	143
12:21	0	150	32,0	2019	1620	0,80	32	1330	42,3	9,8	72,0	1,89	1,32	0,57	0,30	21	26	09:05:01	143
12:23	0	150	34,3	2159	1728	0,80	30	1470	43,8	10,4	70,9	2,01	1,37	0,64	0,32	20	25	09:05:03	143
12:25	0	150	37,1	2338	1873	0,80	32	1521	48,5	11,3	67,8	1,88	1,26	0,62	0,33	21	26	09:05:05	143
12:26	0	150	39,2	2468	1963	0,80	33	1581	51,4	11,9	65,9	1,84	1,21	0,63	0,34	21	26	09:05:06	143
12:27	0	150	41,1	2589	2071	0,80	36	1557	55,3	12,5	63,3	1,69	1,08	0,61	0,36	21	27	09:05:07	141
12:29	0	150	41,2	2597	2095	0,81	37	1538	57,3	12,6	62,0	1,61	1,02	0,59	0,37	22	27	09:05:09	141
12:30	0	150	41,9	2637	2132	0,81	42	1452	60,8	12,8	59,7	1,43	0,91	0,52	0,36	23	29	09:05:10	141
12:31	0	150	41,9	2638	2133	0,81	42	1452	60,8	12,8	59,7	1,43	0,91	0,52	0,36	23	29	09:05:11	141
12:33	0	150	40,8	2568	2119	0,83	41	1471	60,9	12,5	59,6	1,45	0,93	0,52	0,36	24	29	09:05:13	141
12:35	0	150	39,7	2504	2117	0,85	42	1476	61,5	12,2	59,2	1,44	0,94	0,50	0,35	25	29	09:05:15	141
12:37	0	150	38,8	2446	2087	0,85	40	1491	60,3	12,0	60,0	1,48	0,98	0,51	0,34	25	29	09:05:17	142
12:39	0	150	36,9	2322	1992	0,86	40	1428	57,1	11,4	62,1	1,50	1,00	0,50	0,33	25	29	09:05:19	141
12:40	0	150	35,5	2235	1910	0,85	41	1322	54,3	10,9	64,0	1,46	0,99	0,47	0,32	24	28	09:05:20	141
12:41	0	150	34,1	2147	1813	0,84	42	1223	51,2	10,5	66,1	1,43	0,96	0,47	0,33	24	28	09:05:21	140
12:43	0	150	34,2	2155	1775	0,82	41	1187	48,9	10,5	67,6	1,46	0,96	0,49	0,34	23	28	09:05:23	140
12:45	0	150	33,4	2105	1706	0,81	41	1126	46,2	10,2	69,4	1,46	0,96	0,50	0,34	22	27	09:05:25	140
12:46	0	150	32,0	2019	1614	0,80	44	997	44,3	9,7	70,7	1,35	0,91	0,44	0,33	22	27	09:05:26	140
12:49	0	150	33,3	2096	1697	0,81	38	1214	46,0	10,1	69,5	1,58	1,08	0,50	0,32	22	27	09:05:29	140
12:50	0	150	34,6	2183	1786	0,82	35	1380	47,8	10,6	68,3	1,73	1,16	0,57	0,33	22	27	09:05:30	140
12:51	0	150	35,6	2241	1829	0,82	35	1422	49,2	10,9	67,4	1,73	1,13	0,60	0,35	22	27	09:05:31	140
12:53	0	150	36,4	2292	1877	0,82	35	1453	50,9	11,1	66,2	1,71	1,13	0,59	0,34	22	27	09:05:33	141
12:54	0	150	36,2	2278	1856	0,81	37	1398	51,2	11,0	66,1	1,64	1,13	0,50	0,31	22	28	09:05:34	142
12:56	0	150	37,5	2365	1930	0,82	38	1414	54,0	11,5	64,2	1,57	1,08	0,49	0,31	23	28	09:05:36	143
12:57	0	150	39,4	2481	2008	0,81	45	1275	57,6	12,0	61,8	1,33	0,89	0,44	0,33	23	29	09:05:37	143
12:58	0	150	39,8	2506	2056	0,82	46	1290	59,5	12,2	60,5	1,30	0,82	0,48	0,37	24	29	09:05:38	144
13:00	0	150	39,2	2472	2080	0,84	43	1403	60,7	12,1	59,8	1,39	0,86	0,52	0,38	25	29	09:05:40	144
13:01	0	150	38,9	2452	2089	0,85	43	1426	61,5	12,0	59,3	1,39	0,88	0,51	0,36	25	29	09:05:41	144
13:03	0	150	38,0	2392	2028	0,85	40	1465	59,0	11,7	60,9	1,49	0,98	0,51	0,34	25	29	09:05:43	144
13:05	0	150	37,5	2364	2023	0,86	44	1374	60,2	11,6	60,1	1,37	0,87	0,50	0,37	25	30	09:05:45	144
13:06	0	150	35,4	2229	1968	0,88	39	1502	57,9	11,0	61,6	1,56	0,99	0,57	0,37	26	29	09:05:46	144
13:07	0	150	34,2	2155	1898	0,88	40	1405	55,8	10,6	63,0	1,51	0,97	0,54	0,36	26	29	09:05:47	144
13:09	0	150	34,2	2156	1856	0,86	43	1271	54,1	10,6	64,1	1,41	0,91	0,50	0,35	25	29	09:05:49	144
13:11	0	150	34,3	2162	1868	0,86	38	1412	53,0	10,6	64,9	1,60	1,03	0,57	0,35	24	28	09:05:51	144
13:12	0	150	34,3	2161	1867	0,86	38	1412	53,0	10,6	64,9	1,60	1,03	0,57	0,35	25	28	09:05:52	144
13:14	0	150	35,3	2223	1926	0,87	35	1544	53,9	10,9	64,3	1,72	1,10	0,62	0,36	24	28	09:05:54	145
13:15	0	150	36,7	2314	1960	0,85	39	1422	55,3	11,3	63,4	1,54	1,00	0,55	0,35	24	28	09:05:55	146
13:17	0	150	36,6	2305	1945	0,84	39	1402	54,8	11,2	63,7	1,54	1,00	0,54	0,35	24	28	09:05:57	147
13:19	0	150	38,2	2404	2022	0,84	39	1453	56,3	11,7	62,7	1,55	1,01	0,53	0,34	23	28	09:05:59	147
13:20	0	150	38,2	2408	2017	0,84	38	1452	55,9	11,7	63,0	1,56	1,03	0,53	0,34	23	28	09:06:00	147
13:23	0	150	38,4	2417	2034	0,84	37	1517	56,0	11,8	62,9	1,63	1,02	0,60	0,37	23	28	09:06:03	147
13:24	0	150	38,1	2400	1991	0,83	39	1396	54,8	11,7	63,7	1,53	0,98	0,55	0,36	23	28	09:06:04	147
13:25	0	150	38,1	2399	1990	0,83	39	1396	54,8	11,7	63,7	1,53	0,98	0,55	0,36	23	28	09:06:05	148
13:26	0	150	38,6	2431	2002	0,82	39	1390	54,7	11,8	63,8	1,53	0,97	0,55	0,36	22	27	09:06:06	148
SV2																			
13:28	0	150	38,6	2431	2001	0,82	39	1390	54,7	11,8	63,8	1,53	0,97	0,55	0,36	22	27	09:06:08	148
13:30	0	150	37,7	2373	1977	0,83	36	1488	54,2	11,5	64,1	1,65	1,03	0,62	0,38	23	27	09:06:10	148
13:33	0	150	36,9	2327	1975	0,85	32	1667	53,7	11,4	64,4	1,86	1,15	0,71	0,38	23	27	09:06:13	148
13:34	0	150	37,1	2335	1953	0,84	36	1479	53,8	11,4	64,3	1,65	1,05	0,60	0,36	23	28	09:06:14	148
13:36	0	150	37,7	2377	1994	0,84	36	1529	54,8	11,6	63,7	1,67	1,07	0,61	0,36	23	27	09:06:16	147
13:37	0	150	37,7	2376	1992	0,84	36	1515	54,9	11,6	63,6	1,66	1,06	0,60	0,36	23	28	09:06:17	146
13:38	0	150	37,4	2355	1982	0,84	36	1530	54,8	11,5	63,7	1,68	1,07	0,61	0,36	23	28	09:06:18	146
13:40	0	150	37,7	2374	1999	0,84	37	1517	55,6	11,6	63,1	1,64	1,04	0,59	0,36	23	28	09:06:20	146
13:41	0	150	39,3	2478	2068	0,83	41	1426	58,9	12,1	60,9	1,45	0,94	0,52	0,36	24	28	09:06:21	146
13:44	0	150	39,3	2478	2068	0,83	41	1426	58,9	12,1	60,9	1,45	0,94	0,52	0,36	24	28	09:06:24	146
13:45	0	150	39,5	2491	2084	0,84	44	1381	60,2	12,1	60,1	1,38	0,89	0,48	0,35	24	29	09:06:25	146
13:46	0	150	38,9	2453	2058	0,84	45	1330	60,0	11,9	60,2	1,33	0,86	0,47	0,35	24	29	09:06:26	146
13:47	0	150	38,4	2416	2015	0,83	47	1260	59,2	11,8	60,8	1,28	0,84	0,44	0,35	24	29	09:06:27	146
13:48	0	150	37,0	2333	2000	0,86	40	1442	58,0	11,4	61,6	1,49	1,01	0,48	0,32	25	29	09:06:28	146
13:50	0	150	36,3	2284	1941	0,85	43	1320	56,7	11,2	62,4	1,40	0,95	0,44	0,32	25	29	09:06:30	146
13:51	0	150	36,3	2289	1929	0,84	44	1288	56,3	11,2	62,7	1,37	0,94	0,44	0,32	25	29	09:06:31	146
13:53	0	150	37,3	2353	1939	0,82	46	1214	55,6	11,4	63,1	1,31	0,86	0,45	0,35	24	29	09:06:33	146
13:54	0	180	37,6	2366	1947	0,82	45	1233	55,5	11,5	63,2	1,33	0,87	0,46	0,35	23	29	09:06:34	147
13:56	0	180	38,3	2415	1985	0,82	42	1315	55,7	11,7	63,1	1,42	0,91	0,51	0,36	23	28	09:06:36	147
13:57	0	180	38,3	2415	1993	0,83	41	1355	56,1	11,7	62,8	1,45	0,93	0,52	0,36	23	28	09:06:37	147
13:59	0	180	38,8	2442	2046	0,84	39	1478	57,3	11,9	62,0	1,55	0,99	0,55	0,36	23	28	09:06:39	147
14:00	0	180	38,8	2442	2046	0,84	39	1478	57,3	11,9	62,0	1,55	0,99	0,55	0,36	23	28	09:06:40	147
14:02	0	180	38,9	2450	2067	0,84	38	1534	58,0	11,9	61,6	1,59	1,01	0,57	0,36	24	28	09:06:42	147
14:03	0	180	40,0	2519	2132	0,85	38	1569	60,3	12,3	60,0	1,56	0,98	0,58	0,37	24	28	09:06:43	147
14:05	0	180	38,3	2414	2067	0,86	37	1583	58,9	11,8	60,9	1,61	1,02	0,60	0,37	24	28	09:06:45	147
14:06	0	180	37,9	2389	2046	0,86	37	1559	58,2	11,7	61,4	1,61	1,03	0,58	0,36	24	28	09:06:46	147
14:08	0	180	36,3	2289	1955	0,85	38	1464	55,4	11,2	63,2	1,58	1,02	0,57	0,36	24	28	09:06:48	147
14:09	0	180	35,9	2263	1894	0,84	41	1328	53,8	11,0	64,3	1,48	0,95	0,53	0,36	24	28	09:06:49	147
14:11	0	180	35,9	2262	1913	0,85	35	1510	53,2	11,0	64,7	1,70	1,08	0,63	0,37	24	28	09:06:51	147
14:21	0	180	35,6	2243	1876	0,84	38	1381	52,8	10,9	65,0	1,57	1,02	0,55	0,35	24	28	09:07:01	147
14:23	0	180	36,4	2293	1927	0,84	36	1480	53,5	11,2	64,5	1,66	1,06	0,60	0,36	23	28	09:07:03	147
14:25	0	180	37,2	2345	1980	0,84	34	1609	55,0	11,4	63,6	1,76	1,11	0,65	0,37	23	28	09:07:05	148
14:26	0	180	35,9	2264	1916	0,85	35	1549	53,5	11,0	64,5	1,74	1,09	0,65	0,37	24	28	09:07:06	149
14:28	0	180	36,7	2310	1962	0,85	34	1606	54,5	11,3	63,9	1,77	1,11	0,66	0,37	24	28	09:07:08	149
14:29	0	180	37,3	2349	2005	0,85	34	1641	55,8	11,5	63,0	1,77	1,11	0,66	0,37	24	28	09:07:09	149
14:30	0	180	38,8	2447	2069	0,85	39	1506	58,3	11,9	61,4	1,55	0,99	0,56	0,36	24	28	09:07:10	149
14:33	0	180	35,6	2243	1900	0,85	41	1327	54,7	10,9	63,7	1,46	0,95	0,51	0,35	24	29	09:07:13	149
14:34	0	180	34,5	2171	1792	0,83	46	1118	51,2	10,5	66,1	1,31	0,88	0,43	0,33	24	29	09:07:14	149
14:36	0	180	34,4	2168	1791	0,83	46	1118	51,2	10,5	66,1	1,31	0,88	0,43	0,33	24	29	09:07:16	149
14:38	0	180	37,6	2369	1963	0,83	41	1344	54,5	11,5	63,9	1,48	1,00	0,48	0,32	23	28	09:07:18	148
14:39	0	180	40,2	2532	2073	0,82	38	1461	56,1	12,3	62,8	1,56	1,02	0,54	0,35	22	27	09:07:19	149
14:41	0	180	40,9	2575	2117	0,82	38	1524	57,5	12,5	61,9	1,59	1,03	0,56	0,35	22	27	09:07:21	150
14:42	0	180	41,6	2623	2165	0,83	38	1559	59,2	12,7	60,7	1,58	1,02	0,56	0,35	23	27	09:07:22	152
14:44	0	180	42,3	2666	2246	0,84	37	1687	62,0	13,0	58,9	1,63	1,04	0,59	0,36	23	28	09:07:24	152
14:45	0	180	43,9	2763	2299	0,83	39	1608	63,5	13,4	57,9	1,52	0,98	0,54	0,36	23	28	09:07:25	152
14:46	0	180	42,9	2700	2269	0,84	43	1511	64,5	13,2	57,3	1,41	0,92	0,48	0,34	24	28	09:07:26	153
14:48	0	180	43,2	2723	2318	0,85	46	1476	67,5	13,3	55,3	1,31	0,84	0,47	0,36	25	29	09:07:28	152
14:49	0	180	41,8	2631	2243	0,85	44	1468	64,6	12,9	57,2	1,36	0,86	0,50	0,37	25	29	09:07:29	152
14:50	0	180	40,7	2561	2189	0,85	45	1401	63,1	12,5	58,2	1,33	0,84	0,49	0,37	25	29	09:07:30	152
14:51	0	180	39,3	2478	2123	0,86	45	1365	60,9	12,1	59,7	1,35	0,85	0,50	0,37	25	29	09:07:31	152
14:53	0	180	40,7	2565	2195	0,86	46	1373	63,7	12,5	57,8	1,29	0,83	0,47	0,36	25	29	09:07:33	152
14:54	0	180	40,2	2532	2164	0,85	44	1467	64,2	12,4	57,5	1,37	0,87	0,50	0,37	25	30	09:07:34	152
14:56	0	180	41,0	2582	2193	0,85	44	1461	64,6	12,6	57,2	1,36	0,86	0,50	0,37	25	29	09:07:36	152
14:57	0	180	39,2	2469	2063	0,84	46	1303	60,5	12,0	59,9	1,29	0,81	0,48	0,37	25	29	09:07:37	152
14:59	0	180	36,8	2319	1943	0,84	46	1251	57,7	11,3	61,8	1,30	0,83	0,48	0,37	25	30	09:07:39	152
15:01	0	180	37,3	2348	1948	0,83	46	1241	57,3	11,4	62,0	1,30	0,83	0,47	0,36	24	29	09:07:41	151
15:02	0	180	38,1	2401	1973	0,82	46	1245	57,5	11,7	61,9	1,30	0,83	0,47	0,36	24	29	09:07:42	151
15:04	0	180	38,9	2451	2028	0,83	42	1380	57,7	11,9	61,8	1,44	0,90	0,53	0,37	24	28	09:07:44	151
15:06	0	180	35,6	2245	1860	0,83	39	1315	51,3	10,9	66,0	1,54	1,01	0,53	0,34	23	28	09:07:46	151
15:07	0	180	33,3	2096	1726	0,82	41	1177	48,4	10,2	67,9	1,46	0,98	0,48	0,33	23	28	09:07:47	151
15:09	0	180	37,8	2379	1952	0,82	39	1382	53,2	11,5	64,7	1,56	1,02	0,54	0,35	22	27	09:07:49	151
15:10	0	180	43,6	2749	2254	0,82	41	1483	61,5	13,3	59,3	1,45	0,89	0,56	0,39	22	27	09:07:50	151
15:11	0	180	44,4	2797	2307	0,82	42	1524	64,3	13,6	57,4	1,42	0,87	0,55	0,39	23	28	09:07:51	151
15:12	0	180	44,9	2828	2370	0,84	42	1607	67,2	13,8	55,4	1,43	0,88	0,55	0,38	24	28	09:07:52	151
15:13	0	180	44,0	2770	2320	0,84	47	1450	68,4	13,5	54,7	1,27	0,79	0,48	0,38	25	29	09:07:53	152
15:14	0	180	44,5	2802	2390	0,85	48	1499	71,4	13,7	52,7	1,26	0,78	0,48	0,38	25	30	09:07:54	152
15:16	0	180	44,5	2804	2391	0,85	48	1499	71,4	13,7	52,7	1,26	0,78	0,48	0,38	25	30	09:07:56	152
15:17	0	180	41,1	2592	2236	0,86	51	1346	68,4	12,7	54,6	1,18	0,76	0,42	0,36	26	31	09:07:57	152
15:18	0	180	40,5	2554	2188	0,86	52	1278	66,5	12,5	55,9	1,15	0,74	0,41	0,36	26	30	09:07:58	152
15:21	0	180	39,9	2516	2170	0,86	52	1264	65,1	12,3	56,8	1,16	0,75	0,42	0,36	26	30	09:08:01	152
15:22	0	180	39,5	2489	2140	0,86	50	1256	62,3	12,2	58,7	1,21	0,79	0,42	0,35	25	29	09:08:02	152
15:23	0	180	39,9	2516	2122	0,84	50	1209	60,8	12,3	59,7	1,19	0,79	0,40	0,34	24	29	09:08:03	152
15:25	0	180	39,9	2514	2121	0,84	50	1209	60,8	12,3	59,7	1,19	0,79	0,40	0,34	24	29	09:08:05	153
15:26	0	180	41,5	2614	2203	0,84	47	1322	61,7	12,7	59,1	1,29	0,82	0,46	0,36	24	28	09:08:06	154
15:27	0	180	42,6	2685	2253	0,84	48	1334	63,7	13,1	57,8	1,26	0,80	0,45	0,36	24	28	09:08:07	153
15:28	0	180	43,5	2739	2308	0,84	48	1381	66,1	13,4	56,2	1,25	0,80	0,45	0,36	24	29	09:08:08	153
15:30	0	180	43,7	2752	2362	0,86	43	1583	68,2	13,5	54,8	1,39	0,90	0,49	0,35	25	29	09:08:10	153
15:31	0	180	43,7	2754	2363	0,86	43	1583	68,2	13,5	54,8	1,39	0,90	0,49	0,35	25	29	09:08:11	153
15:33	0	180	41,2	2593	2253	0,87	42	1559	65,8	12,7	56,4	1,42	0,92	0,50	0,35	25	29	09:08:13	153
15:34	0	180	40,0	2521	2169	0,86	45	1430	63,8	12,3	57,7	1,34	0,89	0,45	0,33	25	29	09:08:14	152
15:36	0	180	40,0	2521	2168	0,86	45	1430	63,8	12,3	57,7	1,34	0,89	0,45	0,33	25	29	09:08:16	152
15:37	0	180	40,1	2526	2195	0,87	40	1584	63,5	12,4	57,9	1,50	0,98	0,52	0,35	25	29	09:08:17	152
15:39	0	180	38,8	2443	2115	0,87	40	1532	60,7	12,0	59,7	1,51	0,99	0,52	0,34	25	29	09:08:19	152
15:40	0	180	37,6	2369	2018	0,85	44	1325	57,9	11,6	61,6	1,37	0,89	0,49	0,35	24	29	09:08:20	152
15:41	0	180	40,7	2563	2156	0,84	44	1371	61,0	12,5	59,6	1,35	0,86	0,49	0,36	24	28	09:08:21	152
15:43	0	180	43,4	2736	2328	0,85	42	1561	65,6	13,4	56,5	1,43	0,90	0,53	0,37	24	28	09:08:23	153
15:44	0	180	44,1	2778	2375	0,86	43	1593	68,1	13,6	54,9	1,40	0,88	0,53	0,37	25	29	09:08:24	154
15:45	0	180	42,9	2703	2291	0,85	46	1438	66,5	13,2	55,9	1,30	0,82	0,48	0,37	25	29	09:08:25	155
15:46	0	180	41,1	2587	2173	0,84	50	1272	64,1	12,6	57,5	1,19	0,77	0,42	0,35	25	30	09:08:26	155
15:48	0	180	41,6	2618	2223	0,85	47	1365	64,3	12,8	57,4	1,27	0,81	0,47	0,37	25	29	09:08:28	155
15:49	0	180	41,8	2636	2256	0,86	45	1431	64,9	12,9	57,0	1,32	0,83	0,49	0,37	25	29	09:08:29	154
15:51	0	180	42,0	2647	2295	0,87	43	1520	66,1	13,0	56,2	1,38	0,86	0,52	0,38	25	29	09:08:31	154
15:52	0	180	41,8	2633	2289	0,87	43	1533	65,3	12,9	56,7	1,41	0,87	0,54	0,38	25	29	09:08:32	154
15:54	0	180	41,8	2633	2289	0,87	43	1533	65,3	12,9	56,7	1,41	0,87	0,54	0,38	25	29	09:08:34	154
15:55	0	180	41,7	2625	2276	0,87	44	1507	65,6	12,9	56,5	1,38	0,84	0,53	0,39	25	29	09:08:35	155
15:56	0	180	43,6	2746	2373	0,86	45	1519	68,6	13,5	54,5	1,33	0,81	0,52	0,39	25	29	09:08:36	155
15:58	0	180	43,6	2746	2373	0,86	45	1519	68,6	13,5	54,5	1,33	0,81	0,52	0,39	25	29	09:08:38	155
16:00	0	180	40,6	2559	2263	0,88	40	1644	65,1	12,6	56,8	1,51	0,94	0,57	0,38	25	29	09:08:40	155
16:02	0	180	38,2	2408	2128	0,88	36	1637	59,4	11,9	60,6	1,65	1,04	0,61	0,37	25	28	09:08:42	155
16:04	0	180	37,1	2338	2060	0,88	33	1699	55,9	11,5	62,9	1,82	1,17	0,66	0,36	24	27	09:08:44	155
16:06	0	180	37,2	2346	2046	0,87	31	1737	54,6	11,5	63,8	1,91	1,22	0,69	0,36	23	27	09:08:46	155
16:07	0	180	37,8	2384	2062	0,87	31	1762	54,4	11,7	63,9	1,94	1,25	0,70	0,36	23	26	09:08:47	155
16:09	0	180	36,5	2301	2000	0,87	30	1773	52,7	11,3	65,0	2,02	1,32	0,69	0,34	23	26	09:08:49	154
16:11	0	180	36,9	2326	1969	0,85	31	1652	50,5	11,3	66,5	1,96	1,27	0,70	0,36	22	26	09:08:51	153
16:13	0	180	38,6	2430	2063	0,85	31	1736	53,6	11,9	64,4	1,94	1,25	0,69	0,36	22	26	09:08:53	152
16:15	0	180	41,4	2609	2193	0,84	33	1760	57,9	12,7	61,6	1,82	1,16	0,66	0,36	22	26	09:08:55	152
16:16	0	180	43,3	2728	2282	0,84	35	1750	61,5	13,3	59,2	1,71	1,07	0,64	0,38	23	27	09:08:56	152
16:17	0	180	43,7	2750	2276	0,83	39	1619	62,5	13,4	58,6	1,55	0,99	0,57	0,37	23	27	09:08:57	152
16:19	0	180	42,9	2703	2290	0,85	36	1766	62,7	13,2	58,4	1,69	1,06	0,63	0,37	23	27	09:08:59	153
16:20	0	180	44,2	2782	2376	0,85	36	1778	64,9	13,6	57,0	1,64	1,00	0,65	0,39	23	27	09:09:00	153
16:22	0	180	44,2	2783	2376	0,85	36	1778	64,9	13,6	57,0	1,64	1,00	0,65	0,39	23	27	09:09:02	153
16:24	0	180	43,4	2733	2368	0,87	36	1790	65,0	13,4	56,9	1,65	1,03	0,62	0,38	24	27	09:09:04	153
16:26	0	180	42,2	2660	2327	0,87	37	1743	64,3	13,1	57,4	1,63	1,03	0,60	0,37	24	28	09:09:06	154
16:27	0	180	42,4	2670	2337	0,88	39	1674	64,8	13,1	57,1	1,55	0,99	0,56	0,36	24	28	09:09:07	155
16:28	0	180	41,7	2626	2306	0,88	38	1684	64,0	12,9	57,6	1,58	1,01	0,57	0,36	24	28	09:09:08	154
16:30	0	180	42,2	2659	2318	0,87	40	1620	64,2	13,0	57,4	1,51	0,97	0,54	0,36	24	28	09:09:10	154
16:32	0	180	40,7	2562	2257	0,88	37	1694	62,2	12,6	58,8	1,63	1,06	0,58	0,35	24	28	09:09:12	154
16:33	0	180	41,5	2613	2265	0,87	40	1579	62,5	12,8	58,6	1,52	0,99	0,52	0,35	24	28	09:09:13	153
16:35	0	180	40,4	2546	2217	0,87	37	1648	60,7	12,5	59,8	1,63	1,01	0,62	0,38	24	27	09:09:15	152
16:36	0	180	39,7	2500	2164	0,87	36	1625	58,8	12,3	61,0	1,66	1,01	0,64	0,39	24	27	09:09:16	152
16:38	0	180	37,9	2388	2048	0,86	38	1478	55,6	11,7	63,1	1,59	0,98	0,61	0,38	23	27	09:09:18	152
16:40	0	180	36,2	2282	1945	0,85	36	1449	52,5	11,2	65,2	1,66	1,03	0,63	0,38	23	27	09:09:20	152
16:41	0	180	36,2	2281	1945	0,85	36	1449	52,5	11,1	65,2	1,66	1,03	0,63	0,38	23	27	09:09:21	152
16:42	0	180	40,5	2553	2097	0,82	42	1355	57,3	12,4	62,0	1,42	0,91	0,51	0,36	22	27	09:09:22	152
16:44	0	180	39,8	2506	2088	0,83	40	1444	57,4	12,2	62,0	1,51	0,98	0,53	0,35	23	27	09:09:24	151
16:46	0	180	38,9	2452	2083	0,85	36	1580	57,3	12,0	62,0	1,65	1,08	0,57	0,35	23	28	09:09:26	151
16:47	0	180	38,9	2450	2072	0,85	39	1488	58,0	12,0	61,6	1,54	1,02	0,52	0,34	24	28	09:09:27	151
16:48	0	180	40,6	2558	2169	0,85	41	1486	60,9	12,5	59,6	1,46	0,97	0,49	0,34	24	28	09:09:28	151
16:50	0	180	41,8	2635	2218	0,84	41	1501	61,4	12,8	59,3	1,47	0,94	0,52	0,36	23	28	09:09:30	150
16:52	0	180	38,3	2414	2047	0,85	41	1392	56,8	11,8	62,3	1,47	0,96	0,51	0,35	24	28	09:09:32	149
16:53	0	180	38,3	2414	2047	0,85	41	1392	56,8	11,8	62,3	1,47	0,96	0,51	0,35	24	28	09:09:33	150
16:54	0	180	40,8	2568	2154	0,84	42	1406	59,2	12,5	60,7	1,42	0,90	0,52	0,37	23	27	09:09:34	150
16:56	0	180	41,3	2602	2206	0,85	40	1508	60,9	12,7	59,6	1,49	0,94	0,55	0,37	23	28	09:09:36	150
16:57	0	180	42,2	2661	2267	0,85	40	1585	62,7	13,0	58,4	1,52	0,95	0,56	0,37	24	28	09:09:37	150
16:59	0	180	42,3	2664	2288	0,86	39	1647	63,5	13,0	57,9	1,56	0,97	0,58	0,38	24	28	09:09:39	150
17:00	0	180	44,0	2774	2371	0,85	42	1582	67,2	13,6	55,4	1,41	0,90	0,51	0,36	24	28	09:09:40	151
17:01	0	180	44,9	2826	2405	0,85	45	1508	68,4	13,8	54,6	1,32	0,85	0,47	0,36	24	28	09:09:41	151
17:03	0	180	44,6	2807	2431	0,87	44	1574	69,7	13,8	53,8	1,36	0,86	0,49	0,36	25	29	09:09:43	151
17:05	0	180	43,2	2721	2366	0,87	44	1546	68,2	13,3	54,8	1,36	0,87	0,49	0,36	25	29	09:09:45	151
17:06	0	180	43,6	2745	2392	0,87	46	1512	69,8	13,5	53,7	1,30	0,84	0,46	0,36	25	29	09:09:46	151
17:07	0	180	42,9	2700	2364	0,88	45	1533	68,8	13,3	54,4	1,34	0,86	0,48	0,36	25	29	09:09:47	151
17:09	0	180	42,2	2659	2356	0,89	45	1539	68,9	13,1	54,3	1,34	0,89	0,45	0,34	26	29	09:09:49	152
17:10	0	180	40,3	2537	2278	0,90	42	1579	66,0	12,5	56,3	1,44	0,94	0,49	0,34	26	29	09:09:50	152
17:12	0	180	40,1	2529	2274	0,90	42	1591	66,2	12,5	56,1	1,44	0,94	0,50	0,35	26	29	09:09:52	152
17:14	0	180	38,7	2436	2202	0,90	40	1596	63,4	12,0	58,0	1,51	0,99	0,52	0,35	26	29	09:09:54	152
17:15	0	180	36,7	2314	2092	0,90	37	1603	59,8	11,4	60,3	1,61	1,09	0,52	0,32	26	29	09:09:55	151
17:17	0	180	36,9	2326	2080	0,89	38	1558	58,4	11,5	61,3	1,60	1,10	0,50	0,31	25	28	09:09:57	151
17:18	0	180	37,4	2355	2081	0,88	38	1526	58,5	11,6	61,2	1,56	1,06	0,51	0,32	25	28	09:09:58	152
17:20	0	180	39,5	2490	2178	0,87	37	1630	60,6	12,2	59,8	1,61	1,07	0,54	0,34	24	28	09:10:00	152
17:21	0	180	42,4	2669	2297	0,86	37	1686	62,9	13,1	58,3	1,61	1,05	0,56	0,35	24	27	09:10:01	153
17:23	0	180	42,5	2679	2310	0,86	36	1747	62,8	13,1	58,4	1,67	1,07	0,60	0,36	23	27	09:10:03	153
17:24	0	180	45,6	2874	2428	0,84	41	1617	66,4	14,0	56,0	1,46	0,91	0,55	0,38	23	27	09:10:04	154
17:26	0	180	45,6	2874	2429	0,84	41	1617	66,4	14,0	56,0	1,46	0,91	0,55	0,38	23	27	09:10:06	154
17:27	0	180	46,8	2950	2500	0,85	42	1665	69,2	14,4	54,1	1,44	0,89	0,56	0,39	23	28	09:10:07	154
17:28	0	180	46,8	2947	2499	0,85	45	1575	70,3	14,4	53,4	1,34	0,84	0,51	0,38	24	28	09:10:08	154
17:29	0	180	47,9	3016	2543	0,84	49	1497	72,9	14,7	51,7	1,23	0,78	0,45	0,37	24	29	09:10:09	156
17:31	0	180	47,0	2959	2553	0,86	44	1662	73,0	14,5	51,6	1,37	0,82	0,55	0,40	25	29	09:10:11	156
17:32	0	180	46,9	2953	2533	0,86	48	1544	73,4	14,4	51,3	1,26	0,77	0,49	0,39	25	29	09:10:12	156
17:33	0	180	47,1	2967	2544	0,86	48	1530	74,0	14,5	50,9	1,24	0,75	0,49	0,40	25	29	09:10:13	156
17:34	0	180	48,1	3030	2631	0,87	45	1688	75,8	14,9	49,8	1,34	0,80	0,54	0,40	25	29	09:10:14	155
17:35	0	180	46,9	2952	2565	0,87	46	1639	75,0	14,5	50,3	1,31	0,78	0,53	0,40	25	29	09:10:15	155
17:37	0	180	45,7	2880	2528	0,88	44	1669	73,8	14,2	51,1	1,36	0,81	0,55	0,40	26	29	09:10:17	155
17:38	0	180	44,9	2827	2455	0,87	48	1521	72,7	13,9	51,8	1,26	0,76	0,50	0,40	26	30	09:10:18	155
17:40	0	180	43,1	2716	2364	0,87	48	1470	70,2	13,3	53,5	1,26	0,80	0,46	0,36	26	30	09:10:20	155
17:41	0	180	44,5	2804	2387	0,85	54	1327	72,1	13,7	52,2	1,10	0,71	0,40	0,36	26	30	09:10:21	155
17:42	0	180	43,1	2717	2373	0,87	47	1487	70,5	13,3	53,3	1,27	0,81	0,46	0,36	26	30	09:10:22	155
17:44	0	180	42,9	2701	2391	0,89	42	1646	69,9	13,3	53,6	1,41	0,88	0,53	0,38	26	29	09:10:24	155
17:45	0	180	43,1	2715	2408	0,89	42	1669	70,1	13,4	53,5	1,43	0,90	0,53	0,37	26	29	09:10:25	155
17:46	0	180	42,7	2691	2369	0,88	43	1589	69,0	13,2	54,3	1,38	0,88	0,50	0,36	26	29	09:10:26	155
17:47	0	180	43,4	2735	2412	0,88	42	1655	69,6	13,5	53,8	1,43	0,90	0,52	0,37	25	29	09:10:27	155
17:49	0	180	44,6	2809	2434	0,87	46	1532	70,9	13,8	53,0	1,30	0,82	0,48	0,37	25	29	09:10:29	156
17:51	0	180	43,8	2757	2393	0,87	45	1532	69,4	13,5	54,0	1,32	0,84	0,49	0,37	25	29	09:10:31	156
17:52	0	180	41,8	2634	2315	0,88	40	1671	66,4	12,9	56,0	1,51	0,99	0,52	0,35	25	29	09:10:32	156
17:53	0	180	42,0	2649	2293	0,87	43	1549	66,2	13,0	56,1	1,40	0,93	0,47	0,33	25	29	09:10:33	156
17:55	0	180	42,3	2662	2323	0,87	40	1649	66,5	13,1	55,9	1,49	0,99	0,50	0,33	25	29	09:10:35	157
17:56	0	180	43,1	2715	2358	0,87	41	1641	67,4	13,3	55,3	1,46	0,96	0,50	0,34	25	29	09:10:36	157
17:57	0	180	43,1	2715	2358	0,87	41	1641	67,4	13,3	55,3	1,46	0,96	0,50	0,34	25	29	09:10:37	157
17:58	0	180	43,1	2718	2355	0,87	41	1628	67,1	13,3	55,5	1,46	0,96	0,50	0,34	25	28	09:10:38	158
18:00	0	180	47,0	2961	2517	0,85	48	1497	72,4	14,5	52,0	1,24	0,79	0,45	0,36	24	29	09:10:40	158
18:01	0	180	47,4	2986	2558	0,86	48	1539	74,5	14,6	50,6	1,24	0,79	0,45	0,36	25	29	09:10:41	158
18:02	0	180	47,0	2960	2568	0,87	47	1583	74,9	14,5	50,4	1,27	0,80	0,46	0,37	25	29	09:10:42	158
18:03	0	180	47,2	2972	2566	0,86	52	1466	76,1	14,6	49,6	1,16	0,73	0,43	0,37	26	30	09:10:43	158
18:05	0	180	46,6	2934	2542	0,87	51	1481	75,2	14,4	50,2	1,18	0,74	0,44	0,37	26	30	09:10:45	158
18:07	0	180	45,3	2851	2500	0,88	49	1501	74,0	14,0	50,9	1,22	0,76	0,46	0,38	26	30	09:10:47	158
18:08	0	180	43,9	2763	2423	0,88	50	1443	71,6	13,6	52,6	1,21	0,77	0,44	0,37	26	30	09:10:48	158
18:09	0	180	42,5	2680	2325	0,87	50	1355	67,5	13,1	55,2	1,20	0,77	0,43	0,36	25	29	09:10:49	157
18:11	0	180	42,5	2678	2324	0,87	50	1355	67,5	13,1	55,2	1,20	0,77	0,43	0,36	25	29	09:10:51	157
18:12	0	180	42,6	2682	2311	0,86	49	1370	66,6	13,1	55,8	1,23	0,80	0,44	0,35	25	29	09:10:52	157
18:13	0	180	42,5	2680	2296	0,86	48	1372	66,0	13,1	56,3	1,25	0,82	0,43	0,35	25	29	09:10:53	157
18:15	0	180	42,5	2677	2294	0,86	46	1417	65,6	13,1	56,5	1,30	0,85	0,45	0,35	25	29	09:10:55	156
18:16	0	180	43,5	2741	2361	0,86	46	1481	68,2	13,4	54,8	1,30	0,85	0,45	0,35	25	29	09:10:56	156
18:18	0	180	43,7	2751	2417	0,88	43	1635	69,7	13,5	53,8	1,41	0,91	0,50	0,35	25	29	09:10:58	156
18:19	0	180	44,8	2825	2455	0,87	45	1565	70,9	13,9	53,0	1,32	0,86	0,47	0,35	25	29	09:10:59	156
18:20	0	180	43,7	2751	2417	0,88	43	1635	69,7	13,5	53,8	1,41	0,91	0,50	0,35	25	29	09:11:00	156
18:22	0	180	44,4	2796	2452	0,88	45	1584	70,7	13,7	53,1	1,34	0,87	0,47	0,35	25	29	09:11:02	156
18:23	0	180	43,3	2730	2428	0,89	42	1660	69,4	13,5	54,0	1,44	0,91	0,53	0,37	25	29	09:11:03	156
18:25	0	180	43,5	2743	2456	0,90	42	1684	70,3	13,5	53,4	1,44	0,90	0,54	0,37	26	29	09:11:05	155
18:26	0	180	43,7	2755	2475	0,90	42	1684	71,0	13,6	53,0	1,42	0,89	0,54	0,38	26	29	09:11:06	155
18:27	0	180	44,5	2805	2502	0,89	45	1600	72,7	13,8	51,8	1,32	0,83	0,49	0,37	26	29	09:11:07	155
18:28	0	180	43,3	2730	2446	0,90	45	1582	71,9	13,5	52,3	1,32	0,83	0,49	0,37	26	29	09:11:08	155
18:29	0	180	43,2	2722	2415	0,89	50	1465	72,5	13,4	51,9	1,21	0,77	0,44	0,36	27	30	09:11:09	155
18:31	0	180	42,9	2700	2423	0,90	46	1565	71,8	13,3	52,4	1,31	0,81	0,50	0,38	27	30	09:11:11	155
18:32	0	180	43,6	2745	2470	0,90	45	1597	72,6	13,6	51,9	1,32	0,82	0,50	0,38	26	29	09:11:12	155
18:33	0	180	44,0	2770	2469	0,89	48	1511	73,0	13,7	51,6	1,24	0,77	0,47	0,38	26	30	09:11:13	155
18:35	0	180	42,8	2698	2420	0,90	45	1559	70,9	13,3	53,0	1,32	0,82	0,50	0,38	26	29	09:11:15	156
18:36	0	180	42,2	2656	2378	0,90	45	1543	69,8	13,1	53,7	1,33	0,82	0,51	0,38	26	29	09:11:16	156
18:38	0	180	41,8	2632	2351	0,89	45	1519	68,9	13,0	54,3	1,32	0,82	0,50	0,38	26	29	09:11:18	156
18:40	0	180	40,5	2549	2298	0,90	40	1656	65,9	12,6	56,3	1,51	0,96	0,55	0,36	26	29	09:11:20	156
18:41	0	180	41,7	2627	2306	0,88	41	1582	64,8	12,9	57,1	1,47	0,94	0,53	0,36	25	28	09:11:21	156
18:42	0	180	42,3	2665	2308	0,87	40	1610	64,5	13,1	57,2	1,50	0,96	0,54	0,36	24	28	09:11:22	156
18:44	0	180	42,3	2664	2308	0,87	40	1610	64,5	13,1	57,2	1,50	0,96	0,54	0,36	24	28	09:11:24	155
18:45	0	180	43,3	2725	2329	0,85	42	1559	65,6	13,3	56,5	1,43	0,92	0,50	0,35	24	28	09:11:25	155
18:46	0	180	44,9	2826	2418	0,86	40	1707	67,6	13,8	55,2	1,52	0,96	0,55	0,36	24	28	09:11:26	155
18:47	0	180	48,5	3057	2564	0,84	46	1583	73,3	14,9	51,4	1,30	0,80	0,50	0,38	24	29	09:11:27	155
18:49	0	180	49,1	3091	2627	0,85	44	1686	74,8	15,1	50,4	1,35	0,81	0,54	0,40	24	28	09:11:29	155
18:50	0	180	48,0	3023	2584	0,85	46	1639	76,0	14,8	49,6	1,29	0,79	0,50	0,39	25	29	09:11:30	155
18:51	0	180	47,3	2979	2619	0,88	45	1747	78,0	14,6	48,3	1,34	0,82	0,52	0,39	26	30	09:11:31	155
18:52	0	180	45,7	2879	2538	0,88	48	1593	76,8	14,2	49,1	1,24	0,78	0,47	0,37	27	30	09:11:32	155
18:54	0	180	45,4	2861	2541	0,89	48	1591	77,0	14,1	49,0	1,24	0,77	0,47	0,38	27	30	09:11:34	156
18:55	0	180	44,1	2778	2480	0,89	48	1571	75,4	13,7	50,0	1,25	0,77	0,48	0,38	27	30	09:11:35	156
18:56	0	180	42,9	2702	2422	0,90	47	1552	73,2	13,3	51,5	1,27	0,80	0,47	0,37	27	30	09:11:36	156
18:57	0	180	42,9	2702	2422	0,90	47	1552	73,2	13,3	51,5	1,27	0,80	0,47	0,37	27	30	09:11:37	156
18:58	0	180	43,4	2734	2456	0,90	47	1591	74,0	13,5	51,0	1,29	0,81	0,48	0,37	27	30	09:11:38	157
19:00	0	180	43,2	2723	2411	0,89	50	1459	72,2	13,4	52,1	1,21	0,78	0,43	0,36	27	30	09:11:40	157
19:01	0	180	43,5	2738	2415	0,88	49	1469	72,5	13,5	51,9	1,22	0,77	0,44	0,37	26	30	09:11:41	157
19:02	0	180	43,1	2717	2416	0,89	46	1551	71,7	13,4	52,5	1,30	0,82	0,48	0,37	26	30	09:11:42	157
19:03	0	180	43,7	2751	2417	0,88	50	1452	72,5	13,5	52,0	1,20	0,77	0,44	0,36	26	30	09:11:43	157
19:04	0	180	43,4	2737	2404	0,88	50	1449	72,3	13,5	52,1	1,20	0,76	0,44	0,36	26	30	09:11:44	157
19:06	0	180	43,6	2745	2412	0,88	49	1477	72,0	13,5	52,2	1,23	0,77	0,46	0,37	26	30	09:11:46	157
19:07	0	180	43,1	2717	2387	0,88	49	1464	71,3	13,4	52,7	1,23	0,79	0,44	0,36	26	30	09:11:47	157
19:08	0	180	42,2	2660	2330	0,88	49	1424	69,9	13,1	53,6	1,22	0,77	0,45	0,37	26	30	09:11:48	157
19:10	0	180	41,9	2643	2330	0,88	46	1501	68,8	13,0	54,4	1,31	0,83	0,48	0,37	26	30	09:11:50	157
19:11	0	180	42,4	2671	2327	0,87	49	1425	69,2	13,1	54,1	1,24	0,79	0,44	0,36	26	30	09:11:51	157
19:12	0	180	42,5	2679	2349	0,88	46	1497	69,3	13,2	54,0	1,30	0,82	0,47	0,37	26	30	09:11:52	157
19:13	0	180	43,2	2724	2383	0,87	46	1516	70,4	13,4	53,3	1,29	0,82	0,47	0,36	26	30	09:11:53	157
19:15	0	180	43,6	2747	2392	0,87	47	1493	70,8	13,5	53,1	1,27	0,82	0,45	0,35	26	30	09:11:55	157
19:17	0	180	43,0	2707	2348	0,87	49	1428	69,9	13,3	53,7	1,23	0,79	0,44	0,36	26	30	09:11:57	157
19:18	0	180	40,3	2541	2248	0,88	41	1599	65,4	12,5	56,6	1,47	0,90	0,56	0,38	26	29	09:11:58	157
19:20	0	180	40,8	2569	2249	0,88	41	1576	64,4	12,6	57,3	1,47	0,90	0,57	0,39	25	29	09:12:00	157
19:21	0	180	41,2	2594	2253	0,87	41	1580	64,1	12,7	57,5	1,48	0,90	0,58	0,39	25	28	09:12:01	157
19:22	0	180	41,5	2613	2275	0,87	40	1612	64,8	12,8	57,0	1,49	0,90	0,59	0,40	25	28	09:12:02	157
19:23	0	180	42,3	2663	2301	0,86	41	1616	65,7	13,0	56,4	1,48	0,89	0,59	0,40	25	29	09:12:03	157
19:25	0	180	39,9	2514	2183	0,87	37	1658	62,0	12,3	58,9	1,60	1,00	0,60	0,38	25	28	09:12:05	157
19:27	0	180	41,1	2589	2185	0,84	44	1428	62,4	12,6	58,6	1,37	0,91	0,47	0,34	24	29	09:12:07	157
19:28	0	180	44,1	2780	2342	0,84	44	1524	67,4	13,6	55,3	1,36	0,88	0,47	0,35	24	29	09:12:08	157
19:29	0	180	45,2	2845	2372	0,83	48	1472	70,0	13,8	53,6	1,26	0,83	0,43	0,34	25	30	09:12:09	156
19:30	0	180	45,5	2866	2390	0,83	47	1490	70,3	13,9	53,4	1,27	0,85	0,43	0,33	25	29	09:12:10	156
19:32	0	180	45,0	2837	2387	0,84	45	1569	70,1	13,8	53,6	1,34	0,88	0,46	0,34	25	29	09:12:12	156
19:33	0	180	43,9	2763	2330	0,84	44	1553	68,1	13,5	54,9	1,37	0,91	0,46	0,33	25	29	09:12:13	156
19:34	0	180	44,6	2809	2344	0,83	47	1453	68,8	13,7	54,4	1,27	0,83	0,44	0,35	24	29	09:12:14	155
19:35	0	180	46,0	2900	2393	0,83	51	1402	70,8	14,1	53,1	1,19	0,77	0,42	0,35	24	30	09:12:15	155
19:37	0	180	46,0	2898	2427	0,84	47	1507	71,2	14,1	52,8	1,27	0,81	0,46	0,37	25	29	09:12:17	155
19:38	0	180	43,6	2748	2293	0,83	48	1408	67,8	13,4	55,1	1,25	0,81	0,44	0,35	25	30	09:12:18	155
19:40	0	180	41,3	2602	2189	0,84	47	1386	65,1	12,7	56,9	1,28	0,83	0,45	0,35	25	30	09:12:20	157
19:41	0	180	39,5	2487	2106	0,85	45	1371	61,6	12,1	59,1	1,33	0,88	0,46	0,34	25	29	09:12:21	157
19:43	0	180	39,5	2486	2109	0,85	43	1392	60,4	12,1	59,9	1,38	0,92	0,46	0,34	24	29	09:12:23	157
19:44	0	180	41,0	2585	2192	0,85	42	1485	62,2	12,6	58,7	1,43	0,94	0,50	0,35	24	28	09:12:24	157
19:46	0	180	42,3	2662	2283	0,86	39	1629	64,1	13,0	57,5	1,52	0,99	0,54	0,35	24	28	09:12:26	157
19:47	0	180	40,2	2530	2152	0,85	41	1493	60,7	12,4	59,8	1,48	0,98	0,50	0,34	24	28	09:12:27	157
19:49	0	180	41,1	2590	2213	0,85	38	1617	61,6	12,7	59,1	1,57	1,03	0,55	0,35	24	28	09:12:29	157
19:50	0	180	42,0	2649	2262	0,85	38	1650	62,6	12,9	58,5	1,58	1,03	0,55	0,35	24	28	09:12:30	156
19:51	0	180	41,9	2639	2228	0,84	41	1534	62,2	12,9	58,8	1,48	0,98	0,50	0,34	24	28	09:12:31	155
19:52	0	180	43,3	2726	2296	0,84	41	1580	64,7	13,3	57,1	1,46	0,94	0,52	0,36	24	28	09:12:32	155
19:54	0	180	44,0	2772	2338	0,84	42	1586	66,6	13,5	55,8	1,43	0,93	0,50	0,35	24	28	09:12:34	154
19:55	0	180	42,2	2660	2233	0,84	43	1483	63,6	13,0	57,9	1,40	0,92	0,48	0,34	24	28	09:12:35	154
19:57	0	180	43,2	2725	2320	0,85	39	1645	64,7	13,3	57,1	1,53	0,99	0,54	0,35	24	28	09:12:37	154
19:58	0	180	43,8	2758	2324	0,84	43	1525	65,4	13,4	56,6	1,40	0,93	0,47	0,34	24	28	09:12:38	154
19:59	0	180	44,1	2779	2339	0,84	44	1518	66,5	13,5	55,9	1,37	0,90	0,47	0,34	24	28	09:12:39	154
20:01	0	180	45,6	2871	2411	0,84	45	1528	68,5	14,0	54,6	1,34	0,87	0,47	0,35	24	28	09:12:41	154
20:02	0	180	45,2	2845	2436	0,86	42	1645	69,2	13,9	54,1	1,43	0,91	0,51	0,36	24	28	09:12:42	154
20:03	0	180	45,2	2845	2436	0,86	42	1645	69,2	13,9	54,1	1,43	0,91	0,51	0,36	24	28	09:12:43	154
20:05	0	180	45,2	2845	2436	0,86	42	1645	69,2	13,9	54,1	1,43	0,91	0,51	0,36	24	28	09:12:45	154
20:06	0	180	46,1	2902	2457	0,85	47	1523	71,8	14,2	52,4	1,27	0,82	0,45	0,36	25	29	09:12:46	154
20:07	0	180	46,0	2899	2466	0,85	48	1527	72,6	14,2	51,9	1,26	0,80	0,46	0,37	25	29	09:12:47	154
20:09	0	180	45,1	2844	2437	0,86	47	1528	72,4	13,9	52,0	1,27	0,80	0,47	0,37	25	30	09:12:49	154
20:10	0	180	44,3	2790	2396	0,86	48	1485	71,5	13,7	52,6	1,25	0,78	0,46	0,37	26	30	09:12:50	154
20:11	0	180	44,2	2784	2343	0,84	54	1305	70,9	13,6	53,0	1,10	0,71	0,40	0,36	25	30	09:12:51	154
20:12	0	180	44,0	2771	2335	0,84	54	1310	70,4	13,5	53,3	1,12	0,72	0,40	0,36	25	30	09:12:52	154
20:14	0	180	44,9	2830	2430	0,86	49	1473	71,8	13,8	52,4	1,23	0,78	0,45	0,37	25	30	09:12:54	155
20:15	0	180	44,2	2787	2404	0,86	48	1488	71,4	13,6	52,6	1,25	0,79	0,46	0,36	26	30	09:12:55	155
20:17	0	180	43,8	2761	2393	0,87	47	1512	70,7	13,5	53,1	1,28	0,82	0,46	0,36	26	30	09:12:57	155
20:18	0	180	44,3	2791	2420	0,87	47	1526	71,3	13,7	52,7	1,28	0,83	0,46	0,36	26	29	09:12:58	155
20:19	0	180	44,3	2791	2421	0,87	47	1526	71,3	13,7	52,7	1,28	0,83	0,46	0,36	26	29	09:12:59	156
20:20	0	180	44,3	2791	2421	0,87	47	1526	71,3	13,7	52,7	1,28	0,83	0,46	0,36	26	29	09:13:00	156
20:22	0	180	44,3	2791	2415	0,87	47	1510	71,1	13,7	52,8	1,27	0,81	0,46	0,36	25	29	09:13:02	156
20:23	0	180	45,0	2835	2399	0,85	53	1349	71,4	13,8	52,7	1,13	0,74	0,40	0,35	25	30	09:13:03	156
20:24	0	180	46,0	2895	2474	0,85	50	1452	73,1	14,2	51,6	1,19	0,76	0,43	0,36	25	30	09:13:04	157
20:25	0	180	46,3	2917	2488	0,85	51	1445	74,1	14,3	50,9	1,17	0,74	0,43	0,36	25	30	09:13:05	157
20:27	0	180	45,4	2862	2468	0,86	49	1505	73,1	14,0	51,6	1,24	0,78	0,45	0,37	26	30	09:13:07	157
20:28	0	180	46,5	2930	2499	0,85	51	1453	74,6	14,3	50,5	1,17	0,75	0,42	0,36	25	30	09:13:08	157
20:29	0	180	44,9	2828	2443	0,86	48	1503	72,5	13,9	51,9	1,24	0,79	0,45	0,36	26	30	09:13:09	157
20:31	0	180	42,7	2688	2360	0,88	43	1602	69,5	13,2	53,9	1,38	0,88	0,50	0,36	26	29	09:13:11	157
20:32	0	180	41,7	2628	2272	0,86	45	1476	65,9	12,9	56,3	1,34	0,87	0,47	0,35	25	29	09:13:12	157
20:35	0	180	39,7	2498	2173	0,87	37	1657	60,6	12,3	59,8	1,64	1,05	0,59	0,36	24	28	09:13:15	157
20:36	0	180	39,9	2515	2159	0,86	36	1631	59,2	12,3	60,7	1,65	1,05	0,61	0,37	24	27	09:13:16	157
20:37	0	180	40,5	2550	2168	0,85	38	1579	59,8	12,5	60,3	1,58	1,01	0,58	0,36	23	28	09:13:17	157
20:38	0	180	41,4	2609	2205	0,85	38	1621	61,0	12,7	59,6	1,60	1,01	0,59	0,37	23	28	09:13:18	157
20:39	0	180	43,9	2763	2305	0,83	40	1602	63,9	13,4	57,6	1,50	0,95	0,55	0,37	23	28	09:13:19	157
20:40	0	180	48,5	3058	2484	0,81	50	1415	71,3	14,8	52,7	1,19	0,75	0,44	0,37	23	29	09:13:20	157
20:42	0	180	49,3	3108	2538	0,82	52	1444	75,0	15,1	50,3	1,16	0,73	0,42	0,37	24	30	09:13:22	157
20:43	0	180	49,2	3101	2581	0,83	51	1512	77,3	15,1	48,8	1,17	0,75	0,43	0,36	25	30	09:13:23	157
20:44	0	180	49,3	3103	2582	0,83	51	1512	77,3	15,1	48,8	1,17	0,75	0,43	0,36	25	30	09:13:24	156
20:45	0	180	47,4	2987	2557	0,86	47	1618	76,7	14,6	49,2	1,27	0,80	0,47	0,37	26	30	09:13:25	156
20:46	0	180	46,1	2904	2511	0,86	47	1590	75,5	14,2	50,0	1,26	0,79	0,47	0,37	26	30	09:13:26	156
20:48	0	180	45,8	2883	2509	0,87	49	1560	76,0	14,1	49,6	1,23	0,77	0,46	0,37	26	30	09:13:28	156
20:49	0	180	45,8	2884	2509	0,87	49	1560	76,0	14,1	49,6	1,23	0,77	0,46	0,37	26	30	09:13:29	157
20:50	0	180	45,0	2833	2484	0,88	48	1563	75,2	13,9	50,2	1,25	0,78	0,47	0,38	27	30	09:13:30	157
20:52	0	180	44,5	2805	2435	0,87	52	1436	74,9	13,8	50,3	1,15	0,72	0,43	0,37	27	31	09:13:32	157
20:53	0	180	42,4	2672	2372	0,89	47	1553	72,2	13,2	52,1	1,29	0,81	0,48	0,38	27	30	09:13:33	157
20:54	0	180	43,3	2728	2414	0,88	46	1569	72,4	13,4	52,0	1,30	0,81	0,49	0,37	27	30	09:13:34	158
20:56	0	180	43,0	2709	2402	0,89	44	1622	71,2	13,3	52,8	1,37	0,86	0,50	0,37	26	30	09:13:36	158
20:58	0	180	40,3	2537	2259	0,89	39	1675	65,4	12,5	56,6	1,54	0,96	0,58	0,37	26	29	09:13:38	158
20:59	0	180	38,7	2439	2143	0,88	41	1532	62,4	12,0	58,6	1,47	0,93	0,54	0,37	26	29	09:13:39	158
21:00	0	180	37,8	2379	2060	0,87	41	1451	58,8	11,7	61,0	1,48	0,95	0,53	0,36	25	29	09:13:40	158
21:02	0	180	40,1	2526	2155	0,85	42	1437	61,0	12,3	59,6	1,41	0,90	0,51	0,36	24	28	09:13:42	158
21:03	0	180	42,1	2654	2282	0,86	40	1611	65,0	13,0	56,9	1,49	0,93	0,56	0,38	25	29	09:13:43	158
21:04	0	180	41,9	2638	2236	0,85	43	1521	65,0	12,9	56,9	1,40	0,89	0,52	0,37	25	29	09:13:44	157
21:06	0	180	43,2	2720	2323	0,85	42	1629	68,0	13,3	54,9	1,44	0,90	0,54	0,37	25	29	09:13:46	157
21:07	0	180	45,9	2889	2443	0,85	48	1545	73,6	14,1	51,2	1,26	0,81	0,45	0,36	25	30	09:13:47	157
21:08	0	180	46,9	2956	2527	0,85	48	1625	77,2	14,5	48,8	1,26	0,80	0,46	0,37	26	31	09:13:48	157
21:09	0	180	47,0	2964	2537	0,86	48	1619	77,6	14,5	48,6	1,25	0,80	0,46	0,36	26	31	09:13:49	156
21:10	0	180	46,3	2918	2482	0,85	50	1528	76,1	14,2	49,5	1,20	0,77	0,44	0,36	26	31	09:13:50	156
21:11	0	180	45,8	2883	2463	0,85	54	1429	76,8	14,1	49,1	1,12	0,72	0,39	0,35	27	31	09:13:51	156
21:12	0	180	44,9	2827	2436	0,86	54	1414	76,2	13,8	49,5	1,11	0,72	0,39	0,35	27	31	09:13:52	156
21:14	0	180	44,3	2790	2404	0,86	54	1384	75,0	13,7	50,3	1,11	0,71	0,39	0,36	27	31	09:13:54	156
21:15	0	180	44,4	2795	2409	0,86	55	1369	75,7	13,7	49,8	1,09	0,70	0,39	0,36	27	31	09:13:55	156
21:16	0	180	43,9	2763	2408	0,87	51	1459	74,6	13,6	50,6	1,17	0,74	0,43	0,37	27	31	09:13:56	156
21:17	0	180	43,8	2762	2405	0,87	52	1450	74,9	13,5	50,4	1,16	0,73	0,43	0,37	27	31	09:13:57	156
21:18	0	180	44,1	2779	2419	0,87	53	1428	75,6	13,6	49,9	1,13	0,72	0,41	0,36	27	31	09:13:58	157
21:19	0	180	44,4	2798	2438	0,87	53	1435	75,9	13,7	49,7	1,13	0,73	0,41	0,36	27	31	09:13:59	157
21:21	0	180	44,5	2800	2435	0,87	53	1419	75,8	13,7	49,8	1,12	0,72	0,40	0,36	27	31	09:14:01	157
21:22	0	180	44,6	2812	2442	0,87	54	1405	76,1	13,8	49,5	1,11	0,71	0,40	0,36	27	31	09:14:02	157
21:23	0	180	44,2	2784	2421	0,87	53	1406	75,2	13,7	50,2	1,12	0,72	0,40	0,35	27	31	09:14:03	157
21:24	0	180	44,3	2793	2430	0,87	53	1420	75,4	13,7	50,0	1,13	0,73	0,40	0,36	27	31	09:14:04	157
21:25	0	180	44,0	2772	2412	0,87	52	1438	74,6	13,6	50,5	1,16	0,74	0,42	0,36	27	31	09:14:05	157
21:26	0	180	43,6	2747	2384	0,87	52	1427	74,0	13,5	51,0	1,16	0,74	0,42	0,36	27	31	09:14:06	157
21:28	0	180	43,6	2748	2383	0,87	51	1445	73,5	13,5	51,3	1,18	0,75	0,43	0,36	27	31	09:14:08	157
21:29	0	180	43,3	2725	2369	0,87	51	1436	73,5	13,4	51,3	1,17	0,75	0,43	0,36	27	31	09:14:09	157
21:30	0	180	42,9	2700	2335	0,86	51	1419	72,1	13,2	52,2	1,18	0,75	0,43	0,36	27	31	09:14:10	157
21:32	0	180	42,4	2669	2323	0,87	47	1506	70,6	13,1	53,2	1,28	0,80	0,48	0,37	26	30	09:14:12	157
21:33	0	180	42,5	2675	2318	0,87	47	1499	69,9	13,1	53,7	1,29	0,81	0,47	0,37	26	30	09:14:13	157
21:34	0	180	41,6	2621	2262	0,86	47	1458	68,3	12,8	54,8	1,28	0,81	0,47	0,37	26	30	09:14:14	158
21:36	0	180	41,7	2627	2266	0,86	47	1459	68,2	12,9	54,8	1,28	0,82	0,47	0,36	26	30	09:14:16	158
21:37	0	180	42,0	2644	2276	0,86	46	1477	68,0	12,9	54,9	1,30	0,83	0,48	0,37	26	30	09:14:17	158
21:38	0	180	42,5	2675	2296	0,86	46	1491	68,4	13,1	54,7	1,31	0,83	0,48	0,37	26	30	09:14:18	158
21:40	0	180	42,5	2677	2308	0,86	44	1554	68,6	13,1	54,6	1,36	0,86	0,50	0,37	26	30	09:14:20	158
21:41	0	180	42,4	2671	2282	0,85	46	1491	68,0	13,1	54,9	1,32	0,84	0,48	0,36	25	30	09:14:21	158
21:42	0	180	42,7	2689	2305	0,86	44	1556	68,2	13,2	54,8	1,37	0,87	0,50	0,36	25	30	09:14:22	157
21:44	0	180	43,2	2719	2318	0,85	45	1522	69,0	13,3	54,3	1,32	0,85	0,47	0,36	25	30	09:14:24	156
21:45	0	180	43,2	2719	2318	0,85	45	1522	69,0	13,3	54,3	1,32	0,85	0,47	0,36	25	30	09:14:25	155
21:46	0	180	42,8	2699	2293	0,85	46	1498	68,9	13,2	54,3	1,30	0,84	0,46	0,36	26	30	09:14:26	155
21:47	0	180	43,4	2735	2332	0,85	45	1545	69,9	13,4	53,7	1,33	0,86	0,47	0,35	26	30	09:14:27	155
21:49	0	180	44,1	2781	2342	0,84	49	1446	70,8	13,6	53,1	1,23	0,80	0,42	0,35	25	30	09:14:29	154
21:50	0	180	44,5	2802	2368	0,84	49	1466	72,1	13,7	52,2	1,22	0,79	0,43	0,35	26	30	09:14:30	154
21:51	0	180	43,6	2745	2328	0,85	50	1444	71,6	13,4	52,5	1,21	0,78	0,43	0,35	26	31	09:14:31	154
21:52	0	180	44,1	2778	2327	0,84	53	1368	71,9	13,5	52,3	1,14	0,74	0,40	0,35	26	31	09:14:32	154
21:54	0	180	43,2	2719	2297	0,84	51	1396	71,0	13,3	53,0	1,18	0,77	0,41	0,34	26	31	09:14:34	154
21:55	0	180	43,4	2737	2312	0,84	51	1389	70,9	13,4	53,0	1,18	0,77	0,41	0,35	26	31	09:14:35	154
21:56	0	180	43,4	2736	2297	0,84	52	1359	70,6	13,3	53,2	1,16	0,75	0,40	0,35	26	31	09:14:36	154
21:57	0	180	43,4	2735	2297	0,84	52	1359	70,6	13,3	53,2	1,16	0,75	0,40	0,35	26	31	09:14:37	154
21:59	0	180	42,6	2682	2253	0,84	50	1361	68,2	13,1	54,8	1,20	0,80	0,40	0,34	25	30	09:14:39	154
22:00	0	180	43,3	2726	2259	0,83	52	1321	68,3	13,3	54,7	1,16	0,77	0,39	0,34	25	30	09:14:40	154
22:02	0	180	41,3	2599	2201	0,85	44	1491	64,9	12,7	57,0	1,38	0,86	0,51	0,37	25	30	09:14:42	154
22:03	0	180	43,9	2767	2295	0,83	50	1372	68,8	13,4	54,4	1,20	0,78	0,41	0,34	25	30	09:14:43	154
22:04	0	180	43,3	2729	2262	0,83	50	1362	68,0	13,3	54,9	1,20	0,79	0,41	0,34	25	30	09:14:44	153
22:05	0	180	43,8	2758	2276	0,83	51	1331	68,4	13,4	54,7	1,17	0,77	0,39	0,34	25	30	09:14:45	153
22:06	0	180	43,3	2725	2239	0,82	53	1279	67,8	13,2	55,0	1,13	0,75	0,38	0,34	25	30	09:14:46	153
22:08	0	180	42,6	2685	2228	0,83	50	1353	67,5	13,1	55,2	1,20	0,79	0,42	0,35	25	30	09:14:48	153
22:09	0	180	42,4	2673	2218	0,83	50	1331	66,9	13,0	55,7	1,19	0,78	0,42	0,35	25	30	09:14:49	154
22:11	0	180	44,1	2777	2287	0,82	53	1311	68,9	13,5	54,3	1,14	0,73	0,41	0,36	25	30	09:14:51	154
22:12	0	180	42,0	2647	2221	0,84	47	1423	66,6	12,9	55,8	1,28	0,82	0,46	0,36	25	30	09:14:52	154
22:13	0	180	43,0	2711	2286	0,84	46	1501	68,3	13,2	54,7	1,32	0,84	0,48	0,37	25	30	09:14:53	154
22:14	0	180	42,4	2674	2239	0,84	48	1421	67,9	13,0	55,0	1,26	0,80	0,45	0,36	25	30	09:14:54	153
22:16	0	180	40,8	2569	2196	0,85	41	1593	65,7	12,6	56,4	1,45	0,97	0,49	0,34	26	30	09:14:56	153
22:18	0	180	40,3	2542	2145	0,84	45	1445	64,7	12,4	57,1	1,34	0,90	0,44	0,33	25	30	09:14:58	153
22:19	0	180	40,1	2529	2117	0,84	45	1417	63,2	12,3	58,1	1,35	0,91	0,44	0,32	25	30	09:14:59	153
22:20	0	180	41,7	2629	2202	0,84	45	1475	65,7	12,8	56,5	1,35	0,91	0,44	0,33	25	30	09:15:00	154
22:22	0	180	44,2	2784	2327	0,84	43	1596	69,0	13,6	54,3	1,39	0,91	0,48	0,34	25	30	09:15:02	155
22:23	0	180	43,9	2765	2291	0,83	45	1514	68,5	13,4	54,6	1,33	0,89	0,43	0,33	25	30	09:15:03	155
22:25	0	180	42,5	2679	2258	0,84	40	1651	66,1	13,1	56,2	1,50	0,99	0,51	0,34	25	29	09:15:05	156
22:26	0	180	45,2	2847	2350	0,83	46	1499	69,3	13,8	54,1	1,30	0,83	0,47	0,36	24	29	09:15:06	156
22:27	0	180	47,4	2984	2424	0,81	52	1380	72,0	14,4	52,3	1,15	0,74	0,41	0,35	24	30	09:15:07	156
22:28	0	180	48,8	3073	2518	0,82	53	1420	75,6	14,9	49,9	1,13	0,72	0,40	0,36	25	30	09:15:08	156
22:29	0	180	48,2	3034	2506	0,83	52	1446	75,2	14,7	50,2	1,15	0,72	0,43	0,38	25	30	09:15:09	158
22:30	0	180	47,3	2978	2512	0,84	51	1498	75,7	14,5	49,8	1,19	0,74	0,44	0,37	25	30	09:15:10	158
22:32	0	180	46,3	2918	2455	0,84	53	1417	74,6	14,2	50,6	1,14	0,73	0,41	0,36	26	30	09:15:12	158
22:33	0	180	46,8	2949	2491	0,84	52	1454	75,4	14,4	50,0	1,16	0,73	0,42	0,37	26	30	09:15:13	158
22:34	0	180	46,9	2955	2513	0,85	50	1528	76,2	14,4	49,5	1,20	0,75	0,46	0,38	26	30	09:15:14	157
22:36	0	180	46,5	2932	2497	0,85	51	1512	76,8	14,3	49,1	1,18	0,74	0,45	0,38	26	31	09:15:16	157
22:37	0	180	46,5	2927	2497	0,85	51	1506	76,7	14,3	49,2	1,18	0,73	0,45	0,38	26	31	09:15:17	157
22:38	0	180	46,4	2924	2485	0,85	54	1425	76,3	14,3	49,4	1,12	0,70	0,42	0,37	26	31	09:15:18	157
22:39	0	180	46,9	2957	2481	0,84	59	1310	77,4	14,4	48,7	1,02	0,64	0,37	0,37	26	31	09:15:19	157
22:40	0	180	48,5	3053	2589	0,85	56	1425	80,1	14,9	46,9	1,07	0,66	0,41	0,38	26	31	09:15:20	157
22:41	0	180	48,5	3057	2598	0,85	56	1433	79,9	14,9	47,0	1,08	0,67	0,41	0,38	26	31	09:15:21	157
22:42	0	180	46,9	2953	2536	0,86	52	1486	76,6	14,5	49,2	1,16	0,73	0,43	0,37	26	30	09:15:22	157
22:44	0	180	46,9	2953	2536	0,86	52	1486	76,6	14,4	49,2	1,16	0,73	0,43	0,37	26	30	09:15:24	156
22:45	0	180	45,5	2868	2498	0,87	47	1593	75,1	14,1	50,2	1,27	0,81	0,47	0,37	26	30	09:15:25	156
22:46	0	180	44,1	2780	2432	0,87	46	1603	73,1	13,7	51,6	1,32	0,84	0,48	0,36	26	30	09:15:26	156
22:48	0	180	41,8	2635	2291	0,87	47	1471	69,2	12,9	54,1	1,28	0,83	0,44	0,35	26	30	09:15:28	156
22:49	0	180	41,1	2589	2226	0,86	48	1411	67,2	12,7	55,5	1,26	0,83	0,43	0,34	26	30	09:15:29	158
22:50	0	180	41,1	2588	2226	0,86	48	1411	67,2	12,7	55,5	1,26	0,83	0,43	0,34	26	30	09:15:30	158
22:51	0	180	42,6	2681	2268	0,85	51	1370	69,3	13,1	54,1	1,19	0,77	0,42	0,35	26	31	09:15:31	158
22:53	0	180	43,5	2742	2352	0,86	46	1529	70,2	13,4	53,4	1,31	0,84	0,46	0,35	26	30	09:15:33	158
22:54	0	180	44,4	2796	2366	0,85	50	1433	71,6	13,6	52,5	1,20	0,78	0,42	0,35	26	30	09:15:34	159
22:55	0	180	44,7	2813	2401	0,85	48	1523	72,9	13,7	51,7	1,25	0,80	0,45	0,36	26	30	09:15:35	159
22:56	0	180	45,6	2874	2460	0,86	48	1547	74,9	14,1	50,4	1,24	0,79	0,45	0,36	26	30	09:15:36	159
22:58	0	180	45,6	2875	2460	0,86	48	1547	74,9	14,1	50,4	1,24	0,79	0,45	0,36	26	30	09:15:38	159
22:59	0	180	44,0	2771	2421	0,87	42	1699	71,8	13,6	52,4	1,42	0,91	0,51	0,36	26	30	09:15:39	158
23:01	0	180	41,2	2597	2290	0,88	37	1816	67,2	12,8	55,5	1,62	1,07	0,56	0,34	26	29	09:15:41	158
23:02	0	180	41,7	2628	2289	0,87	40	1681	68,0	12,9	54,9	1,48	0,98	0,50	0,34	26	30	09:15:42	158
23:04	0	180	42,3	2666	2321	0,87	39	1739	68,7	13,1	54,5	1,52	0,99	0,53	0,35	26	30	09:15:44	158
23:05	0	180	43,7	2755	2367	0,86	42	1676	70,4	13,5	53,3	1,43	0,94	0,49	0,34	26	30	09:15:45	158
23:06	0	180	42,9	2702	2367	0,88	39	1837	70,7	13,3	53,1	1,56	1,00	0,56	0,36	26	30	09:15:46	158
23:07	0	180	44,0	2771	2402	0,87	44	1696	74,1	13,6	50,9	1,37	0,89	0,49	0,35	27	31	09:15:47	158
23:09	0	180	46,0	2898	2522	0,87	48	1645	79,2	14,2	47,5	1,25	0,77	0,47	0,38	27	31	09:15:49	156
23:10	0	180	46,6	2933	2530	0,86	51	1574	80,4	14,4	46,7	1,17	0,73	0,44	0,37	27	32	09:15:50	156
23:11	0	180	44,8	2823	2464	0,87	50	1569	78,0	13,9	48,3	1,21	0,74	0,46	0,38	28	32	09:15:51	156
23:12	0	180	42,7	2693	2387	0,89	49	1566	76,0	13,3	49,6	1,24	0,77	0,46	0,38	28	32	09:15:52	156
23:13	0	180	42,1	2652	2339	0,88	48	1530	73,8	13,0	51,1	1,24	0,77	0,47	0,38	28	32	09:15:53	157
23:14	0	180	42,9	2700	2336	0,87	52	1411	73,2	13,2	51,4	1,16	0,72	0,43	0,37	27	31	09:15:54	157
23:15	0	180	42,2	2661	2299	0,86	52	1389	72,6	13,0	51,9	1,15	0,72	0,43	0,37	27	32	09:15:55	157
23:17	0	180	43,7	2755	2348	0,85	54	1365	73,4	13,5	51,3	1,12	0,70	0,42	0,38	27	31	09:15:57	157
23:18	0	180	44,4	2796	2407	0,86	50	1490	74,4	13,7	50,7	1,20	0,73	0,47	0,39	27	31	09:15:58	157
23:19	0	180	44,7	2818	2436	0,86	48	1551	74,8	13,8	50,4	1,24	0,77	0,47	0,38	27	31	09:15:59	159
23:21	0	180	44,7	2818	2436	0,86	48	1551	74,8	13,8	50,4	1,24	0,77	0,47	0,38	27	31	09:16:01	159
23:22	0	180	45,2	2850	2480	0,87	46	1653	75,9	14,0	49,7	1,31	0,81	0,50	0,38	27	31	09:16:02	159
23:24	0	180	43,2	2721	2369	0,87	42	1715	72,1	13,4	52,2	1,43	0,91	0,52	0,36	26	30	09:16:04	159
23:25	0	180	45,1	2842	2461	0,87	41	1768	73,3	13,9	51,4	1,45	0,92	0,52	0,36	26	30	09:16:05	158
23:26	0	180	44,9	2831	2440	0,86	41	1753	72,7	13,9	51,8	1,45	0,93	0,52	0,36	26	30	09:16:06	158
23:27	0	180	45,8	2883	2439	0,85	45	1639	72,9	14,1	51,6	1,35	0,88	0,46	0,34	25	30	09:16:07	158
23:28	0	180	47,4	2985	2470	0,83	47	1565	74,2	14,5	50,8	1,27	0,82	0,45	0,35	25	30	09:16:08	158
V02 Max																			
23:29	0	180	50,6	3188	2622	0,82	55	1472	80,4	15,5	46,7	1,10	0,69	0,41	0,37	25	31	09:16:09	158
23:30	0	180	49,4	3110	2565	0,82	58	1407	81,8	15,1	45,8	1,03	0,66	0,38	0,36	26	32	09:16:10	158
23:31	0	180	49,7	3132	2571	0,82	63	1321	83,6	15,2	44,6	0,95	0,61	0,34	0,36	27	33	09:16:11	158
23:32	0	180	48,2	3038	2521	0,83	63	1309	83,0	14,8	45,0	0,95	0,61	0,34	0,36	27	33	09:16:12	158
23:33	0	180	48,2	3039	2521	0,83	63	1309	83,0	14,8	45,0	0,95	0,61	0,34	0,36	27	33	09:16:13	157
23:34	0	180	47,4	2984	2498	0,84	62	1312	81,8	14,5	45,7	0,96	0,62	0,34	0,36	27	33	09:16:14	157
23:37	0	180	45,7	2878	2406	0,84	61	1290	78,8	14,0	47,7	0,98	0,62	0,36	0,37	27	33	09:16:17	157
23:38	0	180	43,1	2716	2249	0,83	61	1194	73,0	13,2	51,6	0,98	0,63	0,35	0,36	27	32	09:16:18	157
23:39	0	180	43,4	2732	2228	0,82	62	1144	71,2	13,2	52,8	0,96	0,61	0,35	0,37	26	32	09:16:19	157
23:39	0	180	43,7	2756	2245	0,81	62	1155	71,5	13,3	52,6	0,97	0,61	0,36	0,37	26	32	09:16:19	157
23:40	0	180	43,9	2765	2223	0,80	62	1144	70,5	13,4	53,3	0,97	0,61	0,36	0,37	25	32	09:16:20	157
23:42	0	180	45,7	2876	2275	0,79	64	1124	71,5	13,9	52,6	0,94	0,60	0,34	0,36	25	31	09:16:22	157
23:43	0	180	45,7	2878	2257	0,78	64	1109	71,2	13,8	52,8	0,93	0,59	0,34	0,37	25	32	09:16:23	157
23:44	0	180	47,8	3009	2373	0,79	65	1180	76,1	14,5	49,5	0,93	0,58	0,35	0,38	25	32	09:16:24	155
23:45	0	180	47,9	3015	2420	0,80	60	1281	76,9	14,6	49,0	1,00	0,62	0,38	0,38	25	32	09:16:25	155
23:46	0	180	47,2	2971	2409	0,81	59	1318	77,8	14,4	48,4	1,02	0,64	0,38	0,37	26	32	09:16:26	155
23:48	0	180	45,2	2848	2369	0,83	54	1411	76,1	13,9	49,5	1,11	0,71	0,40	0,36	27	32	09:16:28	155
23:49	0	180	44,5	2803	2365	0,84	51	1457	75,0	13,7	50,3	1,17	0,75	0,42	0,36	27	32	09:16:29	155
23:50	0	180	44,3	2788	2330	0,84	53	1386	73,2	13,6	51,5	1,14	0,73	0,41	0,36	26	31	09:16:30	155
