TEMPS	Vitesse	PUIS.	VO2/KG	VO2	VCO2	Q.R	FR	Vt	VE	KCal	Rés.V.	Ttot	Te	Ti	Ti/Ttot	VE/VO2	VE/VCO2	Horloge	FC
(min)	(RPM)	(Watts)	(mL/kg/min)	(mL/min)	(mL/min)		(br/min)	(mL)	(L/min)	(KCal/min)	(%)	(sec)	(sec)	(sec)				(Minuterie)	(BPM)
0:08	0	80	12,9	847	720	0,85	23	930	21,8	4,1	86,9	2,56	1,67	0,89	0,35	26	30	08:52:52	103
0:10	0	80	10,9	717	614	0,86	24	810	19,7	3,5	88,1	2,46	1,64	0,82	0,33	28	32	08:52:54	104
0:13	0	80	10,9	717	615	0,86	24	810	19,7	3,5	88,1	2,46	1,64	0,82	0,33	28	32	08:52:57	104
0:16	0	80	11,9	784	669	0,85	24	870	20,8	3,8	87,5	2,51	1,65	0,86	0,34	27	31	08:53:00	104
0:19	0	80	12,5	825	692	0,84	23	885	20,7	4,0	87,5	2,56	1,74	0,82	0,32	25	30	08:53:03	104
0:22	0	80	12,0	790	655	0,83	22	880	19,2	3,8	88,4	2,74	1,90	0,85	0,31	24	29	08:53:06	106
0:23	0	80	12,4	818	679	0,83	21	934	19,7	4,0	88,1	2,84	1,99	0,85	0,30	24	29	08:53:07	106
0:26	0	80	12,5	822	676	0,82	21	925	19,7	4,0	88,2	2,82	1,97	0,85	0,30	24	29	08:53:10	107
0:29	0	80	13,2	870	711	0,82	20	995	20,1	4,2	87,9	2,98	2,11	0,86	0,29	23	28	08:53:13	107
0:32	0	80	14,3	945	774	0,82	21	1025	21,9	4,6	86,8	2,81	1,96	0,86	0,30	23	28	08:53:16	107
0:33	0	80	15,5	1019	822	0,81	23	993	23,3	4,9	86,0	2,56	1,78	0,77	0,30	23	28	08:53:17	107
0:36	0	80	15,5	1020	820	0,80	24	959	23,4	4,9	85,9	2,46	1,70	0,76	0,31	23	29	08:53:20	107
0:39	0	80	15,9	1047	846	0,81	23	1010	23,1	5,1	86,1	2,63	1,79	0,84	0,32	22	27	08:53:23	107
0:43	0	80	15,9	1051	878	0,84	19	1259	23,8	5,1	85,7	3,18	2,10	1,07	0,34	23	27	08:53:27	108
0:46	0	80	16,2	1066	896	0,84	19	1296	24,2	5,2	85,4	3,22	2,10	1,11	0,35	23	27	08:53:30	108
0:49	0	80	16,1	1058	891	0,84	19	1260	24,2	5,2	85,4	3,12	2,02	1,09	0,35	23	27	08:53:33	108
0:51	0	80	16,0	1055	891	0,84	19	1268	24,3	5,1	85,4	3,13	2,06	1,08	0,34	23	27	08:53:35	108
0:54	0	80	15,7	1032	857	0,83	21	1124	23,2	5,0	86,0	2,90	1,94	0,96	0,33	22	27	08:53:38	108
0:57	0	80	16,3	1076	890	0,83	20	1185	23,7	5,2	85,7	3,01	2,00	1,00	0,33	22	27	08:53:41	108
1:00	0	80	15,9	1048	876	0,84	21	1139	24,0	5,1	85,5	2,85	1,93	0,92	0,32	23	27	08:53:44	107
1:03	0	80	15,6	1026	848	0,83	21	1099	22,6	5,0	86,4	2,91	1,79	1,13	0,39	22	27	08:53:47	110
1:06	0	80	16,2	1065	873	0,82	21	1120	23,0	5,2	86,1	2,92	1,81	1,11	0,38	22	26	08:53:50	109
1:12	0	80	17,4	1145	925	0,81	20	1184	24,0	5,5	85,5	2,96	1,85	1,11	0,37	21	26	08:53:56	110
1:14	0	80	16,9	1112	895	0,80	20	1145	23,2	5,4	86,0	2,97	1,80	1,17	0,39	21	26	08:53:58	111
1:17	0	80	17,7	1167	951	0,81	17	1425	24,3	5,7	85,4	3,52	2,12	1,40	0,40	21	26	08:54:01	112
1:20	0	80	17,8	1172	951	0,81	17	1383	24,2	5,7	85,4	3,43	2,05	1,38	0,40	21	25	08:54:04	112
1:23	0	80	18,6	1228	996	0,81	17	1432	24,9	5,9	85,0	3,45	2,11	1,33	0,39	20	25	08:54:07	111
1:26	0	80	19,2	1266	1033	0,82	18	1499	26,4	6,1	84,1	3,41	2,22	1,19	0,35	21	26	08:54:10	111
1:30	0	80	18,6	1223	997	0,82	16	1572	25,0	5,9	84,9	3,78	2,56	1,21	0,32	20	25	08:54:14	112
1:33	0	80	18,2	1201	965	0,80	19	1289	24,5	5,8	85,2	3,15	2,18	0,98	0,31	20	25	08:54:17	112
1:36	0	80	19,0	1249	1017	0,81	21	1282	26,5	6,1	84,0	2,90	1,90	1,00	0,35	21	26	08:54:20	110
1:39	0	80	19,0	1250	1018	0,81	21	1282	26,5	6,1	84,0	2,90	1,90	1,00	0,35	21	26	08:54:23	111
1:43	0	80	18,6	1228	997	0,81	18	1387	25,5	5,9	84,6	3,26	2,24	1,02	0,31	21	26	08:54:27	112
1:48	0	80	19,2	1263	1041	0,82	18	1484	27,1	6,1	83,7	3,29	2,27	1,02	0,31	21	26	08:54:32	113
1:50	0	80	18,3	1207	1001	0,83	19	1398	26,4	5,9	84,1	3,18	2,21	0,97	0,30	22	26	08:54:34	115
1:53	0	80	19,2	1266	1069	0,84	22	1334	28,9	6,2	82,6	2,77	1,83	0,93	0,34	23	27	08:54:37	116
1:55	0	80	18,8	1242	1061	0,85	22	1322	28,6	6,1	82,8	2,78	1,86	0,92	0,33	23	27	08:54:39	116
1:58	0	80	18,6	1225	1049	0,86	22	1257	28,2	6,0	83,0	2,67	1,78	0,89	0,33	23	27	08:54:42	115
2:01	0	80	17,7	1163	992	0,85	23	1177	26,8	5,7	83,9	2,64	1,74	0,90	0,34	23	27	08:54:45	114
2:04	0	80	19,4	1281	1093	0,85	22	1320	28,7	6,3	82,7	2,76	1,84	0,92	0,33	22	26	08:54:48	114
2:08	0	80	19,5	1285	1108	0,86	20	1445	28,9	6,3	82,6	3,00	1,99	1,01	0,34	22	26	08:54:52	114
2:12	0	80	19,5	1285	1108	0,86	20	1445	28,9	6,3	82,6	3,00	1,99	1,01	0,34	22	26	08:54:56	112
2:17	0	80	19,4	1277	1118	0,88	17	1680	28,6	6,3	82,8	3,53	2,42	1,11	0,31	22	26	08:55:01	113
2:22	0	80	18,7	1232	1084	0,88	15	1818	27,5	6,1	83,4	3,96	2,62	1,35	0,34	22	25	08:55:06	112
2:25	0	80	18,7	1231	1085	0,88	15	1857	27,3	6,1	83,5	4,07	2,72	1,35	0,33	22	25	08:55:09	112
2:28	0	80	18,4	1213	1069	0,88	15	1833	27,0	6,0	83,7	4,07	2,72	1,35	0,33	22	25	08:55:12	112
2:29	0	80	16,8	1105	975	0,88	15	1641	25,2	5,4	84,8	3,91	2,56	1,34	0,34	23	26	08:55:13	111
2:33	0	80	16,8	1106	975	0,88	15	1641	25,2	5,4	84,8	3,91	2,56	1,34	0,34	23	26	08:55:17	111
2:36	0	80	17,5	1152	1008	0,88	16	1616	25,8	5,7	84,5	3,76	2,52	1,24	0,33	22	26	08:55:20	111
2:39	0	80	17,5	1154	989	0,86	17	1454	25,3	5,6	84,8	3,45	2,26	1,19	0,34	22	26	08:55:23	111
2:42	0	80	17,8	1170	991	0,85	20	1305	25,8	5,7	84,5	3,04	2,04	1,00	0,33	22	26	08:55:26	111
2:48	0	80	18,1	1190	1024	0,86	17	1552	26,3	5,8	84,1	3,54	2,38	1,15	0,33	22	26	08:55:32	108
2:51	0	80	17,6	1161	1000	0,86	17	1517	25,7	5,7	84,5	3,54	2,37	1,17	0,33	22	26	08:55:35	109
2:53	0	80	18,5	1220	1051	0,86	17	1581	26,7	6,0	83,9	3,55	2,40	1,15	0,32	22	25	08:55:37	109
2:56	0	80	17,8	1170	1010	0,86	18	1469	26,0	5,7	84,3	3,39	2,26	1,13	0,33	22	26	08:55:40	109
2:59	0	80	18,2	1197	1030	0,86	18	1487	26,4	5,9	84,1	3,38	2,28	1,10	0,33	22	26	08:55:43	109
3:02	0	80	18,2	1197	1030	0,86	18	1487	26,4	5,9	84,1	3,38	2,28	1,10	0,33	22	26	08:55:46	109
3:06	0	80	19,2	1263	1083	0,86	18	1534	27,3	6,2	83,5	3,37	2,30	1,07	0,32	22	25	08:55:50	109
3:14	0	80	17,3	1141	983	0,86	15	1593	24,5	5,6	85,3	3,91	2,73	1,18	0,30	21	25	08:55:58	108
3:23	0	80	17,3	1141	983	0,86	15	1593	24,5	5,6	85,3	3,91	2,73	1,18	0,30	21	25	08:56:07	109
3:28	0	80	17,4	1145	971	0,85	14	1712	23,9	5,6	85,6	4,29	2,93	1,36	0,32	21	25	08:56:12	110
3:34	0	80	17,7	1166	989	0,85	12	1978	24,1	5,7	85,5	4,92	3,38	1,54	0,31	21	24	08:56:18	112
3:41	0	80	16,9	1111	942	0,85	10	2176	22,7	5,4	86,3	5,76	3,89	1,87	0,32	20	24	08:56:25	114
3:44	0	80	16,2	1067	903	0,85	10	2097	21,9	5,2	86,8	5,75	3,90	1,85	0,32	21	24	08:56:28	118
3:50	0	80	16,2	1066	898	0,84	10	2085	21,7	5,2	86,9	5,77	3,95	1,82	0,32	20	24	08:56:34	118
3:54	0	80	17,1	1127	932	0,83	11	1976	22,6	5,5	86,4	5,25	3,52	1,74	0,33	20	24	08:56:38	118
3:57	0	80	17,9	1183	974	0,82	13	1859	23,8	5,7	85,7	4,69	3,11	1,58	0,34	20	24	08:56:41	115
SV1																			
3:59	0	80	17,9	1179	981	0,83	14	1725	24,4	5,7	85,3	4,25	2,85	1,40	0,33	21	25	08:56:43	116
Départ Exercice																			
4:03	0	150	18,1	1191	985	0,83	16	1547	24,6	5,8	85,2	3,78	2,59	1,19	0,32	21	25	08:56:47	114
4:07	0	150	18,8	1242	1031	0,83	16	1615	25,6	6,0	84,6	3,79	2,60	1,18	0,31	21	25	08:56:51	114
4:09	0	150	20,3	1337	1114	0,83	18	1558	27,5	6,5	83,4	3,40	2,10	1,29	0,38	21	25	08:56:53	114
4:11	0	150	21,2	1400	1164	0,83	20	1462	29,1	6,8	82,4	3,01	1,93	1,08	0,36	21	25	08:56:55	114
4:15	0	150	22,0	1448	1215	0,84	21	1494	30,6	7,1	81,5	2,93	1,77	1,15	0,39	21	25	08:56:59	114
4:17	0	150	22,6	1488	1260	0,85	20	1548	31,6	7,3	81,0	2,94	1,77	1,17	0,40	21	25	08:57:01	115
4:20	0	150	23,1	1519	1292	0,85	20	1586	32,1	7,4	80,6	2,96	1,79	1,17	0,40	21	25	08:57:04	120
4:23	0	150	23,1	1520	1292	0,85	20	1586	32,1	7,4	80,6	2,96	1,79	1,17	0,40	21	25	08:57:07	127
4:25	0	150	21,0	1384	1176	0,85	22	1366	30,7	6,8	81,5	2,67	1,73	0,94	0,35	22	26	08:57:09	127
4:28	0	150	21,4	1409	1202	0,85	22	1422	31,1	6,9	81,2	2,74	1,76	0,98	0,36	22	26	08:57:12	129
4:32	0	150	22,2	1466	1255	0,86	20	1596	31,6	7,2	81,0	3,03	1,90	1,13	0,37	22	25	08:57:16	131
4:35	0	150	22,2	1465	1248	0,85	20	1537	31,2	7,2	81,2	2,96	1,89	1,06	0,36	21	25	08:57:19	131
4:39	0	150	23,3	1535	1317	0,86	18	1741	31,9	7,5	80,8	3,28	2,11	1,17	0,36	21	24	08:57:23	131
4:43	0	150	24,4	1611	1370	0,85	17	1892	32,0	7,9	80,7	3,55	2,39	1,16	0,33	20	23	08:57:27	132
4:50	0	150	24,6	1620	1388	0,86	14	2268	31,3	7,9	81,2	4,35	2,95	1,40	0,32	19	23	08:57:34	132
4:52	0	150	24,6	1619	1387	0,86	14	2268	31,3	7,9	81,2	4,35	2,95	1,40	0,32	19	23	08:57:36	132
4:55	0	150	24,6	1619	1387	0,86	14	2268	31,3	7,9	81,2	4,35	2,95	1,40	0,32	19	23	08:57:39	134
4:58	0	150	25,0	1646	1414	0,86	14	2238	32,0	8,1	80,7	4,20	2,88	1,32	0,31	19	23	08:57:42	134
5:01	0	150	25,6	1689	1465	0,87	14	2318	33,1	8,3	80,0	4,20	2,88	1,32	0,31	20	23	08:57:45	135
5:05	0	150	25,7	1692	1483	0,88	15	2277	33,5	8,3	79,8	4,07	2,76	1,31	0,32	20	23	08:57:49	136
5:08	0	150	25,9	1709	1519	0,89	15	2237	33,8	8,4	79,6	3,97	2,62	1,35	0,34	20	22	08:57:52	136
5:12	0	150	28,4	1874	1690	0,90	18	2134	38,2	9,3	77,0	3,35	2,20	1,15	0,34	20	23	08:57:56	138
5:15	0	150	28,0	1842	1681	0,91	18	2164	39,7	9,1	76,1	3,27	2,09	1,17	0,36	22	24	08:57:59	141
5:17	0	150	28,0	1845	1724	0,93	19	2155	40,7	9,2	75,4	3,17	2,07	1,11	0,35	22	24	08:58:01	141
5:20	0	150	27,8	1832	1704	0,93	19	2074	40,4	9,1	75,6	3,08	1,98	1,10	0,36	22	24	08:58:04	142
5:22	0	150	27,4	1807	1700	0,94	20	2051	40,5	9,0	75,6	3,04	1,95	1,09	0,36	22	24	08:58:06	142
5:26	0	150	28,2	1857	1765	0,95	20	2067	42,3	9,3	74,5	2,93	1,89	1,04	0,35	23	24	08:58:10	142
5:30	0	150	28,2	1857	1765	0,95	20	2067	42,3	9,3	74,5	2,93	1,89	1,04	0,35	23	24	08:58:14	143
5:32	0	150	27,4	1804	1741	0,97	19	2139	41,3	9,0	75,1	3,11	1,96	1,15	0,37	23	24	08:58:16	143
5:38	0	150	27,8	1835	1757	0,96	17	2363	39,8	9,2	76,0	3,56	2,34	1,22	0,34	22	23	08:58:22	143
5:43	0	150	26,7	1758	1673	0,95	18	2155	38,0	8,8	77,1	3,41	2,26	1,14	0,34	22	23	08:58:27	143
5:47	0	150	26,5	1747	1652	0,95	16	2289	37,2	8,7	77,6	3,69	2,38	1,31	0,36	21	23	08:58:31	143
5:50	0	150	27,4	1804	1711	0,95	16	2453	38,4	9,0	76,8	3,83	2,45	1,38	0,36	21	22	08:58:34	144
5:53	0	150	26,7	1760	1656	0,94	16	2268	37,2	8,8	77,6	3,66	2,35	1,31	0,36	21	22	08:58:37	144
5:56	0	150	28,2	1856	1733	0,93	18	2211	38,8	9,2	76,6	3,42	2,30	1,12	0,33	21	22	08:58:40	145
6:00	0	150	29,3	1930	1809	0,94	16	2452	40,0	9,6	75,9	3,68	2,41	1,26	0,34	21	22	08:58:44	146
6:04	0	150	29,4	1934	1833	0,95	17	2407	41,2	9,7	75,2	3,51	2,23	1,28	0,36	21	22	08:58:48	148
6:07	0	150	29,4	1940	1848	0,95	17	2494	41,6	9,7	74,9	3,60	2,27	1,32	0,37	21	23	08:58:51	148
6:10	0	150	29,8	1962	1885	0,96	17	2479	42,3	9,8	74,5	3,51	2,33	1,19	0,34	22	22	08:58:54	149
6:14	0	150	29,5	1944	1881	0,97	16	2613	42,2	9,7	74,6	3,72	2,45	1,27	0,34	22	22	08:58:58	149
6:20	0	150	29,5	1945	1881	0,97	16	2613	42,2	9,7	74,6	3,72	2,45	1,27	0,34	22	22	08:59:04	149
6:23	0	150	27,4	1806	1750	0,97	15	2624	38,7	9,1	76,7	4,07	2,75	1,32	0,32	21	22	08:59:07	149
6:26	0	150	27,5	1812	1767	0,98	14	2710	39,2	9,1	76,4	4,15	2,86	1,29	0,31	22	22	08:59:10	149
6:28	0	150	26,6	1752	1694	0,97	16	2368	38,1	8,8	77,0	3,73	2,57	1,16	0,31	22	22	08:59:12	150
6:33	0	150	27,6	1818	1739	0,96	15	2602	38,6	9,1	76,7	4,04	2,79	1,25	0,31	21	22	08:59:17	150
6:36	0	150	26,7	1760	1669	0,95	15	2504	37,1	8,8	77,6	4,05	2,72	1,33	0,33	21	22	08:59:20	149
6:38	0	150	25,0	1647	1539	0,93	16	2158	34,7	8,2	79,1	3,74	2,43	1,30	0,35	21	23	08:59:22	149
6:40	0	150	25,9	1707	1560	0,91	20	1825	36,3	8,5	78,1	3,02	1,98	1,04	0,35	21	23	08:59:24	150
6:43	0	150	29,4	1938	1783	0,92	20	2096	41,0	9,6	75,3	3,06	2,09	0,98	0,32	21	23	08:59:27	150
6:48	0	150	27,3	1802	1663	0,92	18	2140	37,6	8,9	77,3	3,41	2,37	1,05	0,31	21	23	08:59:32	148
6:52	0	150	29,0	1908	1769	0,93	16	2519	39,2	9,5	76,4	3,85	2,67	1,18	0,31	21	22	08:59:36	147
6:58	0	150	27,0	1780	1656	0,93	15	2510	36,5	8,8	78,0	4,13	2,89	1,24	0,30	20	22	08:59:42	146
7:02	0	150	29,3	1930	1783	0,92	14	2672	38,6	9,6	76,7	4,15	2,92	1,23	0,30	20	22	08:59:46	146
7:06	0	150	31,1	2051	1905	0,93	16	2653	42,2	10,2	74,5	3,77	2,65	1,12	0,30	21	22	08:59:50	146
7:08	0	150	31,2	2057	1910	0,93	16	2666	42,2	10,2	74,6	3,79	2,57	1,22	0,32	20	22	08:59:52	147
7:11	0	150	29,0	1914	1804	0,94	16	2514	40,9	9,5	75,3	3,69	2,49	1,20	0,33	21	23	08:59:55	148
7:14	0	150	30,2	1993	1896	0,95	17	2491	43,3	10,0	73,9	3,45	2,32	1,13	0,33	22	23	08:59:58	148
7:17	0	150	30,1	1981	1895	0,96	19	2256	43,8	9,9	73,6	3,09	2,09	1,00	0,32	22	23	09:00:01	148
7:20	0	150	31,0	2044	1969	0,96	19	2401	46,0	10,2	72,3	3,13	2,11	1,02	0,33	22	23	09:00:04	150
7:22	0	150	31,0	2045	1969	0,96	19	2401	46,0	10,2	72,3	3,13	2,11	1,02	0,33	22	23	09:00:06	151
7:25	0	150	31,8	2093	2024	0,97	20	2296	46,8	10,5	71,8	2,95	2,02	0,93	0,32	22	23	09:00:09	152
7:29	0	150	31,9	2099	2035	0,97	19	2398	46,4	10,5	72,1	3,10	2,15	0,95	0,31	22	23	09:00:13	152
7:32	0	150	32,4	2133	2060	0,97	21	2283	47,4	10,7	71,4	2,89	2,00	0,89	0,31	22	23	09:00:16	152
7:35	0	150	32,4	2137	2060	0,96	21	2313	47,7	10,7	71,3	2,91	2,01	0,90	0,31	22	23	09:00:19	152
7:40	0	150	31,3	2065	2001	0,97	19	2419	46,5	10,4	72,0	3,12	2,14	0,99	0,32	23	23	09:00:24	152
7:43	0	150	30,6	2014	1932	0,96	19	2288	44,5	10,1	73,2	3,08	2,04	1,04	0,34	22	23	09:00:27	152
7:46	0	150	30,6	2014	1932	0,96	19	2288	44,5	10,1	73,2	3,08	2,04	1,04	0,34	22	23	09:00:30	153
7:49	0	150	30,3	1995	1900	0,95	20	2227	44,0	10,0	73,5	3,04	1,94	1,10	0,36	22	23	09:00:33	153
7:52	0	150	31,9	2099	1999	0,95	21	2245	46,2	10,5	72,1	2,91	1,88	1,03	0,35	22	23	09:00:36	153
7:55	0	150	33,4	2199	2115	0,96	20	2450	48,6	11,0	70,7	3,03	1,94	1,09	0,36	22	23	09:00:39	153
7:57	0	150	32,1	2118	2042	0,96	22	2228	47,9	10,6	71,1	2,79	1,73	1,06	0,38	23	23	09:00:41	153
8:00	0	150	32,9	2169	2123	0,98	22	2322	50,7	10,9	69,5	2,75	1,75	1,00	0,36	23	24	09:00:44	152
8:02	0	150	34,3	2261	2219	0,98	21	2446	52,5	11,4	68,4	2,80	1,80	1,00	0,36	23	24	09:00:46	153
8:07	0	150	32,9	2169	2123	0,98	22	2322	50,7	10,9	69,5	2,75	1,75	1,00	0,36	23	24	09:00:51	153
8:09	0	150	31,9	2102	2072	0,99	22	2223	49,8	10,6	70,0	2,68	1,71	0,97	0,36	24	24	09:00:53	153
8:11	0	150	32,0	2111	2079	0,98	24	2115	50,8	10,6	69,4	2,50	1,56	0,93	0,37	24	24	09:00:55	153
8:14	0	150	31,4	2068	2019	0,98	26	1951	50,2	10,4	69,7	2,33	1,49	0,84	0,36	24	25	09:00:58	153
8:16	0	150	31,1	2051	1991	0,97	26	1919	49,4	10,3	70,2	2,33	1,48	0,85	0,36	24	25	09:01:00	153
8:18	0	150	30,4	2005	1930	0,96	25	1874	47,5	10,0	71,4	2,37	1,51	0,86	0,36	24	25	09:01:02	153
8:22	0	150	31,1	2051	1974	0,96	23	2039	47,2	10,3	71,5	2,59	1,66	0,93	0,36	23	24	09:01:06	153
8:26	0	150	31,4	2072	2006	0,97	20	2332	47,0	10,4	71,7	2,98	1,91	1,07	0,36	23	23	09:01:10	153
8:29	0	150	31,4	2072	2005	0,97	19	2434	47,3	10,4	71,5	3,09	1,96	1,13	0,37	23	24	09:01:13	153
8:31	0	150	31,4	2072	2005	0,97	19	2434	47,3	10,4	71,5	3,09	1,96	1,13	0,37	23	24	09:01:15	153
8:35	0	150	30,4	2002	1937	0,97	19	2355	45,8	10,0	72,4	3,09	1,94	1,14	0,37	23	24	09:01:19	153
8:37	0	150	30,8	2029	1960	0,97	19	2365	46,0	10,2	72,3	3,08	1,97	1,12	0,36	23	23	09:01:21	153
8:41	0	150	32,1	2114	2028	0,96	18	2576	46,1	10,6	72,2	3,35	2,22	1,14	0,34	22	23	09:01:25	153
8:45	0	150	30,6	2014	1921	0,95	17	2570	43,9	10,1	73,5	3,51	2,30	1,22	0,35	22	23	09:01:29	153
8:48	0	150	30,0	1977	1860	0,94	19	2309	42,9	9,9	74,1	3,23	2,13	1,10	0,34	22	23	09:01:32	153
8:54	0	150	29,1	1915	1807	0,94	18	2240	40,6	9,6	75,5	3,31	2,26	1,05	0,32	21	22	09:01:38	153
8:58	0	150	28,5	1875	1746	0,93	18	2235	39,8	9,3	76,0	3,37	2,18	1,19	0,35	21	23	09:01:42	153
9:00	0	150	29,8	1963	1798	0,92	19	2226	41,8	9,7	74,8	3,19	2,02	1,18	0,37	21	23	09:01:44	153
9:04	0	150	31,0	2042	1870	0,92	17	2458	42,3	10,1	74,5	3,49	2,25	1,24	0,35	21	23	09:01:48	153
9:06	0	150	29,4	1936	1765	0,91	19	2195	41,5	9,6	75,0	3,18	1,95	1,23	0,39	21	23	09:01:50	153
9:09	0	150	30,1	1985	1826	0,92	20	2189	43,2	9,8	73,9	3,04	1,89	1,15	0,38	22	24	09:01:53	153
9:12	0	150	30,8	2032	1875	0,92	20	2187	44,4	10,1	73,3	2,96	1,84	1,12	0,38	22	24	09:01:56	152
9:15	0	150	30,8	2032	1875	0,92	20	2187	44,4	10,1	73,3	2,96	1,84	1,12	0,38	22	24	09:01:59	153
9:18	0	150	31,4	2068	1936	0,94	22	2158	46,7	10,3	71,9	2,77	1,81	0,97	0,35	23	24	09:02:02	152
9:21	0	150	30,3	1997	1880	0,94	21	2140	45,4	10,0	72,6	2,83	1,85	0,98	0,35	23	24	09:02:05	153
9:23	0	150	29,2	1925	1809	0,94	22	1994	44,0	9,6	73,5	2,72	1,74	0,98	0,36	23	24	09:02:07	156
9:26	0	150	31,3	2065	1930	0,93	21	2134	45,7	10,3	72,5	2,80	1,86	0,94	0,34	22	24	09:02:10	156
9:28	0	150	31,4	2072	1920	0,93	23	1984	45,8	10,3	72,4	2,60	1,74	0,86	0,33	22	24	09:02:12	156
9:30	0	150	32,1	2112	1960	0,93	24	2001	47,2	10,5	71,5	2,54	1,68	0,86	0,34	22	24	09:02:14	156
9:32	0	150	33,4	2200	2047	0,93	25	1986	49,6	10,9	70,1	2,40	1,59	0,81	0,34	23	24	09:02:16	156
9:35	0	150	31,6	2083	1961	0,94	24	1959	47,8	10,4	71,2	2,46	1,66	0,80	0,33	23	24	09:02:19	157
9:38	0	150	31,6	2083	1961	0,94	24	1959	47,8	10,4	71,2	2,46	1,66	0,80	0,33	23	24	09:02:22	157
9:41	0	150	31,6	2082	1971	0,95	24	1998	47,6	10,4	71,3	2,52	1,79	0,73	0,29	23	24	09:02:25	156
9:43	0	150	31,6	2082	1971	0,95	24	1998	47,6	10,4	71,3	2,52	1,79	0,73	0,29	23	24	09:02:27	156
9:46	0	150	31,2	2054	1953	0,95	23	2067	47,5	10,3	71,4	2,61	1,85	0,76	0,29	23	24	09:02:30	157
9:48	0	150	31,5	2078	1972	0,95	23	2085	47,5	10,4	71,3	2,63	1,87	0,77	0,29	23	24	09:02:32	157
9:50	0	150	30,9	2040	1940	0,95	22	2174	47,1	10,2	71,6	2,77	1,90	0,87	0,31	23	24	09:02:34	157
9:52	0	150	31,8	2095	1992	0,95	23	2126	49,4	10,5	70,2	2,58	1,74	0,84	0,33	24	25	09:02:36	157
9:54	0	150	32,8	2159	2056	0,95	24	2091	50,5	10,8	69,6	2,49	1,75	0,74	0,30	23	25	09:02:38	158
9:57	0	150	33,2	2188	2097	0,96	25	2108	52,0	10,9	68,7	2,43	1,63	0,80	0,33	24	25	09:02:41	158
9:59	0	150	32,4	2136	2060	0,96	24	2132	51,5	10,7	69,0	2,49	1,64	0,84	0,34	24	25	09:02:43	158
10:02	0	150	32,1	2117	2044	0,97	26	2015	51,6	10,6	68,9	2,34	1,53	0,81	0,35	24	25	09:02:46	158
10:05	0	150	32,1	2112	2056	0,97	23	2194	51,0	10,6	69,2	2,58	1,66	0,92	0,36	24	25	09:02:49	159
10:07	0	150	32,0	2112	2056	0,97	23	2194	51,0	10,6	69,2	2,58	1,66	0,92	0,36	24	25	09:02:51	157
10:10	0	150	31,7	2086	2018	0,97	25	2030	50,7	10,5	69,4	2,40	1,55	0,86	0,36	24	25	09:02:54	157
10:12	0	150	31,3	2060	2005	0,97	25	2061	50,7	10,3	69,5	2,44	1,56	0,88	0,36	25	25	09:02:56	157
10:14	0	150	31,3	2064	2000	0,97	26	1985	50,8	10,4	69,4	2,35	1,48	0,86	0,37	25	25	09:02:58	159
10:16	0	150	31,4	2069	2000	0,97	27	1923	51,3	10,4	69,1	2,25	1,44	0,81	0,36	25	26	09:03:00	159
10:19	0	150	32,3	2130	2057	0,97	25	2056	51,0	10,7	69,3	2,42	1,61	0,81	0,34	24	25	09:03:03	159
10:25	0	150	31,7	2086	2016	0,97	24	2052	50,2	10,5	69,7	2,45	1,62	0,83	0,34	24	25	09:03:09	159
10:28	0	150	31,2	2053	1966	0,96	23	2141	49,2	10,3	70,3	2,61	1,68	0,93	0,36	24	25	09:03:12	159
10:30	0	150	29,6	1949	1852	0,95	23	2053	46,9	9,7	71,7	2,63	1,74	0,89	0,34	24	25	09:03:14	159
10:32	0	150	30,0	1974	1862	0,94	23	2013	46,8	9,8	71,8	2,58	1,71	0,87	0,34	24	25	09:03:16	159
10:35	0	150	28,9	1908	1761	0,92	23	1880	43,2	9,5	74,0	2,61	1,63	0,98	0,38	23	25	09:03:19	158
10:37	0	150	30,2	1992	1816	0,91	22	2005	43,8	9,9	73,6	2,75	1,71	1,04	0,38	22	24	09:03:21	158
10:40	0	150	30,1	1984	1780	0,90	22	1953	43,3	9,8	73,9	2,70	1,62	1,08	0,40	22	24	09:03:24	158
10:45	0	150	30,0	1978	1796	0,91	19	2245	43,4	9,8	73,8	3,10	2,01	1,09	0,35	22	24	09:03:29	159
10:47	0	150	30,6	2017	1812	0,90	21	2078	42,9	10,0	74,1	2,91	1,93	0,97	0,33	21	24	09:03:31	160
10:49	0	150	33,2	2190	1962	0,90	20	2265	46,0	10,8	72,3	2,96	1,91	1,04	0,35	21	23	09:03:33	159
10:52	0	150	32,1	2117	1898	0,90	21	2140	44,6	10,5	73,1	2,88	1,87	1,01	0,35	21	23	09:03:36	158
10:54	0	150	34,1	2246	2013	0,90	24	2046	48,3	11,1	70,9	2,54	1,64	0,90	0,35	22	24	09:03:38	159
10:58	0	150	33,2	2188	1971	0,90	23	2054	46,8	10,8	71,8	2,63	1,74	0,89	0,34	21	24	09:03:42	160
11:02	0	150	32,2	2120	1928	0,91	20	2213	45,1	10,5	72,8	2,94	1,94	1,00	0,34	21	23	09:03:46	160
11:06	0	150	32,2	2119	1928	0,91	20	2213	45,1	10,5	72,8	2,94	1,94	1,00	0,34	21	23	09:03:50	160
11:08	0	150	33,0	2172	1985	0,91	20	2341	46,4	10,8	72,0	3,03	2,05	0,98	0,32	21	23	09:03:52	160
11:10	0	150	32,0	2109	1921	0,91	21	2211	45,3	10,4	72,7	2,93	1,97	0,96	0,33	22	24	09:03:54	160
11:14	0	150	32,3	2128	1945	0,91	20	2285	45,7	10,5	72,4	3,00	2,02	0,98	0,33	21	24	09:03:58	160
11:20	0	150	30,7	2021	1846	0,91	19	2294	43,4	10,0	73,9	3,17	2,05	1,13	0,36	21	23	09:04:04	161
11:23	0	150	29,2	1923	1759	0,91	18	2291	42,2	9,5	74,5	3,25	2,08	1,17	0,36	22	24	09:04:07	161
11:29	0	150	28,6	1884	1704	0,90	17	2348	39,8	9,3	76,0	3,54	2,21	1,33	0,38	21	23	09:04:13	161
11:33	0	150	29,4	1939	1742	0,90	16	2442	40,1	9,6	75,8	3,66	2,30	1,35	0,37	21	23	09:04:17	161
11:36	0	150	28,5	1881	1681	0,89	17	2340	38,9	9,3	76,6	3,61	2,25	1,36	0,38	21	23	09:04:20	161
11:38	0	150	29,7	1954	1739	0,89	16	2472	39,5	9,6	76,2	3,76	2,39	1,37	0,36	20	23	09:04:22	161
11:41	0	150	29,3	1933	1724	0,89	16	2448	39,5	9,5	76,2	3,72	2,28	1,44	0,39	20	23	09:04:25	161
11:44	0	150	31,0	2045	1814	0,89	19	2241	42,8	10,1	74,2	3,14	1,99	1,15	0,37	21	24	09:04:28	161
11:48	0	150	32,1	2118	1883	0,89	19	2270	44,0	10,4	73,5	3,10	1,89	1,21	0,39	21	23	09:04:32	161
11:51	0	150	32,1	2118	1883	0,89	19	2270	44,0	10,4	73,5	3,10	1,89	1,21	0,39	21	23	09:04:35	161
11:53	0	150	33,3	2193	1959	0,89	21	2232	46,1	10,8	72,2	2,91	1,87	1,04	0,36	21	24	09:04:37	161
11:55	0	150	34,6	2280	2054	0,90	21	2318	48,5	11,3	70,8	2,87	1,84	1,03	0,36	21	24	09:04:39	161
11:57	0	150	33,9	2236	2035	0,91	22	2228	48,9	11,1	70,5	2,74	1,72	1,02	0,37	22	24	09:04:41	161
12:00	0	150	33,9	2234	2052	0,92	23	2185	49,6	11,1	70,1	2,64	1,71	0,93	0,35	22	24	09:04:44	162
12:03	0	150	33,9	2234	2069	0,93	23	2189	49,8	11,1	70,0	2,64	1,70	0,93	0,35	22	24	09:04:47	162
12:08	0	150	32,6	2151	1966	0,91	23	2027	47,4	10,7	71,4	2,56	1,79	0,78	0,30	22	24	09:04:52	162
12:14	0	150	31,6	2081	1927	0,93	20	2251	45,0	10,3	72,9	3,00	2,07	0,94	0,31	22	23	09:04:58	163
12:16	0	150	31,0	2042	1864	0,91	20	2161	43,6	10,1	73,7	2,97	1,99	0,98	0,33	21	23	09:05:00	163
12:18	0	150	31,0	2041	1864	0,91	20	2161	43,6	10,1	73,7	2,97	1,99	0,98	0,33	21	23	09:05:02	163
12:20	0	150	31,7	2088	1891	0,91	20	2199	44,9	10,3	72,9	2,94	1,95	0,99	0,34	21	24	09:05:04	163
12:22	0	150	32,2	2124	1911	0,90	21	2156	45,8	10,5	72,4	2,83	1,88	0,95	0,33	22	24	09:05:06	163
12:24	0	150	31,4	2068	1859	0,90	23	2024	45,9	10,2	72,3	2,65	1,71	0,93	0,35	22	25	09:05:08	163
12:26	0	150	34,7	2289	2059	0,90	29	1829	53,7	11,3	67,6	2,04	1,25	0,79	0,39	23	26	09:05:10	163
12:28	0	150	35,3	2326	2146	0,92	30	1894	56,1	11,5	66,2	2,03	1,28	0,74	0,37	24	26	09:05:12	163
12:30	0	150	36,2	2387	2206	0,92	30	1912	57,6	11,9	65,3	1,99	1,27	0,72	0,36	24	26	09:05:14	162
12:33	0	150	35,1	2313	2167	0,94	29	1898	55,9	11,5	66,3	2,04	1,30	0,73	0,36	24	26	09:05:17	162
12:35	0	150	34,0	2240	2127	0,95	28	1931	53,8	11,2	67,5	2,15	1,38	0,78	0,36	24	25	09:05:19	163
12:37	0	150	33,0	2173	2068	0,95	27	1917	52,7	10,9	68,3	2,18	1,40	0,79	0,36	24	25	09:05:21	165
12:41	0	150	33,1	2180	2076	0,95	24	2103	50,8	10,9	69,4	2,48	1,63	0,85	0,34	23	24	09:05:25	165
12:43	0	150	32,9	2171	2051	0,94	24	2078	49,8	10,8	70,0	2,50	1,62	0,88	0,35	23	24	09:05:27	164
12:48	0	150	31,7	2091	1976	0,95	23	2052	47,4	10,4	71,4	2,60	1,71	0,89	0,34	23	24	09:05:32	165
12:50	0	150	31,7	2090	1976	0,95	23	2052	47,4	10,4	71,4	2,60	1,71	0,89	0,34	23	24	09:05:34	164
12:53	0	150	32,2	2123	1978	0,93	23	2021	46,8	10,6	71,8	2,59	1,70	0,89	0,34	22	24	09:05:37	163
12:57	0	150	31,4	2072	1914	0,92	20	2219	44,6	10,3	73,1	2,99	1,95	1,04	0,35	22	23	09:05:41	163
13:00	0	150	32,7	2154	1971	0,91	19	2347	45,6	10,7	72,5	3,09	2,01	1,07	0,35	21	23	09:05:44	163
13:03	0	150	32,4	2138	1957	0,91	20	2340	46,0	10,6	72,3	3,05	1,99	1,06	0,35	22	24	09:05:47	163
13:05	0	150	33,3	2193	1998	0,91	19	2395	46,7	10,9	71,9	3,08	2,04	1,04	0,34	21	23	09:05:49	164
13:09	0	150	34,1	2248	2089	0,93	20	2469	49,8	11,2	70,0	2,97	2,02	0,95	0,32	22	24	09:05:53	164
13:11	0	150	33,3	2194	2059	0,94	20	2478	49,7	10,9	70,0	2,99	2,02	0,97	0,32	23	24	09:05:55	164
13:14	0	150	32,7	2156	2046	0,95	20	2545	49,6	10,8	70,1	3,08	2,12	0,95	0,31	23	24	09:05:58	165
13:19	0	150	32,7	2156	2047	0,95	20	2545	49,6	10,8	70,1	3,08	2,12	0,95	0,31	23	24	09:06:03	165
13:24	0	150	30,5	2009	1921	0,96	18	2624	46,1	10,0	72,2	3,42	2,37	1,04	0,31	23	24	09:06:08	165
13:28	0	150	31,3	2062	1929	0,94	18	2602	46,0	10,3	72,3	3,39	2,27	1,12	0,33	22	24	09:06:12	165
13:31	0	150	31,1	2048	1877	0,92	18	2449	44,6	10,2	73,1	3,29	2,19	1,10	0,33	22	24	09:06:15	165
13:34	0	150	30,6	2017	1836	0,91	18	2454	43,7	10,0	73,7	3,37	2,19	1,18	0,35	22	24	09:06:18	165
13:37	0	150	30,7	2025	1836	0,91	17	2530	43,1	10,0	74,0	3,52	2,34	1,18	0,34	21	23	09:06:21	164
13:40	0	150	29,5	1947	1784	0,92	17	2398	41,9	9,7	74,8	3,44	2,40	1,04	0,30	22	23	09:06:24	163
13:44	0	150	30,3	2000	1813	0,91	18	2389	43,0	9,9	74,1	3,33	2,23	1,11	0,33	22	24	09:06:28	163
13:48	0	150	30,3	2000	1814	0,91	18	2389	43,0	9,9	74,1	3,33	2,23	1,11	0,33	22	24	09:06:32	163
13:50	0	150	30,3	2000	1814	0,91	18	2389	43,0	9,9	74,1	3,33	2,23	1,11	0,33	22	24	09:06:34	163
13:53	0	150	30,5	2011	1816	0,90	19	2239	43,1	9,9	74,0	3,12	2,05	1,07	0,34	21	24	09:06:37	164
13:55	0	180	30,5	2013	1814	0,90	21	2100	43,7	9,9	73,7	2,89	1,88	1,01	0,35	22	24	09:06:39	164
13:58	0	180	31,4	2071	1869	0,90	22	2099	45,3	10,2	72,7	2,78	1,80	0,98	0,35	22	24	09:06:42	164
14:00	0	180	31,8	2095	1900	0,91	23	2034	46,9	10,4	71,7	2,60	1,61	0,99	0,38	22	25	09:06:44	164
14:02	0	180	33,2	2185	1993	0,91	27	1866	50,2	10,8	69,7	2,23	1,46	0,77	0,35	23	25	09:06:46	164
14:05	0	180	33,8	2226	2042	0,92	26	1980	51,6	11,0	68,9	2,30	1,46	0,84	0,37	23	25	09:06:49	164
14:07	0	180	34,1	2245	2081	0,93	27	2009	53,3	11,2	67,9	2,26	1,43	0,84	0,37	24	26	09:06:51	164
14:09	0	180	33,3	2192	2028	0,93	26	1996	51,7	10,9	68,8	2,32	1,47	0,84	0,36	24	25	09:06:53	163
14:12	0	180	32,9	2168	2014	0,93	25	2016	50,6	10,8	69,5	2,39	1,55	0,84	0,35	23	25	09:06:56	163
14:14	0	180	33,0	2178	2026	0,93	26	1961	51,5	10,8	68,9	2,28	1,45	0,84	0,37	24	25	09:06:58	163
14:17	0	180	32,6	2146	2008	0,94	23	2148	50,0	10,7	69,9	2,58	1,66	0,92	0,36	23	25	09:07:01	163
14:20	0	180	32,3	2128	1995	0,94	23	2181	49,8	10,6	70,0	2,63	1,65	0,98	0,37	23	25	09:07:04	163
14:23	0	180	31,9	2102	1982	0,94	22	2274	49,0	10,5	70,5	2,79	1,80	0,99	0,35	23	25	09:07:07	164
14:26	0	180	31,1	2048	1929	0,94	21	2245	47,4	10,2	71,4	2,84	1,83	1,01	0,36	23	25	09:07:10	166
14:29	0	180	32,2	2125	1999	0,94	20	2392	48,9	10,6	70,6	2,94	1,91	1,03	0,35	23	24	09:07:13	168
14:31	0	180	33,3	2195	2050	0,93	22	2290	50,2	10,9	69,7	2,73	1,78	0,95	0,35	23	25	09:07:15	168
14:35	0	180	32,5	2143	2013	0,94	21	2334	49,6	10,7	70,1	2,82	1,81	1,01	0,36	23	25	09:07:19	169
14:37	0	180	32,5	2143	2013	0,94	21	2334	49,6	10,7	70,1	2,82	1,81	1,01	0,36	23	25	09:07:21	171
14:40	0	180	32,9	2165	2030	0,94	22	2319	50,0	10,8	69,8	2,78	1,80	0,98	0,35	23	25	09:07:24	171
14:42	0	180	33,7	2219	2065	0,93	22	2279	50,2	11,0	69,7	2,72	1,80	0,92	0,34	23	24	09:07:26	172
14:44	0	180	34,5	2271	2118	0,93	22	2310	51,9	11,3	68,7	2,67	1,78	0,89	0,33	23	24	09:07:28	172
14:46	0	180	34,6	2279	2122	0,93	25	2153	52,8	11,3	68,2	2,45	1,60	0,85	0,35	23	25	09:07:30	173
14:50	0	180	33,9	2233	2103	0,94	22	2382	51,5	11,1	69,0	2,78	1,89	0,88	0,32	23	24	09:07:34	173
14:53	0	180	34,2	2255	2115	0,94	23	2325	52,7	11,2	68,2	2,65	1,75	0,90	0,34	23	25	09:07:37	173
14:54	0	180	35,2	2321	2158	0,93	28	2044	56,4	11,5	66,0	2,18	1,36	0,82	0,38	24	26	09:07:38	173
14:56	0	180	36,2	2388	2221	0,93	28	2056	57,9	11,9	65,1	2,13	1,32	0,81	0,38	24	26	09:07:40	173
14:58	0	180	35,6	2349	2200	0,94	28	2043	57,7	11,7	65,2	2,12	1,31	0,81	0,38	25	26	09:07:42	172
15:00	0	180	35,2	2323	2186	0,94	28	2048	57,3	11,6	65,5	2,14	1,32	0,82	0,38	25	26	09:07:44	172
15:02	0	180	35,0	2307	2187	0,95	28	2078	57,6	11,5	65,3	2,17	1,34	0,83	0,38	25	26	09:07:46	172
15:05	0	180	36,4	2402	2311	0,96	27	2160	59,3	12,0	64,3	2,19	1,40	0,79	0,36	25	26	09:07:49	173
15:09	0	180	36,4	2401	2310	0,96	27	2160	59,3	12,0	64,3	2,19	1,40	0,79	0,36	25	26	09:07:53	173
15:13	0	180	35,4	2331	2273	0,97	23	2413	56,3	11,7	66,0	2,57	1,67	0,90	0,35	24	25	09:07:57	173
15:15	0	180	33,7	2221	2136	0,96	25	2133	54,2	11,1	67,3	2,36	1,52	0,84	0,35	24	25	09:07:59	173
15:18	0	180	34,4	2270	2203	0,97	24	2302	54,9	11,4	66,9	2,51	1,63	0,88	0,35	24	25	09:08:02	173
15:21	0	180	33,9	2231	2165	0,97	22	2451	53,0	11,2	68,0	2,77	1,79	0,98	0,35	24	24	09:08:05	174
15:23	0	180	34,5	2277	2199	0,97	22	2475	53,4	11,4	67,8	2,78	1,79	0,99	0,36	23	24	09:08:07	175
15:25	0	180	34,1	2250	2157	0,96	23	2327	53,1	11,3	68,0	2,63	1,70	0,93	0,35	24	25	09:08:09	175
15:27	0	180	34,9	2298	2180	0,95	26	2116	55,1	11,5	66,8	2,31	1,47	0,83	0,36	24	25	09:08:11	176
15:30	0	180	37,4	2465	2332	0,95	29	2071	59,2	12,3	64,3	2,10	1,36	0,74	0,35	24	25	09:08:14	176
15:32	0	180	38,5	2535	2414	0,95	28	2173	60,8	12,7	63,4	2,15	1,39	0,75	0,35	24	25	09:08:16	176
15:34	0	180	37,7	2484	2380	0,96	28	2182	60,4	12,4	63,6	2,17	1,39	0,77	0,36	24	25	09:08:18	176
15:36	0	180	37,9	2499	2399	0,96	27	2213	60,6	12,5	63,5	2,19	1,40	0,79	0,36	24	25	09:08:20	176
15:39	0	180	37,5	2473	2381	0,96	27	2249	59,9	12,4	63,9	2,25	1,46	0,79	0,35	24	25	09:08:23	176
15:42	0	180	37,1	2445	2354	0,96	27	2225	59,2	12,2	64,3	2,25	1,47	0,78	0,35	24	25	09:08:26	176
15:44	0	180	37,3	2458	2362	0,96	27	2185	59,6	12,3	64,0	2,20	1,42	0,78	0,36	24	25	09:08:28	178
15:46	0	180	37,3	2458	2362	0,96	27	2185	59,6	12,3	64,0	2,20	1,42	0,78	0,36	24	25	09:08:30	178
15:48	0	180	37,7	2484	2397	0,96	27	2253	60,4	12,4	63,6	2,24	1,43	0,80	0,36	24	25	09:08:32	178
15:50	0	180	38,1	2509	2404	0,96	28	2183	60,5	12,6	63,5	2,16	1,41	0,76	0,35	24	25	09:08:34	178
15:53	0	180	37,3	2458	2354	0,96	26	2233	59,1	12,3	64,4	2,27	1,44	0,83	0,36	24	25	09:08:37	178
15:55	0	180	36,6	2409	2307	0,96	27	2174	59,1	12,1	64,4	2,21	1,36	0,85	0,38	25	26	09:08:39	178
15:57	0	180	37,8	2489	2383	0,96	29	2138	61,2	12,5	63,1	2,10	1,34	0,75	0,36	25	26	09:08:41	177
16:00	0	180	37,0	2440	2344	0,96	25	2299	58,6	12,2	64,7	2,35	1,59	0,76	0,32	24	25	09:08:44	177
16:04	0	180	36,3	2393	2299	0,96	23	2475	56,5	12,0	66,0	2,63	1,72	0,91	0,35	24	25	09:08:48	176
16:06	0	180	35,8	2362	2266	0,96	22	2473	55,6	11,8	66,5	2,67	1,75	0,92	0,34	24	25	09:08:50	177
16:08	0	180	36,6	2410	2314	0,96	22	2543	56,6	12,1	65,9	2,70	1,78	0,92	0,34	23	24	09:08:52	179
16:12	0	180	36,6	2410	2314	0,96	22	2543	56,6	12,1	65,9	2,70	1,78	0,92	0,34	23	24	09:08:56	179
16:14	0	180	36,4	2401	2305	0,96	22	2527	56,4	12,0	66,0	2,69	1,78	0,91	0,34	24	24	09:08:58	179
16:16	0	180	36,2	2388	2288	0,96	23	2479	56,1	11,9	66,2	2,65	1,75	0,90	0,34	23	25	09:09:00	178
16:18	0	180	37,5	2470	2364	0,96	24	2435	58,8	12,4	64,6	2,49	1,58	0,91	0,37	24	25	09:09:02	179
16:21	0	180	38,6	2546	2457	0,97	25	2463	61,5	12,8	62,9	2,40	1,56	0,84	0,35	24	25	09:09:05	179
16:25	0	180	37,8	2492	2417	0,97	23	2561	59,8	12,5	63,9	2,57	1,70	0,87	0,34	24	25	09:09:09	179
16:28	0	180	36,9	2431	2354	0,97	22	2654	57,8	12,2	65,2	2,76	1,74	1,02	0,37	24	25	09:09:12	179
16:31	0	180	37,8	2491	2406	0,97	22	2672	59,6	12,5	64,1	2,69	1,69	1,00	0,37	24	25	09:09:15	180
16:34	0	180	37,1	2447	2338	0,96	21	2757	57,1	12,2	65,6	2,90	1,90	1,00	0,34	23	24	09:09:18	180
16:36	0	180	37,1	2446	2338	0,96	21	2757	57,1	12,2	65,6	2,90	1,90	1,00	0,34	23	24	09:09:20	180
16:38	0	180	37,5	2473	2349	0,95	22	2673	57,5	12,4	65,4	2,79	1,82	0,97	0,35	23	24	09:09:22	180
16:40	0	180	37,3	2459	2319	0,94	24	2441	57,8	12,3	65,2	2,53	1,64	0,89	0,35	24	25	09:09:24	180
16:41	0	180	39,6	2607	2505	0,96	26	2417	63,7	13,1	61,6	2,28	1,42	0,86	0,38	24	25	09:09:25	180
16:44	0	180	40,8	2687	2604	0,97	29	2331	66,7	13,5	59,8	2,10	1,37	0,72	0,35	25	26	09:09:28	181
16:46	0	180	39,2	2583	2455	0,95	28	2201	62,5	12,9	62,3	2,11	1,43	0,68	0,32	24	25	09:09:30	181
V02 Max																			
16:48	0	180	44,6	2937	2790	0,95	30	2253	68,3	14,7	58,8	1,98	1,35	0,63	0,32	23	24	09:09:32	181
16:50	0	180	44,5	2930	2780	0,95	30	2268	68,2	14,6	58,9	1,99	1,36	0,63	0,32	23	25	09:09:34	180
16:52	0	180	41,4	2730	2619	0,96	32	2134	68,5	13,7	58,7	1,87	1,21	0,66	0,35	25	26	09:09:36	180
16:55	0	180	39,5	2606	2479	0,95	29	2150	62,4	13,0	62,4	2,07	1,39	0,67	0,33	24	25	09:09:39	180
16:56	0	180	41,8	2757	2572	0,93	27	2226	60,9	13,7	63,3	2,19	1,53	0,66	0,30	22	24	09:09:40	180
16:58	0	180	41,7	2745	2535	0,92	28	2163	60,7	13,6	63,4	2,14	1,48	0,66	0,31	22	24	09:09:42	180
17:01	0	180	44,3	2918	2712	0,93	30	2239	66,3	14,5	60,0	2,03	1,36	0,67	0,33	23	24	09:09:45	180
17:03	0	180	41,2	2714	2558	0,94	31	2163	66,7	13,5	59,8	1,95	1,23	0,72	0,37	25	26	09:09:47	179
17:04	0	180	40,3	2656	2529	0,95	31	2171	66,7	13,3	59,8	1,95	1,23	0,72	0,37	25	26	09:09:48	179
17:07	0	180	39,2	2585	2493	0,96	28	2336	64,5	13,0	61,1	2,17	1,44	0,74	0,34	25	26	09:09:51	179
17:10	0	180	39,4	2599	2491	0,96	29	2239	65,6	13,0	60,5	2,05	1,25	0,80	0,39	25	26	09:09:54	179
17:12	0	180	38,6	2546	2448	0,96	30	2195	65,3	12,7	60,7	2,02	1,24	0,78	0,39	26	27	09:09:56	179
17:14	0	180	38,2	2517	2439	0,97	29	2202	64,9	12,6	60,9	2,04	1,27	0,77	0,38	26	27	09:09:58	178
17:15	0	180	38,0	2507	2430	0,97	30	2168	64,5	12,6	61,1	2,02	1,25	0,76	0,38	26	27	09:09:59	179
17:18	0	180	37,9	2496	2424	0,97	29	2156	63,1	12,5	62,0	2,05	1,31	0,74	0,36	25	26	09:10:02	179
17:21	0	180	36,8	2427	2371	0,98	27	2268	61,0	12,2	63,2	2,23	1,46	0,77	0,34	25	26	09:10:05	179
17:24	0	180	37,1	2442	2361	0,97	27	2218	60,8	12,2	63,4	2,19	1,37	0,82	0,37	25	26	09:10:08	178
17:27	0	180	36,3	2391	2323	0,97	25	2335	58,0	12,0	65,1	2,42	1,61	0,81	0,33	24	25	09:10:11	179
17:29	0	180	36,4	2398	2321	0,97	25	2322	57,4	12,0	65,4	2,43	1,63	0,80	0,33	24	25	09:10:13	180
17:30	0	180	36,4	2401	2316	0,96	25	2287	57,7	12,0	65,2	2,38	1,57	0,81	0,34	24	25	09:10:14	182
17:33	0	180	36,7	2417	2324	0,96	25	2297	57,6	12,1	65,3	2,39	1,60	0,80	0,33	24	25	09:10:17	182
17:36	0	180	35,7	2356	2269	0,96	23	2444	55,8	11,8	66,4	2,63	1,74	0,89	0,34	24	25	09:10:20	182
17:39	0	180	37,4	2465	2366	0,96	24	2424	59,4	12,3	64,2	2,45	1,57	0,88	0,36	24	25	09:10:23	182
17:41	0	180	39,0	2571	2473	0,96	25	2480	61,9	12,9	62,7	2,40	1,57	0,83	0,35	24	25	09:10:25	181
17:42	0	180	41,0	2700	2603	0,96	28	2387	67,3	13,5	59,4	2,13	1,37	0,76	0,36	25	26	09:10:26	181
17:44	0	180	41,5	2734	2650	0,97	28	2421	68,6	13,7	58,6	2,12	1,37	0,74	0,35	25	26	09:10:28	181
17:46	0	180	41,3	2725	2650	0,97	29	2384	69,5	13,7	58,1	2,06	1,32	0,74	0,36	26	26	09:10:30	181
17:48	0	180	40,6	2673	2617	0,98	30	2300	69,8	13,4	58,0	1,98	1,25	0,73	0,37	26	27	09:10:32	181
17:50	0	180	40,4	2665	2628	0,99	32	2236	70,6	13,4	57,4	1,90	1,20	0,70	0,37	26	27	09:10:34	181
17:52	0	180	40,6	2676	2646	0,99	31	2276	70,8	13,5	57,3	1,93	1,22	0,71	0,37	26	27	09:10:36	181
17:53	0	180	40,7	2685	2653	0,99	32	2194	70,8	13,5	57,3	1,86	1,18	0,68	0,37	26	27	09:10:37	181
17:55	0	180	40,5	2666	2642	0,99	31	2249	70,3	13,4	57,6	1,92	1,20	0,72	0,37	26	27	09:10:39	182
17:57	0	180	39,9	2626	2600	0,99	32	2200	70,4	13,2	57,6	1,88	1,15	0,72	0,39	27	27	09:10:41	183
17:59	0	180	39,6	2612	2608	1,00	30	2336	69,7	13,2	58,0	2,01	1,27	0,74	0,37	27	27	09:10:43	182
18:01	0	180	39,9	2630	2614	0,99	31	2269	70,2	13,3	57,7	1,94	1,22	0,71	0,37	27	27	09:10:45	182
18:03	0	180	40,1	2646	2612	0,99	31	2227	69,8	13,3	57,9	1,91	1,23	0,68	0,36	26	27	09:10:47	182
18:05	0	180	39,7	2615	2586	0,99	29	2337	68,3	13,2	58,8	2,05	1,33	0,72	0,35	26	26	09:10:49	182
18:07	0	180	38,1	2508	2489	0,99	28	2355	66,2	12,6	60,1	2,14	1,37	0,77	0,36	26	27	09:10:51	182
18:09	0	180	37,7	2486	2458	0,99	28	2303	65,1	12,5	60,8	2,12	1,39	0,74	0,35	26	26	09:10:53	182
18:11	0	180	38,4	2528	2474	0,98	30	2194	65,6	12,7	60,4	2,01	1,30	0,71	0,35	26	27	09:10:55	182
18:13	0	180	39,2	2586	2529	0,98	30	2245	67,1	13,0	59,6	2,01	1,30	0,71	0,35	26	27	09:10:57	182
18:15	0	180	38,8	2557	2498	0,98	30	2235	66,3	12,8	60,0	2,02	1,30	0,73	0,36	26	27	09:10:59	182
18:17	0	180	39,3	2593	2539	0,98	29	2328	67,1	13,0	59,6	2,08	1,34	0,74	0,36	26	26	09:11:01	182
18:19	0	180	39,2	2580	2506	0,97	31	2179	67,2	12,9	59,5	1,94	1,23	0,72	0,37	26	27	09:11:03	183
18:21	0	180	39,8	2622	2547	0,97	31	2183	68,2	13,2	58,9	1,92	1,23	0,69	0,36	26	27	09:11:05	182
18:23	0	180	39,5	2600	2517	0,97	32	2155	68,1	13,0	58,9	1,90	1,19	0,71	0,37	26	27	09:11:07	182
18:27	0	180	37,9	2494	2413	0,97	31	2106	65,3	12,5	60,6	1,93	1,24	0,69	0,36	26	27	09:11:11	181
18:29	0	180	37,6	2478	2369	0,96	30	2116	63,2	12,4	61,9	2,01	1,27	0,74	0,37	26	27	09:11:13	181
18:32	0	180	37,0	2440	2331	0,96	27	2267	61,8	12,2	62,7	2,20	1,41	0,79	0,36	25	27	09:11:16	180
18:34	0	180	36,7	2422	2293	0,95	27	2241	60,2	12,1	63,7	2,23	1,43	0,80	0,36	25	26	09:11:18	180
18:35	0	180	37,3	2455	2326	0,95	27	2245	60,9	12,3	63,3	2,21	1,44	0,77	0,35	25	26	09:11:19	180
18:37	0	180	37,8	2490	2336	0,94	27	2250	60,4	12,4	63,6	2,24	1,46	0,77	0,35	24	26	09:11:21	180
18:38	0	180	39,0	2570	2388	0,93	29	2174	63,2	12,8	61,9	2,06	1,31	0,75	0,37	25	26	09:11:22	180
18:40	0	180	39,8	2622	2454	0,94	31	2115	65,9	13,1	60,3	1,93	1,25	0,67	0,35	25	27	09:11:24	180
18:42	0	180	41,2	2717	2550	0,94	34	2010	69,0	13,5	58,4	1,75	1,12	0,62	0,36	25	27	09:11:26	179
18:45	0	180	41,2	2717	2550	0,94	34	2010	69,0	13,5	58,4	1,75	1,12	0,62	0,36	25	27	09:11:29	180
18:47	0	180	39,5	2603	2492	0,96	29	2246	65,9	13,0	60,3	2,05	1,32	0,72	0,35	25	26	09:11:31	180
18:51	0	180	37,8	2494	2403	0,96	25	2439	62,0	12,5	62,6	2,36	1,55	0,81	0,34	25	26	09:11:35	180
18:54	0	180	37,0	2438	2343	0,96	23	2575	59,1	12,2	64,4	2,62	1,70	0,92	0,35	24	25	09:11:38	182
18:56	0	180	36,2	2385	2284	0,96	22	2627	57,4	11,9	65,4	2,74	1,77	0,97	0,35	24	25	09:11:40	182
18:58	0	180	36,5	2403	2285	0,95	22	2624	57,0	12,0	65,7	2,76	1,80	0,97	0,35	24	25	09:11:42	182
19:00	0	180	36,4	2395	2285	0,95	21	2682	57,0	12,0	65,6	2,82	1,82	1,00	0,35	24	25	09:11:44	182
19:02	0	180	37,8	2489	2344	0,94	24	2511	59,2	12,4	64,3	2,54	1,65	0,89	0,35	24	25	09:11:46	182
19:05	0	180	38,2	2517	2375	0,94	24	2526	60,5	12,6	63,5	2,50	1,62	0,89	0,35	24	25	09:11:49	181
19:08	0	180	38,2	2518	2375	0,94	24	2526	60,5	12,6	63,5	2,50	1,62	0,89	0,35	24	25	09:11:52	181
19:11	0	180	38,2	2514	2376	0,95	25	2436	61,2	12,5	63,1	2,39	1,56	0,83	0,35	24	26	09:11:55	181
19:13	0	180	39,5	2601	2457	0,94	26	2434	62,9	13,0	62,1	2,32	1,54	0,78	0,34	24	26	09:11:57	182
19:16	0	180	39,2	2586	2463	0,95	24	2590	63,1	12,9	62,0	2,46	1,63	0,83	0,34	24	26	09:12:00	183
19:19	0	180	38,2	2518	2396	0,95	23	2648	61,1	12,6	63,1	2,60	1,70	0,90	0,35	24	26	09:12:03	183
19:22	0	180	38,4	2531	2410	0,95	23	2716	61,3	12,6	63,0	2,66	1,76	0,90	0,34	24	25	09:12:06	183
19:24	0	180	38,9	2566	2440	0,95	24	2640	63,4	12,8	61,8	2,50	1,64	0,86	0,34	25	26	09:12:08	183
19:27	0	180	39,4	2599	2480	0,95	25	2617	64,3	13,0	61,2	2,44	1,66	0,79	0,32	25	26	09:12:11	183
19:29	0	180	40,1	2646	2537	0,96	24	2698	65,6	13,2	60,4	2,47	1,68	0,79	0,32	25	26	09:12:13	183
19:31	0	180	38,9	2563	2458	0,96	26	2526	64,9	12,8	60,9	2,34	1,56	0,77	0,33	25	26	09:12:15	183
19:33	0	180	39,1	2580	2472	0,96	28	2385	65,8	12,9	60,3	2,17	1,45	0,72	0,33	26	27	09:12:17	183
19:35	0	180	40,9	2697	2557	0,95	28	2444	68,1	13,5	59,0	2,15	1,39	0,76	0,35	25	27	09:12:19	183
19:44	0	180	39,2	2580	2473	0,96	28	2385	65,8	12,9	60,3	2,17	1,45	0,72	0,33	26	27	09:12:28	183
19:47	0	180	39,6	2611	2517	0,96	26	2491	65,7	13,1	60,4	2,28	1,52	0,76	0,33	25	26	09:12:31	183
19:50	0	180	39,7	2615	2532	0,97	26	2532	66,5	13,1	59,9	2,28	1,51	0,77	0,34	25	26	09:12:34	183
19:52	0	180	38,9	2566	2488	0,97	25	2588	65,4	12,9	60,6	2,37	1,59	0,78	0,33	25	26	09:12:36	183
19:56	0	180	38,5	2536	2473	0,98	23	2722	63,9	12,7	61,5	2,55	1,71	0,84	0,33	25	26	09:12:40	183
19:58	0	180	37,2	2454	2383	0,97	23	2667	61,7	12,3	62,8	2,59	1,73	0,86	0,33	25	26	09:12:42	183
19:59	0	180	37,2	2454	2382	0,97	23	2667	61,7	12,3	62,8	2,59	1,73	0,86	0,33	25	26	09:12:43	183
20:01	0	180	38,2	2517	2413	0,96	25	2522	63,3	12,6	61,8	2,39	1,61	0,78	0,33	25	26	09:12:45	183
20:03	0	180	37,7	2486	2364	0,95	28	2312	63,7	12,4	61,6	2,18	1,44	0,74	0,34	26	27	09:12:47	183
20:05	0	180	39,1	2574	2429	0,94	29	2285	65,5	12,8	60,5	2,09	1,34	0,75	0,36	25	27	09:12:49	183
20:07	0	180	39,4	2599	2451	0,94	31	2174	66,7	13,0	59,8	1,96	1,25	0,70	0,36	26	27	09:12:51	183
20:09	0	180	40,7	2681	2556	0,95	29	2341	68,4	13,4	58,8	2,05	1,33	0,72	0,35	26	27	09:12:53	185
20:12	0	180	40,7	2681	2556	0,95	29	2341	68,4	13,4	58,8	2,05	1,33	0,72	0,35	26	27	09:12:56	184
20:14	0	180	41,3	2719	2611	0,96	28	2484	69,1	13,6	58,4	2,16	1,40	0,76	0,35	25	26	09:12:58	185
20:16	0	180	40,3	2658	2559	0,96	27	2484	67,7	13,3	59,2	2,20	1,45	0,75	0,34	25	26	09:13:00	184
20:19	0	180	40,4	2661	2563	0,96	26	2569	67,1	13,3	59,6	2,30	1,53	0,77	0,34	25	26	09:13:03	184
20:22	0	180	38,8	2556	2465	0,96	26	2501	64,9	12,8	60,9	2,31	1,51	0,80	0,34	25	26	09:13:06	183
20:25	0	180	37,7	2485	2395	0,96	24	2615	62,3	12,4	62,4	2,52	1,65	0,87	0,34	25	26	09:13:09	183
20:28	0	180	37,1	2447	2327	0,95	23	2629	60,1	12,2	63,8	2,62	1,70	0,92	0,35	25	26	09:13:12	183
20:30	0	180	36,9	2429	2294	0,94	23	2530	59,4	12,1	64,2	2,56	1,66	0,89	0,35	24	26	09:13:14	183
20:32	0	180	36,9	2428	2294	0,94	23	2530	59,4	12,1	64,2	2,56	1,66	0,89	0,35	24	26	09:13:16	183
20:34	0	180	37,1	2443	2285	0,94	25	2383	59,5	12,2	64,1	2,40	1,57	0,84	0,35	24	26	09:13:18	183
20:36	0	180	37,3	2456	2281	0,93	25	2340	59,1	12,2	64,4	2,38	1,57	0,81	0,34	24	26	09:13:20	183
20:38	0	180	38,2	2516	2304	0,92	29	2138	61,1	12,5	63,1	2,10	1,34	0,76	0,36	24	27	09:13:22	183
20:39	0	180	40,4	2662	2447	0,92	28	2274	64,7	13,2	61,0	2,11	1,36	0,75	0,36	24	26	09:13:23	182
20:41	0	180	40,7	2680	2485	0,93	33	2085	67,9	13,3	59,1	1,84	1,17	0,67	0,36	25	27	09:13:25	182
20:43	0	180	41,8	2752	2538	0,92	32	2123	68,6	13,7	58,6	1,86	1,20	0,65	0,35	25	27	09:13:27	181
20:45	0	180	41,0	2702	2536	0,94	31	2234	68,9	13,5	58,5	1,95	1,23	0,72	0,37	26	27	09:13:29	181
20:47	0	180	39,8	2622	2491	0,95	31	2176	68,5	13,1	58,7	1,91	1,21	0,70	0,37	26	27	09:13:31	181
20:49	0	180	38,6	2545	2451	0,96	33	2091	69,3	12,7	58,2	1,81	1,10	0,71	0,39	27	28	09:13:33	184
20:52	0	180	38,4	2534	2470	0,97	29	2304	68,0	12,7	59,0	2,03	1,29	0,75	0,37	27	28	09:13:36	183
20:55	0	180	37,3	2461	2418	0,98	27	2432	65,6	12,4	60,5	2,23	1,43	0,79	0,36	27	27	09:13:39	183
20:58	0	180	37,4	2462	2405	0,98	25	2538	64,5	12,4	61,1	2,36	1,52	0,84	0,36	26	27	09:13:42	184
20:59	0	180	37,3	2457	2383	0,97	26	2503	64,2	12,3	61,3	2,34	1,51	0,83	0,36	26	27	09:13:43	184
21:01	0	180	37,4	2463	2388	0,97	26	2440	64,4	12,4	61,2	2,27	1,49	0,78	0,34	26	27	09:13:45	182
21:03	0	180	37,2	2453	2368	0,97	25	2525	62,3	12,3	62,5	2,43	1,62	0,82	0,34	25	26	09:13:47	183
21:06	0	180	37,9	2498	2400	0,96	25	2513	63,6	12,5	61,7	2,37	1,53	0,84	0,36	25	26	09:13:50	182
21:08	0	180	38,3	2523	2409	0,95	27	2374	65,2	12,6	60,7	2,18	1,37	0,81	0,37	26	27	09:13:52	182
21:09	0	180	39,2	2583	2463	0,95	29	2286	67,3	12,9	59,4	2,04	1,30	0,74	0,36	26	27	09:13:53	183
21:12	0	180	40,3	2658	2540	0,96	29	2359	69,5	13,3	58,1	2,04	1,29	0,74	0,36	26	27	09:13:56	183
21:15	0	180	40,0	2637	2530	0,96	27	2478	67,1	13,2	59,6	2,22	1,43	0,78	0,35	25	27	09:13:59	183
21:17	0	180	39,6	2610	2505	0,96	25	2568	65,3	13,1	60,6	2,36	1,52	0,84	0,35	25	26	09:14:01	184
21:19	0	180	40,2	2647	2523	0,95	27	2472	67,2	13,2	59,5	2,21	1,39	0,81	0,37	25	27	09:14:03	184
21:21	0	180	40,5	2667	2535	0,95	29	2336	68,4	13,3	58,8	2,05	1,32	0,73	0,36	26	27	09:14:05	185
21:23	0	180	40,7	2681	2553	0,95	29	2378	68,1	13,4	59,0	2,10	1,37	0,72	0,35	25	27	09:14:07	185
21:25	0	180	39,0	2571	2460	0,96	27	2443	65,3	12,9	60,7	2,25	1,44	0,80	0,36	25	27	09:14:09	185
21:28	0	180	38,9	2564	2441	0,95	28	2369	65,6	12,8	60,5	2,17	1,38	0,79	0,36	26	27	09:14:12	185
21:30	0	180	39,6	2607	2477	0,95	27	2419	65,7	13,0	60,4	2,21	1,42	0,78	0,36	25	27	09:14:14	185
21:33	0	180	39,6	2612	2482	0,95	27	2410	66,1	13,0	60,1	2,19	1,38	0,80	0,37	25	27	09:14:17	186
21:35	0	180	40,5	2669	2570	0,96	26	2587	67,1	13,4	59,5	2,31	1,50	0,81	0,35	25	26	09:14:19	186
21:36	0	180	40,1	2640	2545	0,96	27	2491	67,4	13,2	59,4	2,22	1,42	0,79	0,36	26	26	09:14:20	186
21:38	0	180	40,9	2698	2608	0,97	27	2548	69,3	13,5	58,2	2,21	1,42	0,79	0,36	26	27	09:14:22	186
21:40	0	180	42,4	2795	2716	0,97	30	2504	74,0	14,0	55,4	2,03	1,29	0,74	0,36	26	27	09:14:24	186
21:41	0	180	42,5	2798	2704	0,97	32	2359	75,7	14,0	54,4	1,87	1,16	0,71	0,38	27	28	09:14:25	185
21:43	0	180	43,4	2862	2785	0,97	35	2303	79,5	14,4	52,1	1,74	1,09	0,64	0,37	28	29	09:14:27	186
21:45	0	180	43,4	2862	2814	0,98	33	2388	79,9	14,4	51,9	1,79	1,12	0,67	0,37	28	28	09:14:29	186
21:46	0	180	42,4	2796	2744	0,98	35	2233	79,1	14,1	52,3	1,69	1,04	0,65	0,38	28	29	09:14:30	186
21:48	0	180	43,4	2857	2818	0,99	36	2237	81,5	14,4	50,9	1,65	1,03	0,62	0,38	29	29	09:14:32	186
21:50	0	180	41,5	2738	2714	0,99	36	2193	79,6	13,8	52,0	1,65	1,01	0,64	0,39	29	29	09:14:34	186
21:52	0	180	41,5	2734	2713	0,99	36	2213	79,1	13,8	52,3	1,68	1,04	0,64	0,38	29	29	09:14:36	185
21:54	0	180	40,5	2668	2649	0,99	34	2252	76,5	13,5	53,9	1,77	1,10	0,67	0,38	29	29	09:14:38	186
21:56	0	180	39,6	2612	2601	1,00	30	2427	73,8	13,2	55,5	1,97	1,26	0,71	0,36	28	28	09:14:40	185
21:59	0	180	38,8	2559	2545	0,99	31	2382	72,7	12,9	56,2	1,97	1,27	0,70	0,36	28	29	09:14:43	186
22:02	0	180	38,1	2514	2473	0,98	27	2556	67,7	12,6	59,2	2,26	1,48	0,78	0,35	27	27	09:14:46	186
22:05	0	180	37,4	2464	2404	0,98	24	2649	64,8	12,4	60,9	2,45	1,61	0,85	0,35	26	27	09:14:49	186
22:07	0	180	38,1	2509	2429	0,97	25	2647	65,4	12,6	60,6	2,43	1,59	0,84	0,35	26	27	09:14:51	185
22:09	0	180	38,1	2509	2429	0,97	25	2647	65,4	12,6	60,6	2,43	1,59	0,84	0,35	26	27	09:14:53	185
22:11	0	180	38,8	2556	2471	0,97	24	2739	66,2	12,8	60,1	2,48	1,64	0,85	0,34	26	27	09:14:55	185
22:13	0	180	38,2	2516	2412	0,96	25	2572	65,2	12,6	60,7	2,37	1,52	0,84	0,36	26	27	09:14:57	185
22:15	0	180	39,3	2588	2485	0,96	28	2433	68,8	13,0	58,5	2,12	1,38	0,74	0,35	27	28	09:14:59	185
22:17	0	180	40,1	2640	2533	0,96	29	2432	69,9	13,2	57,9	2,09	1,37	0,72	0,34	26	28	09:15:01	185
22:19	0	180	41,2	2717	2607	0,96	31	2334	72,1	13,6	56,5	1,94	1,29	0,65	0,33	27	28	09:15:03	185
SV2																			
22:21	0	180	39,9	2632	2532	0,96	30	2304	70,0	13,2	57,8	1,98	1,31	0,67	0,34	27	28	09:15:05	185
22:24	0	180	39,3	2590	2482	0,96	29	2324	67,8	13,0	59,1	2,06	1,35	0,71	0,34	26	27	09:15:08	185
22:26	0	180	38,0	2506	2407	0,96	28	2358	65,7	12,5	60,4	2,15	1,39	0,77	0,36	26	27	09:15:10	186
22:28	0	180	39,4	2595	2487	0,96	28	2410	66,9	13,0	59,6	2,16	1,42	0,74	0,34	26	27	09:15:12	186
22:30	0	180	39,9	2628	2521	0,96	28	2448	68,5	13,2	58,7	2,15	1,39	0,75	0,35	26	27	09:15:14	185
22:32	0	180	40,2	2649	2552	0,96	27	2538	69,4	13,3	58,2	2,19	1,43	0,76	0,35	26	27	09:15:16	185
22:34	0	180	39,6	2612	2527	0,97	28	2508	70,0	13,1	57,8	2,15	1,38	0,77	0,36	27	28	09:15:18	185
22:35	0	180	41,4	2730	2638	0,97	29	2510	73,9	13,7	55,5	2,04	1,30	0,73	0,36	27	28	09:15:19	186
22:37	0	180	42,4	2791	2707	0,97	33	2385	77,9	14,0	53,0	1,84	1,17	0,67	0,36	28	29	09:15:21	186
22:39	0	180	43,4	2861	2775	0,97	33	2415	79,0	14,4	52,4	1,83	1,18	0,65	0,36	28	28	09:15:23	186
22:41	0	180	42,3	2788	2716	0,97	33	2350	78,2	14,0	52,9	1,80	1,17	0,63	0,35	28	29	09:15:25	186
22:42	0	180	42,4	2796	2733	0,98	34	2319	79,1	14,0	52,3	1,76	1,14	0,62	0,35	28	29	09:15:26	186
22:44	0	180	42,0	2771	2700	0,97	35	2233	78,9	13,9	52,4	1,70	1,07	0,62	0,37	28	29	09:15:28	186
22:46	0	180	42,8	2822	2746	0,97	35	2272	79,6	14,2	52,0	1,71	1,09	0,63	0,37	28	29	09:15:30	186
22:47	0	180	42,3	2785	2708	0,97	35	2264	79,1	14,0	52,3	1,72	1,07	0,64	0,37	28	29	09:15:31	186
22:49	0	180	42,3	2785	2709	0,97	35	2264	79,1	14,0	52,3	1,72	1,07	0,64	0,37	28	29	09:15:33	186
22:51	0	180	41,4	2728	2644	0,97	36	2189	78,3	13,7	52,8	1,68	1,04	0,64	0,38	29	30	09:15:35	186
22:52	0	180	42,0	2770	2677	0,97	37	2158	79,2	13,9	52,2	1,63	1,02	0,61	0,38	29	30	09:15:36	186
22:54	0	180	42,0	2770	2679	0,97	35	2208	78,3	13,9	52,8	1,69	1,06	0,63	0,37	28	29	09:15:38	186
22:56	0	180	42,5	2798	2709	0,97	35	2250	79,2	14,0	52,2	1,70	1,05	0,65	0,38	28	29	09:15:40	186
22:57	0	180	42,6	2807	2722	0,97	36	2227	80,2	14,1	51,6	1,67	1,03	0,63	0,38	29	29	09:15:41	186
23:00	0	180	42,2	2781	2692	0,97	36	2193	79,0	13,9	52,4	1,67	1,05	0,62	0,37	28	29	09:15:44	186
23:02	0	180	40,1	2639	2561	0,97	33	2240	74,5	13,2	55,1	1,80	1,17	0,63	0,35	28	29	09:15:46	186
23:04	0	180	40,0	2633	2547	0,97	32	2311	73,7	13,2	55,6	1,88	1,20	0,68	0,36	28	29	09:15:48	186
23:06	0	180	40,7	2683	2602	0,97	31	2381	74,9	13,5	54,8	1,91	1,22	0,69	0,36	28	29	09:15:50	186
23:08	0	180	40,1	2644	2545	0,96	33	2283	74,7	13,2	55,0	1,83	1,17	0,67	0,36	28	29	09:15:52	186
23:09	0	180	40,1	2642	2535	0,96	33	2244	75,1	13,2	54,8	1,79	1,15	0,64	0,36	28	30	09:15:53	187
23:11	0	180	39,9	2628	2523	0,96	33	2287	74,4	13,2	55,1	1,84	1,19	0,65	0,35	28	29	09:15:55	186
23:13	0	180	40,3	2653	2557	0,96	32	2331	75,5	13,3	54,5	1,85	1,16	0,69	0,37	28	30	09:15:57	186
23:15	0	180	41,5	2735	2602	0,95	35	2218	77,8	13,7	53,1	1,71	1,05	0,66	0,39	28	30	09:15:59	187
23:17	0	180	42,6	2806	2676	0,95	36	2209	80,5	14,0	51,5	1,65	1,03	0,61	0,37	29	30	09:16:01	187
23:19	0	180	41,3	2720	2606	0,96	34	2304	77,4	13,6	53,3	1,79	1,14	0,65	0,36	28	30	09:16:03	185
23:22	0	180	40,3	2653	2577	0,97	31	2455	75,3	13,3	54,6	1,96	1,25	0,70	0,36	28	29	09:16:06	185
23:24	0	180	40,2	2652	2573	0,97	29	2564	73,5	13,3	55,7	2,09	1,36	0,74	0,35	28	29	09:16:08	185
23:25	0	180	39,9	2628	2530	0,96	29	2484	72,8	13,2	56,1	2,05	1,31	0,73	0,36	28	29	09:16:09	185
23:27	0	180	41,2	2717	2574	0,95	32	2337	75,0	13,6	54,8	1,87	1,20	0,67	0,36	28	29	09:16:11	185
23:29	0	180	41,8	2752	2604	0,95	32	2355	75,5	13,7	54,5	1,87	1,23	0,64	0,34	27	29	09:16:13	185
23:30	0	180	41,2	2716	2568	0,95	32	2325	74,7	13,6	55,0	1,87	1,21	0,65	0,35	27	29	09:16:14	186
23:32	0	180	41,6	2739	2567	0,94	35	2157	75,9	13,6	54,3	1,71	1,08	0,63	0,37	28	30	09:16:16	186
23:33	0	180	42,0	2771	2592	0,94	37	2102	77,8	13,8	53,1	1,62	1,02	0,60	0,37	28	30	09:16:17	186
23:35	0	180	43,0	2832	2651	0,94	37	2134	79,5	14,1	52,1	1,61	1,02	0,59	0,37	28	30	09:16:19	186
23:37	0	180	42,5	2801	2629	0,94	38	2093	79,3	14,0	52,2	1,58	0,99	0,59	0,37	28	30	09:16:21	186
23:39	0	180	42,0	2765	2637	0,95	35	2232	77,8	13,8	53,1	1,72	1,06	0,66	0,38	28	29	09:16:23	186
23:41	0	180	41,9	2758	2638	0,96	33	2312	77,0	13,8	53,6	1,80	1,09	0,71	0,40	28	29	09:16:25	186
23:43	0	180	41,3	2721	2620	0,96	31	2415	75,5	13,6	54,5	1,92	1,18	0,74	0,38	28	29	09:16:27	186
23:46	0	180	40,4	2660	2572	0,97	30	2472	73,8	13,3	55,5	2,01	1,25	0,76	0,38	28	29	09:16:30	186
23:49	0	180	38,1	2511	2436	0,97	27	2557	68,7	12,6	58,6	2,23	1,42	0,81	0,36	27	28	09:16:33	186
23:51	0	180	37,5	2473	2382	0,96	27	2464	67,0	12,4	59,6	2,21	1,43	0,78	0,35	27	28	09:16:35	186
23:53	0	180	37,3	2458	2339	0,95	27	2394	65,6	12,3	60,4	2,19	1,44	0,75	0,34	27	28	09:16:37	186
