TEMPS	Vitesse	PUIS.	VO2/KG	VO2	VCO2	Q.R	FR	Vt	VE	KCal	Rés.V.	Ttot	Te	Ti	Ti/Ttot	VE/VO2	VE/VCO2	Horloge	FC
(min)	(RPM)	(Watts)	(mL/kg/min)	(mL/min)	(mL/min)		(br/min)	(mL)	(L/min)	(KCal/min)	(%)	(sec)	(sec)	(sec)				(Minuterie)	(BPM)
0:11	0	80	1,3	70	58	0,82	22	254	5,7	0,3	96,2	2,67	1,49	1,18	0,44	81	99	08:51:45	106
0:17	0	80	20,4	1133	890	0,79	11	2024	22,4	5,4	85,1	5,42	4,90	0,52	0,10	20	25	08:51:51	107
0:23	0	80	12,3	680	476	0,70	10	1345	13,0	3,2	91,4	6,20	3,89	2,31	0,37	19	27	08:51:57	107
0:26	0	80	13,8	767	532	0,69	13	1167	14,7	3,6	90,2	4,76	3,03	1,72	0,36	19	28	08:52:00	109
0:32	0	80	13,5	749	506	0,68	12	1163	13,8	3,5	90,8	5,05	3,40	1,65	0,33	18	27	08:52:06	110
0:34	0	80	15,3	848	606	0,71	12	1378	16,1	4,0	89,3	5,14	3,77	1,37	0,27	19	27	08:52:08	111
0:40	0	80	16,8	931	643	0,69	12	1451	16,7	4,4	88,9	5,21	3,78	1,42	0,27	18	26	08:52:14	112
0:45	0	80	18,3	1016	694	0,68	12	1528	17,9	4,8	88,1	5,12	3,64	1,48	0,29	18	26	08:52:19	113
0:49	0	80	18,7	1040	675	0,65	12	1429	17,5	4,8	88,4	4,90	3,21	1,69	0,35	17	26	08:52:23	115
0:52	0	80	21,4	1190	758	0,64	15	1345	19,6	5,5	87,0	4,12	2,71	1,41	0,34	16	26	08:52:26	117
0:57	0	80	23,3	1292	812	0,63	15	1398	20,7	6,0	86,3	4,05	2,67	1,37	0,34	16	26	08:52:31	118
1:01	0	80	23,3	1291	812	0,63	15	1398	20,7	6,0	86,3	4,05	2,67	1,37	0,34	16	26	08:52:35	118
1:05	0	80	21,6	1199	767	0,64	14	1440	19,6	5,6	87,0	4,41	2,98	1,43	0,32	16	26	08:52:39	118
1:09	0	80	21,3	1182	756	0,64	15	1317	19,4	5,5	87,2	4,08	2,78	1,30	0,32	16	26	08:52:43	118
1:13	0	80	24,0	1331	870	0,65	15	1511	22,6	6,2	85,0	4,01	2,60	1,41	0,35	17	26	08:52:47	118
1:17	0	80	25,3	1406	935	0,66	15	1593	24,4	6,6	83,8	3,91	2,53	1,38	0,35	17	26	08:52:51	117
1:20	0	80	24,8	1378	935	0,68	15	1639	24,5	6,5	83,7	4,01	2,64	1,37	0,34	18	26	08:52:54	117
1:24	0	80	22,8	1265	870	0,69	16	1443	22,5	5,9	85,1	3,84	2,74	1,10	0,29	18	26	08:52:58	117
1:28	0	80	25,6	1419	989	0,70	16	1605	25,3	6,7	83,2	3,81	2,67	1,14	0,30	18	26	08:53:02	117
1:33	0	80	25,9	1440	1034	0,72	15	1751	26,2	6,8	82,7	4,01	2,74	1,28	0,32	18	25	08:53:07	117
1:38	0	80	26,1	1447	1048	0,72	14	1831	26,3	6,9	82,6	4,18	2,83	1,35	0,32	18	25	08:53:12	117
1:43	0	80	24,7	1372	1002	0,73	14	1748	24,9	6,5	83,5	4,22	2,96	1,26	0,30	18	25	08:53:17	117
1:47	0	80	23,5	1306	958	0,73	14	1671	23,8	6,2	84,2	4,21	2,93	1,28	0,30	18	25	08:53:21	118
1:51	0	80	23,6	1311	971	0,74	14	1689	23,7	6,2	84,3	4,27	2,95	1,33	0,31	18	24	08:53:25	119
1:53	0	80	23,5	1305	969	0,74	15	1585	23,7	6,2	84,3	4,02	2,74	1,28	0,32	18	24	08:53:27	119
1:58	0	80	23,5	1305	969	0,74	15	1585	23,7	6,2	84,3	4,02	2,74	1,28	0,32	18	24	08:53:32	120
2:03	0	80	22,8	1264	938	0,74	15	1578	22,9	6,0	84,8	4,13	2,88	1,25	0,30	18	24	08:53:37	120
2:06	0	80	23,0	1274	938	0,74	15	1469	22,7	6,1	84,9	3,87	2,72	1,15	0,30	18	24	08:53:40	120
2:10	0	80	23,7	1314	968	0,74	16	1443	23,7	6,3	84,3	3,65	2,52	1,14	0,31	18	24	08:53:44	120
2:14	0	80	23,1	1284	946	0,74	16	1408	23,0	6,1	84,8	3,68	2,61	1,07	0,29	18	24	08:53:48	118
2:20	0	80	22,1	1228	905	0,74	15	1473	22,0	5,8	85,4	4,01	2,87	1,14	0,29	18	24	08:53:54	118
2:23	0	80	22,9	1269	938	0,74	15	1535	22,6	6,0	85,0	4,07	2,88	1,19	0,29	18	24	08:53:57	116
2:26	0	80	22,9	1269	938	0,74	15	1535	22,6	6,0	85,0	4,07	2,88	1,19	0,29	18	24	08:54:00	117
2:29	0	80	24,5	1357	1008	0,74	15	1611	24,5	6,5	83,7	3,94	2,77	1,17	0,30	18	24	08:54:03	117
2:33	0	80	23,9	1326	999	0,75	15	1623	24,8	6,3	83,6	3,93	2,67	1,26	0,32	19	25	08:54:07	117
2:37	0	80	25,0	1387	1069	0,77	15	1743	26,6	6,7	82,3	3,93	2,60	1,33	0,34	19	25	08:54:11	118
2:40	0	80	25,7	1425	1113	0,78	18	1600	28,3	6,8	81,3	3,39	2,22	1,17	0,35	20	25	08:54:14	117
2:44	0	80	26,2	1456	1149	0,79	17	1679	29,0	7,0	80,8	3,47	2,29	1,18	0,34	20	25	08:54:18	117
2:47	0	80	25,3	1407	1123	0,80	17	1704	28,7	6,8	81,0	3,57	2,32	1,24	0,35	20	26	08:54:21	117
2:51	0	80	24,9	1384	1096	0,79	18	1566	27,8	6,7	81,5	3,38	2,25	1,12	0,33	20	25	08:54:25	117
2:53	0	80	24,1	1337	1071	0,80	19	1487	27,5	6,5	81,8	3,24	2,18	1,06	0,33	21	26	08:54:27	117
2:56	0	80	24,5	1361	1097	0,81	19	1464	28,3	6,6	81,2	3,10	2,14	0,96	0,31	21	26	08:54:30	117
3:00	0	80	24,5	1361	1097	0,81	19	1464	28,3	6,6	81,2	3,10	2,14	0,96	0,31	21	26	08:54:34	117
3:04	0	80	24,7	1371	1114	0,81	18	1586	28,3	6,6	81,2	3,36	2,28	1,08	0,32	21	25	08:54:38	117
3:07	0	80	24,2	1342	1087	0,81	19	1493	27,8	6,5	81,5	3,22	2,20	1,02	0,32	21	26	08:54:41	118
3:10	0	80	25,0	1386	1127	0,81	19	1552	28,8	6,7	80,9	3,24	2,21	1,03	0,32	21	26	08:54:44	119
3:13	0	80	24,2	1342	1098	0,82	19	1524	28,3	6,5	81,2	3,23	2,24	0,99	0,31	21	26	08:54:47	119
3:16	0	80	23,9	1325	1086	0,82	18	1546	27,7	6,4	81,6	3,35	2,32	1,03	0,31	21	25	08:54:50	119
3:20	0	80	24,4	1355	1108	0,82	18	1552	28,0	6,6	81,5	3,33	2,26	1,07	0,32	21	25	08:54:54	119
3:24	0	80	25,0	1385	1140	0,82	17	1647	28,1	6,7	81,4	3,52	2,31	1,21	0,34	20	25	08:54:58	119
3:27	0	80	24,8	1379	1130	0,82	18	1563	28,0	6,7	81,4	3,35	2,21	1,14	0,34	20	25	08:55:01	120
3:31	0	80	24,4	1354	1112	0,82	18	1558	27,5	6,6	81,8	3,40	2,23	1,17	0,34	20	25	08:55:05	120
3:34	0	80	24,6	1364	1117	0,82	17	1581	27,4	6,6	81,9	3,47	2,30	1,16	0,34	20	25	08:55:08	121
3:37	0	80	24,9	1384	1130	0,82	17	1599	27,7	6,7	81,6	3,46	2,24	1,22	0,35	20	25	08:55:11	122
3:41	0	80	24,2	1342	1100	0,82	17	1592	26,8	6,5	82,3	3,57	2,37	1,19	0,33	20	24	08:55:15	122
3:44	0	80	24,2	1342	1100	0,82	17	1592	26,8	6,5	82,3	3,57	2,37	1,19	0,33	20	24	08:55:18	122
3:47	0	80	23,7	1316	1061	0,81	18	1447	26,1	6,4	82,7	3,32	2,29	1,04	0,31	20	25	08:55:21	121
3:51	0	80	25,0	1389	1120	0,81	18	1565	27,6	6,7	81,7	3,40	2,37	1,03	0,30	20	25	08:55:25	121
3:54	0	125	26,3	1460	1181	0,81	18	1612	29,4	7,1	80,5	3,29	2,21	1,08	0,33	20	25	08:55:28	121
Départ Exercice																			
3:57	0	125	26,2	1452	1190	0,82	18	1631	30,2	7,0	80,0	3,25	2,20	1,05	0,32	21	25	08:55:31	121
SV1																			
4:00	0	125	25,3	1404	1157	0,82	18	1576	29,1	6,8	80,7	3,25	2,24	1,00	0,31	21	25	08:55:34	120
4:04	0	125	25,5	1416	1164	0,82	18	1603	29,2	6,9	80,7	3,30	2,29	1,01	0,31	21	25	08:55:38	120
4:07	0	125	25,5	1415	1164	0,82	18	1603	29,2	6,9	80,7	3,30	2,29	1,01	0,31	21	25	08:55:41	120
4:11	0	125	26,0	1441	1194	0,83	18	1640	29,8	7,0	80,3	3,30	2,27	1,03	0,31	21	25	08:55:45	121
4:14	0	125	26,1	1450	1216	0,84	19	1622	30,5	7,1	79,8	3,19	2,14	1,05	0,33	21	25	08:55:48	121
4:17	0	125	25,7	1428	1199	0,84	19	1565	29,9	7,0	80,2	3,14	2,09	1,05	0,34	21	25	08:55:51	122
4:21	0	125	24,8	1375	1152	0,84	19	1535	28,5	6,7	81,1	3,23	2,16	1,07	0,33	21	25	08:55:55	127
4:24	0	125	27,0	1500	1268	0,85	18	1752	31,5	7,3	79,1	3,34	2,11	1,23	0,37	21	25	08:55:58	127
4:27	0	125	28,4	1574	1335	0,85	18	1815	33,5	7,7	77,8	3,25	1,99	1,26	0,39	21	25	08:56:01	128
4:30	0	125	27,6	1530	1305	0,85	18	1790	32,7	7,5	78,3	3,28	2,03	1,25	0,38	21	25	08:56:04	128
4:33	0	125	26,2	1457	1235	0,85	20	1582	30,9	7,1	79,5	3,07	2,00	1,07	0,35	21	25	08:56:07	130
4:35	0	125	26,4	1462	1232	0,84	20	1499	30,5	7,1	79,8	2,95	1,95	0,99	0,34	21	25	08:56:09	130
4:39	0	125	27,9	1548	1296	0,84	20	1581	31,8	7,5	78,9	2,98	1,98	1,01	0,34	21	25	08:56:13	130
4:42	0	125	28,3	1571	1310	0,83	20	1583	32,4	7,6	78,5	2,93	1,93	1,00	0,34	21	25	08:56:16	131
4:45	0	125	28,5	1581	1311	0,83	20	1623	31,8	7,7	79,0	3,07	2,06	1,01	0,33	20	24	08:56:19	132
4:48	0	125	27,4	1521	1266	0,83	20	1556	30,5	7,4	79,7	3,06	2,09	0,96	0,31	20	24	08:56:22	133
4:51	0	125	28,5	1580	1311	0,83	20	1623	31,8	7,7	79,0	3,07	2,06	1,01	0,33	20	24	08:56:25	133
4:54	0	125	29,8	1652	1379	0,83	19	1770	33,8	8,0	77,6	3,14	2,12	1,02	0,32	20	25	08:56:28	133
4:57	0	125	31,1	1725	1447	0,84	19	1860	35,6	8,4	76,4	3,13	2,11	1,02	0,33	21	25	08:56:31	133
5:00	0	125	31,5	1746	1483	0,85	20	1871	37,0	8,5	75,5	3,04	2,06	0,98	0,32	21	25	08:56:34	135
5:02	0	125	31,6	1752	1503	0,86	20	1865	37,6	8,6	75,0	2,97	1,98	0,99	0,33	21	25	08:56:36	135
5:05	0	125	32,1	1783	1541	0,86	22	1790	39,1	8,7	74,1	2,75	1,82	0,93	0,34	22	25	08:56:39	135
5:08	0	125	33,2	1840	1595	0,87	22	1868	40,2	9,0	73,3	2,79	1,87	0,92	0,33	22	25	08:56:42	135
5:10	0	125	33,0	1831	1595	0,87	21	1874	40,1	9,0	73,4	2,81	1,86	0,95	0,34	22	25	08:56:44	135
5:13	0	125	32,1	1782	1562	0,88	22	1754	38,9	8,8	74,2	2,71	1,77	0,93	0,35	22	25	08:56:47	135
5:16	0	125	31,5	1750	1539	0,88	22	1740	38,2	8,6	74,7	2,73	1,83	0,90	0,33	22	25	08:56:50	137
5:19	0	125	31,8	1766	1543	0,87	21	1729	37,0	8,7	75,5	2,80	1,87	0,93	0,33	21	24	08:56:53	137
5:22	0	125	33,1	1839	1608	0,87	22	1791	38,6	9,0	74,4	2,78	1,83	0,96	0,34	21	24	08:56:56	137
5:24	0	125	33,2	1840	1622	0,88	21	1818	38,9	9,0	74,2	2,81	1,84	0,97	0,35	21	24	08:56:58	137
5:27	0	125	33,3	1850	1638	0,89	22	1795	39,3	9,1	74,0	2,74	1,81	0,93	0,34	21	24	08:57:01	137
5:30	0	125	32,6	1810	1620	0,89	21	1831	39,1	8,9	74,1	2,81	1,86	0,95	0,34	22	24	08:57:04	138
5:33	0	125	32,8	1823	1656	0,91	21	1925	40,5	9,0	73,2	2,85	1,89	0,96	0,34	22	24	08:57:07	140
5:36	0	125	33,0	1834	1677	0,91	21	1961	41,2	9,1	72,7	2,85	1,87	0,98	0,34	22	25	08:57:10	141
5:39	0	125	33,3	1847	1691	0,92	21	1959	41,5	9,2	72,5	2,83	1,89	0,94	0,33	22	25	08:57:13	141
5:42	0	125	32,6	1811	1661	0,92	22	1922	41,5	9,0	72,5	2,78	1,84	0,93	0,34	23	25	08:57:16	141
5:45	0	125	33,0	1829	1685	0,92	21	1974	41,7	9,1	72,3	2,84	1,91	0,93	0,33	23	25	08:57:19	141
5:48	0	125	33,2	1841	1701	0,92	20	2084	41,6	9,1	72,4	3,00	2,00	1,01	0,33	23	24	08:57:22	141
5:50	0	125	33,6	1867	1716	0,92	20	2043	41,7	9,3	72,4	2,94	1,97	0,97	0,33	22	24	08:57:24	140
5:55	0	125	33,5	1857	1700	0,92	19	2089	40,3	9,2	73,3	3,11	2,09	1,02	0,33	22	24	08:57:29	139
5:57	0	125	33,7	1869	1706	0,91	19	2078	40,3	9,3	73,3	3,09	2,08	1,01	0,33	22	24	08:57:31	137
6:00	0	125	33,2	1842	1680	0,91	20	2038	40,0	9,1	73,5	3,06	2,04	1,01	0,33	22	24	08:57:34	137
6:02	0	125	33,2	1843	1680	0,91	20	2038	40,0	9,1	73,5	3,06	2,04	1,01	0,33	22	24	08:57:36	137
6:05	0	125	32,4	1796	1635	0,91	20	1947	39,3	8,9	73,9	2,97	1,98	0,99	0,33	22	24	08:57:39	137
6:07	0	125	32,2	1789	1620	0,91	21	1852	39,2	8,8	74,0	2,84	1,93	0,91	0,32	22	24	08:57:41	137
6:10	0	125	31,9	1769	1596	0,90	21	1814	38,7	8,7	74,4	2,82	1,95	0,87	0,31	22	24	08:57:44	135
6:13	0	125	30,6	1700	1533	0,90	24	1607	39,2	8,4	74,0	2,46	1,75	0,72	0,29	23	26	08:57:47	133
6:15	0	125	30,6	1700	1533	0,90	24	1607	39,2	8,4	74,0	2,46	1,75	0,72	0,29	23	26	08:57:49	133
6:17	0	125	31,9	1772	1575	0,89	26	1555	39,7	8,7	73,7	2,35	1,65	0,70	0,30	22	25	08:57:51	133
6:20	0	125	32,5	1804	1599	0,89	25	1618	40,1	8,9	73,4	2,42	1,69	0,73	0,30	22	25	08:57:54	133
6:23	0	125	34,0	1889	1673	0,89	25	1693	41,6	9,3	72,4	2,44	1,63	0,81	0,33	22	25	08:57:57	133
6:25	0	125	33,7	1872	1667	0,89	23	1779	41,4	9,2	72,6	2,58	1,71	0,87	0,34	22	25	08:57:59	135
6:28	0	125	34,5	1912	1701	0,89	24	1759	42,5	9,4	71,8	2,48	1,60	0,88	0,36	22	25	08:58:02	136
6:31	0	125	34,8	1934	1744	0,90	23	1899	43,2	9,6	71,3	2,64	1,64	0,99	0,38	22	25	08:58:05	138
6:34	0	125	34,0	1889	1719	0,91	22	1917	42,5	9,4	71,8	2,71	1,72	0,99	0,37	22	25	08:58:08	138
6:36	0	125	33,7	1868	1707	0,91	22	1892	42,2	9,3	72,0	2,69	1,74	0,96	0,36	23	25	08:58:10	137
6:38	0	125	34,4	1911	1736	0,91	22	1920	42,9	9,5	71,6	2,68	1,68	1,00	0,37	22	25	08:58:12	137
6:40	0	125	33,7	1869	1707	0,91	22	1892	42,2	9,3	72,0	2,69	1,74	0,96	0,36	23	25	08:58:14	138
6:43	0	125	33,8	1876	1714	0,91	23	1838	42,1	9,3	72,1	2,62	1,69	0,93	0,36	22	25	08:58:17	138
6:45	0	125	33,0	1830	1681	0,92	22	1862	41,0	9,1	72,8	2,72	1,77	0,95	0,35	22	24	08:58:19	139
6:48	0	125	33,2	1843	1667	0,90	24	1733	40,8	9,1	73,0	2,55	1,71	0,84	0,33	22	24	08:58:22	139
6:51	0	125	33,0	1829	1650	0,90	23	1741	40,4	9,0	73,2	2,59	1,72	0,87	0,33	22	24	08:58:25	139
6:54	0	125	32,2	1787	1609	0,90	24	1679	39,8	8,8	73,6	2,53	1,69	0,85	0,33	22	25	08:58:28	139
6:56	0	125	32,2	1787	1609	0,90	24	1679	39,8	8,8	73,6	2,53	1,69	0,85	0,33	22	25	08:58:30	139
6:59	0	125	33,6	1865	1671	0,90	23	1743	40,9	9,2	72,9	2,56	1,70	0,86	0,34	22	24	08:58:33	139
7:01	0	125	33,7	1868	1678	0,90	23	1791	41,2	9,2	72,7	2,61	1,70	0,90	0,35	22	25	08:58:35	139
7:04	0	125	33,4	1853	1667	0,90	23	1783	40,9	9,2	72,9	2,61	1,72	0,89	0,34	22	25	08:58:38	139
7:06	0	125	33,3	1846	1659	0,90	24	1712	40,7	9,1	73,0	2,52	1,68	0,84	0,33	22	25	08:58:40	140
7:09	0	125	33,9	1882	1696	0,90	24	1749	41,7	9,3	72,3	2,51	1,67	0,84	0,33	22	25	08:58:43	140
7:11	0	125	34,4	1907	1712	0,90	24	1746	42,3	9,4	72,0	2,48	1,65	0,83	0,33	22	25	08:58:45	140
7:14	0	125	33,9	1880	1698	0,90	24	1743	42,0	9,3	72,1	2,49	1,65	0,84	0,34	22	25	08:58:48	142
7:16	0	125	33,9	1880	1698	0,90	24	1743	42,0	9,3	72,1	2,49	1,65	0,84	0,34	22	25	08:58:50	142
7:19	0	125	33,6	1866	1686	0,90	24	1709	41,7	9,2	72,4	2,46	1,64	0,82	0,33	22	25	08:58:53	142
7:21	0	125	34,1	1893	1720	0,91	24	1761	42,8	9,4	71,7	2,47	1,63	0,85	0,34	23	25	08:58:55	142
7:24	0	125	33,9	1884	1721	0,91	24	1791	42,9	9,3	71,6	2,51	1,62	0,89	0,35	23	25	08:58:58	142
7:26	0	125	34,9	1936	1761	0,91	24	1805	43,5	9,6	71,1	2,49	1,63	0,85	0,34	22	25	08:59:00	142
7:29	0	125	35,1	1950	1778	0,91	25	1797	44,0	9,7	70,8	2,45	1,63	0,82	0,33	23	25	08:59:03	142
7:31	0	125	34,9	1939	1788	0,92	24	1888	44,7	9,6	70,4	2,54	1,69	0,85	0,34	23	25	08:59:05	142
7:34	0	125	33,7	1868	1730	0,93	24	1829	43,7	9,3	71,0	2,51	1,63	0,88	0,35	23	25	08:59:08	142
7:36	0	125	33,8	1874	1737	0,93	24	1799	43,7	9,3	71,0	2,47	1,63	0,84	0,34	23	25	08:59:10	142
7:39	0	125	34,2	1897	1755	0,93	24	1797	44,0	9,4	70,8	2,45	1,59	0,86	0,35	23	25	08:59:13	142
7:41	0	125	34,5	1915	1772	0,93	24	1828	44,6	9,5	70,5	2,46	1,63	0,83	0,34	23	25	08:59:15	143
7:44	0	125	34,5	1915	1772	0,93	24	1828	44,6	9,5	70,5	2,46	1,63	0,83	0,34	23	25	08:59:18	144
7:46	0	125	33,8	1876	1741	0,93	24	1835	43,9	9,3	70,9	2,51	1,65	0,86	0,34	23	25	08:59:20	143
7:49	0	125	34,0	1888	1745	0,92	25	1779	43,9	9,4	70,9	2,43	1,62	0,81	0,33	23	25	08:59:23	143
7:51	0	125	35,4	1964	1809	0,92	24	1857	44,7	9,7	70,4	2,49	1,66	0,84	0,34	23	25	08:59:25	144
7:54	0	125	36,1	2001	1858	0,93	23	2037	46,2	9,9	69,4	2,65	1,76	0,89	0,34	23	25	08:59:28	143
7:57	0	125	36,3	2013	1885	0,94	22	2160	47,2	10,0	68,7	2,75	1,87	0,88	0,32	23	25	08:59:31	142
8:00	0	125	35,3	1957	1843	0,94	22	2132	46,5	9,8	69,2	2,75	1,86	0,89	0,32	24	25	08:59:34	142
8:03	0	125	33,6	1864	1736	0,93	23	1907	43,3	9,3	71,3	2,64	1,82	0,82	0,31	23	25	08:59:37	142
8:05	0	125	34,0	1885	1738	0,92	23	1883	42,8	9,4	71,7	2,64	1,84	0,80	0,30	23	25	08:59:39	142
8:08	0	125	33,6	1867	1697	0,91	22	1840	41,2	9,2	72,7	2,68	1,87	0,81	0,30	22	24	08:59:42	142
8:10	0	125	33,3	1849	1657	0,90	23	1732	40,6	9,1	73,1	2,56	1,79	0,76	0,30	22	25	08:59:44	142
8:14	0	125	32,8	1821	1613	0,89	23	1709	39,0	9,0	74,1	2,63	1,76	0,86	0,33	21	24	08:59:48	142
8:15	0	125	32,3	1794	1592	0,89	24	1621	38,6	8,8	74,4	2,52	1,70	0,82	0,32	22	24	08:59:49	143
8:19	0	125	33,4	1853	1628	0,88	22	1742	38,7	9,1	74,3	2,70	1,77	0,93	0,34	21	24	08:59:53	144
8:21	0	125	34,0	1886	1646	0,87	23	1736	39,4	9,3	73,9	2,64	1,70	0,94	0,36	21	24	08:59:55	143
8:23	0	125	34,6	1918	1675	0,87	25	1636	41,0	9,4	72,8	2,39	1,56	0,83	0,35	21	24	08:59:57	143
8:26	0	125	34,8	1929	1693	0,88	25	1657	41,9	9,5	72,2	2,37	1,54	0,83	0,35	22	25	09:00:00	144
8:28	0	125	34,4	1908	1689	0,89	25	1677	42,0	9,4	72,2	2,40	1,56	0,84	0,35	22	25	09:00:02	144
8:31	0	125	33,9	1884	1661	0,88	26	1563	41,4	9,3	72,6	2,27	1,55	0,72	0,32	22	25	09:00:05	144
8:33	0	125	34,0	1889	1664	0,88	23	1741	40,2	9,3	73,3	2,60	1,76	0,84	0,32	21	24	09:00:07	144
8:35	0	125	34,2	1900	1678	0,88	26	1623	41,5	9,3	72,5	2,35	1,60	0,75	0,32	22	25	09:00:09	144
8:37	0	125	34,0	1887	1663	0,88	26	1561	41,1	9,3	72,7	2,28	1,53	0,74	0,33	22	25	09:00:11	144
8:39	0	125	34,1	1894	1646	0,87	27	1488	40,5	9,3	73,2	2,21	1,48	0,73	0,33	21	25	09:00:13	144
8:42	0	125	34,0	1888	1641	0,87	25	1628	40,0	9,3	73,5	2,44	1,56	0,88	0,36	21	24	09:00:16	145
8:44	0	125	34,4	1908	1640	0,86	26	1536	39,7	9,3	73,7	2,32	1,49	0,84	0,36	21	24	09:00:18	145
8:46	0	125	35,8	1989	1686	0,85	28	1461	41,0	9,7	72,8	2,14	1,34	0,80	0,37	21	24	09:00:20	145
8:49	0	125	36,3	2012	1721	0,86	30	1407	42,6	9,8	71,8	1,98	1,30	0,68	0,34	21	25	09:00:23	145
8:51	0	125	36,9	2050	1760	0,86	30	1465	44,0	10,0	70,8	2,00	1,31	0,69	0,34	21	25	09:00:25	145
8:53	0	125	36,5	2028	1743	0,86	27	1605	43,1	9,9	71,4	2,23	1,40	0,84	0,38	21	25	09:00:27	145
8:56	0	125	35,6	1975	1727	0,87	25	1676	42,7	9,7	71,7	2,36	1,45	0,91	0,38	22	25	09:00:30	144
8:58	0	125	35,8	1989	1745	0,88	28	1573	43,7	9,8	71,0	2,16	1,38	0,78	0,36	22	25	09:00:32	144
9:00	0	125	35,1	1948	1715	0,88	27	1583	43,0	9,6	71,5	2,21	1,40	0,81	0,37	22	25	09:00:34	144
9:03	0	125	35,1	1948	1715	0,88	27	1583	43,0	9,6	71,5	2,21	1,40	0,81	0,37	22	25	09:00:37	144
9:05	0	125	34,3	1904	1678	0,88	26	1622	41,9	9,4	72,2	2,32	1,40	0,93	0,40	22	25	09:00:39	144
9:07	0	125	33,6	1863	1639	0,88	26	1565	40,9	9,2	72,9	2,30	1,37	0,93	0,40	22	25	09:00:41	144
9:09	0	125	34,5	1914	1666	0,87	28	1504	42,1	9,4	72,1	2,14	1,30	0,84	0,39	22	25	09:00:43	144
9:12	0	125	36,3	2016	1763	0,87	28	1611	44,3	9,9	70,6	2,18	1,38	0,80	0,37	22	25	09:00:46	144
9:15	0	125	35,6	1974	1739	0,88	26	1699	43,7	9,7	71,0	2,33	1,41	0,92	0,39	22	25	09:00:49	144
9:17	0	125	36,2	2007	1775	0,88	26	1708	44,8	9,9	70,3	2,29	1,41	0,88	0,38	22	25	09:00:51	144
9:19	0	125	36,2	2010	1773	0,88	28	1630	45,0	9,9	70,2	2,17	1,34	0,83	0,38	22	25	09:00:53	144
9:21	0	125	37,2	2064	1847	0,89	28	1696	47,3	10,2	68,6	2,15	1,40	0,75	0,35	23	26	09:00:55	145
9:24	0	125	37,2	2063	1887	0,91	26	1846	48,5	10,2	67,8	2,28	1,48	0,81	0,35	24	26	09:00:58	146
9:26	0	125	36,8	2041	1901	0,93	25	1914	48,7	10,2	67,7	2,36	1,52	0,84	0,36	24	26	09:01:00	146
9:29	0	125	35,9	1991	1881	0,94	25	1910	48,4	9,9	67,9	2,37	1,55	0,82	0,35	24	26	09:01:03	147
9:31	0	125	35,9	1992	1881	0,94	25	1910	48,4	9,9	67,9	2,37	1,55	0,82	0,35	24	26	09:01:05	147
9:34	0	125	34,7	1925	1835	0,95	24	1973	47,1	9,6	68,8	2,52	1,66	0,86	0,34	24	26	09:01:08	147
9:36	0	125	34,2	1896	1797	0,95	25	1876	46,0	9,5	69,5	2,45	1,62	0,83	0,34	24	26	09:01:10	147
9:38	0	125	33,8	1874	1761	0,94	24	1861	45,1	9,3	70,1	2,48	1,61	0,86	0,35	24	26	09:01:12	146
9:41	0	125	33,1	1835	1700	0,93	24	1787	43,3	9,1	71,3	2,47	1,65	0,83	0,33	24	25	09:01:15	146
9:43	0	125	32,4	1798	1655	0,92	24	1735	42,3	8,9	72,0	2,46	1,66	0,80	0,33	23	26	09:01:17	146
9:46	0	125	32,4	1798	1654	0,92	24	1735	42,3	8,9	72,0	2,46	1,66	0,80	0,33	23	26	09:01:20	146
9:48	0	125	33,4	1856	1692	0,91	25	1708	43,2	9,2	71,4	2,37	1,60	0,77	0,32	23	26	09:01:22	145
9:50	0	125	34,8	1931	1750	0,91	24	1798	44,0	9,6	70,9	2,45	1,56	0,90	0,37	23	25	09:01:24	145
9:52	0	125	35,8	1987	1790	0,90	24	1834	44,2	9,8	70,7	2,49	1,54	0,95	0,38	22	25	09:01:26	145
9:54	0	125	36,6	2030	1823	0,90	25	1835	45,3	10,0	70,0	2,43	1,53	0,90	0,37	22	25	09:01:28	144
9:56	0	125	36,8	2044	1843	0,90	25	1832	45,8	10,1	69,6	2,40	1,50	0,90	0,37	22	25	09:01:30	143
9:58	0	125	37,8	2099	1886	0,90	26	1806	47,0	10,4	68,9	2,31	1,43	0,87	0,38	22	25	09:01:32	142
10:01	0	125	36,5	2024	1827	0,90	27	1710	46,4	10,0	69,2	2,21	1,47	0,74	0,33	23	25	09:01:35	142
10:03	0	125	37,4	2078	1888	0,91	26	1842	47,4	10,3	68,6	2,33	1,51	0,82	0,35	23	25	09:01:37	142
10:06	0	125	36,5	2025	1871	0,92	25	1907	48,0	10,1	68,2	2,38	1,55	0,84	0,35	24	26	09:01:40	143
10:09	0	125	34,6	1918	1772	0,92	25	1806	46,0	9,5	69,5	2,36	1,56	0,79	0,34	24	26	09:01:43	143
10:11	0	125	33,1	1840	1701	0,92	26	1723	44,0	9,1	70,8	2,35	1,57	0,78	0,33	24	26	09:01:45	145
10:13	0	125	33,7	1869	1724	0,92	25	1747	44,0	9,3	70,8	2,38	1,59	0,80	0,33	24	26	09:01:47	145
10:16	0	125	32,8	1822	1678	0,92	24	1764	42,4	9,0	71,9	2,50	1,64	0,86	0,34	23	25	09:01:50	146
10:18	0	125	32,5	1804	1653	0,92	24	1737	41,7	8,9	72,4	2,50	1,62	0,88	0,35	23	25	09:01:52	146
10:21	0	125	32,5	1804	1652	0,92	24	1737	41,7	8,9	72,4	2,50	1,62	0,88	0,35	23	25	09:01:55	146
10:23	0	125	32,7	1817	1641	0,90	24	1698	41,2	9,0	72,7	2,47	1,61	0,86	0,35	23	25	09:01:57	147
10:25	0	125	33,9	1884	1693	0,90	25	1728	42,9	9,3	71,6	2,42	1,58	0,84	0,35	23	25	09:01:59	147
10:28	0	125	34,9	1935	1747	0,90	24	1862	44,3	9,6	70,6	2,52	1,63	0,89	0,35	23	25	09:02:02	146
10:31	0	125	34,0	1886	1691	0,90	24	1770	43,3	9,3	71,3	2,45	1,58	0,88	0,36	23	26	09:02:05	146
10:33	0	125	34,6	1921	1712	0,89	25	1738	44,0	9,5	70,9	2,37	1,53	0,84	0,35	23	26	09:02:07	146
10:35	0	125	35,9	1991	1766	0,89	26	1765	45,6	9,8	69,8	2,32	1,51	0,81	0,35	23	26	09:02:09	146
10:39	0	125	35,2	1951	1729	0,89	23	1912	43,1	9,6	71,5	2,66	1,75	0,91	0,34	22	25	09:02:13	145
10:41	0	125	35,3	1961	1722	0,88	23	1851	42,5	9,6	71,8	2,61	1,75	0,87	0,33	22	25	09:02:15	145
10:43	0	125	35,3	1961	1722	0,88	23	1851	42,5	9,6	71,8	2,61	1,75	0,87	0,33	22	25	09:02:17	145
10:45	0	125	35,6	1977	1711	0,87	24	1742	42,2	9,7	72,1	2,48	1,65	0,83	0,34	21	25	09:02:19	145
10:48	0	125	35,6	1976	1728	0,87	27	1659	44,2	9,7	70,7	2,25	1,51	0,75	0,33	22	26	09:02:22	145
10:50	0	125	35,3	1961	1718	0,88	27	1625	44,0	9,6	70,8	2,21	1,50	0,72	0,32	22	26	09:02:24	145
10:52	0	125	35,6	1977	1740	0,88	27	1613	44,3	9,7	70,6	2,18	1,47	0,71	0,33	22	25	09:02:26	145
10:54	0	125	36,3	2016	1788	0,89	26	1744	45,5	9,9	69,8	2,30	1,53	0,76	0,33	23	25	09:02:28	145
10:56	0	125	35,9	1991	1777	0,89	27	1709	45,5	9,8	69,8	2,25	1,49	0,76	0,34	23	26	09:02:30	145
10:58	0	125	36,0	1999	1793	0,90	27	1735	46,0	9,9	69,5	2,26	1,52	0,74	0,33	23	26	09:02:32	145
11:01	0	125	35,2	1955	1751	0,90	27	1668	44,8	9,6	70,3	2,24	1,49	0,75	0,33	23	26	09:02:35	144
11:03	0	125	35,2	1954	1747	0,89	28	1609	44,7	9,6	70,4	2,16	1,43	0,73	0,34	23	26	09:02:37	144
11:06	0	125	35,0	1940	1742	0,90	26	1690	43,9	9,6	70,9	2,31	1,54	0,77	0,33	23	25	09:02:40	144
11:08	0	125	34,7	1923	1725	0,90	25	1737	42,8	9,5	71,6	2,43	1,57	0,86	0,36	22	25	09:02:42	144
11:10	0	125	34,2	1901	1680	0,88	26	1610	41,7	9,4	72,4	2,32	1,49	0,82	0,35	22	25	09:02:44	144
11:12	0	125	34,6	1921	1693	0,88	26	1628	41,7	9,4	72,3	2,34	1,51	0,83	0,35	22	25	09:02:46	144
11:15	0	125	33,9	1882	1662	0,88	25	1619	41,0	9,3	72,8	2,37	1,54	0,83	0,35	22	25	09:02:49	144
11:17	0	125	34,5	1917	1676	0,87	26	1600	41,3	9,4	72,6	2,32	1,50	0,82	0,35	22	25	09:02:51	143
11:19	0	125	33,8	1878	1628	0,87	26	1555	40,2	9,2	73,3	2,32	1,48	0,84	0,36	21	25	09:02:53	143
11:21	0	125	35,4	1963	1702	0,87	27	1558	42,4	9,6	71,9	2,21	1,41	0,80	0,36	22	25	09:02:55	143
11:24	0	125	36,6	2030	1767	0,87	27	1620	44,1	10,0	70,8	2,20	1,39	0,81	0,37	22	25	09:02:58	143
11:34	0	125	36,6	2029	1801	0,89	24	1822	44,3	10,0	70,6	2,47	1,54	0,93	0,38	22	25	09:03:08	143
11:37	0	125	35,5	1968	1754	0,89	24	1809	43,3	9,7	71,3	2,51	1,58	0,93	0,37	22	25	09:03:11	143
11:39	0	125	35,5	1970	1750	0,89	24	1810	43,3	9,7	71,3	2,51	1,61	0,90	0,36	22	25	09:03:13	143
11:42	0	125	34,4	1910	1700	0,89	23	1798	41,6	9,4	72,4	2,59	1,67	0,92	0,36	22	24	09:03:16	143
11:44	0	125	34,6	1920	1703	0,89	23	1804	41,9	9,5	72,3	2,59	1,66	0,93	0,36	22	25	09:03:18	143
11:47	0	125	33,8	1877	1653	0,88	23	1769	40,6	9,2	73,1	2,62	1,74	0,88	0,34	22	25	09:03:21	143
11:49	0	125	33,8	1877	1653	0,88	23	1769	40,6	9,2	73,1	2,62	1,74	0,88	0,34	22	25	09:03:23	143
11:52	0	125	32,5	1806	1564	0,87	25	1577	38,7	8,9	74,4	2,45	1,66	0,78	0,32	21	25	09:03:26	143
11:55	0	125	31,6	1755	1506	0,86	24	1560	37,0	8,6	75,5	2,53	1,72	0,81	0,32	21	25	09:03:29	143
11:58	0	125	31,4	1744	1478	0,85	22	1629	36,2	8,5	76,0	2,70	1,87	0,83	0,31	21	24	09:03:32	143
12:01	0	125	32,6	1809	1528	0,84	23	1656	37,5	8,8	75,2	2,65	1,81	0,84	0,32	21	25	09:03:35	143
12:03	0	125	35,1	1947	1644	0,84	22	1790	40,2	9,5	73,4	2,67	1,83	0,84	0,32	21	24	09:03:37	143
12:05	0	125	34,8	1932	1633	0,85	23	1744	40,6	9,4	73,1	2,58	1,78	0,80	0,31	21	25	09:03:39	143
12:07	0	125	35,5	1969	1674	0,85	24	1775	41,9	9,6	72,2	2,54	1,78	0,76	0,30	21	25	09:03:41	143
12:09	0	125	37,2	2065	1763	0,85	25	1769	44,8	10,1	70,3	2,37	1,67	0,70	0,29	22	25	09:03:43	143
12:12	0	125	39,0	2163	1883	0,87	27	1775	48,0	10,6	68,2	2,22	1,52	0,69	0,31	22	25	09:03:46	143
12:14	0	125	39,0	2164	1884	0,87	27	1775	48,0	10,6	68,2	2,22	1,52	0,69	0,31	22	25	09:03:48	143
12:16	0	125	38,0	2108	1867	0,89	28	1730	48,2	10,4	68,1	2,16	1,48	0,68	0,31	23	26	09:03:50	143
12:18	0	125	37,3	2072	1852	0,89	28	1741	48,0	10,2	68,1	2,17	1,49	0,69	0,32	23	26	09:03:52	143
12:20	0	125	37,2	2064	1872	0,91	28	1762	48,7	10,2	67,7	2,17	1,49	0,68	0,31	24	26	09:03:54	143
12:23	0	125	37,3	2072	1882	0,91	27	1787	48,4	10,3	67,9	2,22	1,46	0,76	0,34	23	26	09:03:57	143
12:26	0	125	38,5	2135	1952	0,91	26	1893	49,8	10,6	67,0	2,28	1,49	0,79	0,35	23	26	09:04:00	145
12:29	0	125	37,5	2081	1929	0,93	26	1916	49,4	10,3	67,2	2,33	1,50	0,82	0,35	24	26	09:04:03	145
12:31	0	125	38,7	2145	1992	0,93	25	1983	50,5	10,7	66,5	2,36	1,52	0,84	0,36	24	25	09:04:05	145
12:34	0	125	37,4	2076	1947	0,94	25	2003	49,4	10,3	67,3	2,43	1,57	0,86	0,35	24	25	09:04:08	147
12:38	0	125	35,7	1983	1881	0,95	23	2064	47,8	9,9	68,3	2,59	1,65	0,94	0,36	24	25	09:04:12	146
12:40	0	125	35,3	1957	1854	0,95	22	2070	46,5	9,8	69,2	2,67	1,70	0,97	0,36	24	25	09:04:14	146
12:43	0	125	33,6	1864	1765	0,95	22	1988	44,3	9,3	70,6	2,69	1,81	0,88	0,33	24	25	09:04:17	147
12:45	0	125	32,2	1784	1657	0,93	23	1774	41,6	8,9	72,4	2,56	1,73	0,83	0,33	23	25	09:04:19	147
12:48	0	125	32,3	1792	1626	0,91	24	1682	40,1	8,9	73,4	2,52	1,65	0,87	0,34	22	25	09:04:22	147
12:50	0	125	32,3	1791	1626	0,91	24	1682	40,1	8,9	73,4	2,52	1,65	0,87	0,34	22	25	09:04:24	148
12:52	0	125	34,0	1885	1663	0,88	25	1606	40,0	9,3	73,5	2,41	1,60	0,81	0,34	21	24	09:04:26	149
12:55	0	125	34,0	1889	1677	0,89	24	1694	40,9	9,3	72,9	2,49	1,64	0,85	0,34	22	24	09:04:29	150
12:57	0	125	33,9	1884	1648	0,88	26	1590	40,6	9,3	73,1	2,35	1,58	0,77	0,33	22	25	09:04:31	150
12:59	0	125	34,4	1908	1657	0,87	26	1585	41,2	9,4	72,7	2,31	1,52	0,79	0,34	22	25	09:04:33	150
13:01	0	125	35,2	1951	1698	0,87	25	1660	41,9	9,6	72,2	2,38	1,49	0,89	0,37	21	25	09:04:35	150
13:03	0	125	35,9	1991	1735	0,87	26	1651	43,5	9,8	71,2	2,28	1,47	0,81	0,35	22	25	09:04:37	150
13:06	0	125	35,6	1973	1736	0,88	26	1685	44,0	9,7	70,9	2,30	1,48	0,82	0,36	22	25	09:04:40	150
13:08	0	125	35,4	1965	1735	0,88	25	1746	43,7	9,7	71,1	2,40	1,56	0,84	0,35	22	25	09:04:42	149
13:10	0	125	35,8	1987	1753	0,88	25	1738	44,1	9,8	70,8	2,37	1,52	0,85	0,36	22	25	09:04:44	149
13:13	0	125	35,8	1987	1753	0,88	25	1738	44,1	9,8	70,8	2,37	1,52	0,85	0,36	22	25	09:04:47	149
13:15	0	125	36,8	2040	1803	0,88	26	1754	45,5	10,0	69,8	2,31	1,49	0,82	0,35	22	25	09:04:49	149
13:17	0	125	36,6	2030	1806	0,89	26	1758	45,7	10,0	69,7	2,31	1,52	0,79	0,34	23	25	09:04:51	149
13:20	0	125	36,2	2009	1790	0,89	26	1749	45,0	9,9	70,2	2,33	1,51	0,82	0,35	22	25	09:04:54	149
13:22	0	125	35,9	1995	1775	0,89	26	1703	44,7	9,8	70,4	2,28	1,48	0,80	0,35	22	25	09:04:56	149
13:23	0	125	34,2	1901	1700	0,89	26	1684	43,3	9,4	71,3	2,33	1,50	0,83	0,36	23	25	09:04:57	149
13:26	0	125	35,0	1942	1732	0,89	25	1729	43,6	9,6	71,1	2,38	1,53	0,85	0,36	22	25	09:05:00	149
13:28	0	125	36,8	2043	1807	0,88	26	1708	45,1	10,1	70,1	2,27	1,46	0,81	0,36	22	25	09:05:02	149
13:32	0	125	35,5	1970	1759	0,89	23	1871	43,3	9,7	71,3	2,59	1,66	0,93	0,36	22	25	09:05:06	149
13:34	0	125	35,1	1946	1735	0,89	22	1896	42,6	9,6	71,8	2,67	1,74	0,93	0,35	22	25	09:05:08	149
13:38	0	125	34,8	1930	1710	0,89	20	2013	40,8	9,5	72,9	2,96	1,88	1,08	0,37	21	24	09:05:12	149
13:40	0	125	35,0	1942	1712	0,88	21	1984	40,9	9,6	72,9	2,91	1,87	1,04	0,36	21	24	09:05:14	149
13:42	0	125	35,7	1979	1746	0,88	23	1862	42,9	9,7	71,5	2,60	1,74	0,86	0,33	22	25	09:05:16	148
13:44	0	125	34,7	1928	1709	0,89	24	1800	42,4	9,5	71,9	2,55	1,73	0,82	0,32	22	25	09:05:18	148
13:47	0	125	33,6	1866	1659	0,89	23	1797	41,4	9,2	72,6	2,61	1,76	0,85	0,32	22	25	09:05:21	147
13:49	0	125	34,8	1931	1701	0,88	27	1631	43,3	9,5	71,3	2,26	1,53	0,73	0,32	22	25	09:05:23	147
13:51	0	125	35,7	1984	1740	0,88	28	1605	44,5	9,7	70,5	2,16	1,45	0,72	0,33	22	26	09:05:25	147
13:53	0	125	37,5	2083	1829	0,88	28	1659	46,8	10,2	69,0	2,13	1,43	0,70	0,33	22	26	09:05:27	149
13:55	0	180	37,5	2084	1844	0,89	28	1685	47,5	10,3	68,5	2,13	1,41	0,71	0,33	23	26	09:05:29	149
13:57	0	180	37,1	2060	1830	0,89	29	1625	47,5	10,1	68,5	2,05	1,37	0,68	0,33	23	26	09:05:31	149
13:59	0	180	37,9	2105	1873	0,89	30	1625	48,9	10,4	67,6	1,99	1,32	0,68	0,34	23	26	09:05:33	149
14:01	0	180	37,9	2106	1873	0,89	30	1625	48,9	10,4	67,6	1,99	1,32	0,68	0,34	23	26	09:05:35	150
14:03	0	180	36,5	2027	1809	0,89	30	1568	47,8	10,0	68,3	1,97	1,30	0,67	0,34	24	26	09:05:37	150
14:05	0	180	35,8	1986	1779	0,90	31	1517	47,2	9,8	68,7	1,93	1,27	0,66	0,34	24	27	09:05:39	150
14:08	0	180	35,8	1986	1779	0,90	31	1517	47,2	9,8	68,7	1,93	1,27	0,66	0,34	24	27	09:05:42	150
14:10	0	180	35,7	1979	1769	0,89	31	1526	46,7	9,8	69,0	1,96	1,29	0,67	0,34	24	26	09:05:44	151
14:12	0	180	34,8	1930	1715	0,89	30	1489	45,3	9,5	70,0	1,97	1,30	0,68	0,34	23	26	09:05:46	151
14:14	0	180	34,3	1902	1678	0,88	30	1460	44,0	9,4	70,8	1,99	1,32	0,67	0,34	23	26	09:05:48	154
14:16	0	180	36,4	2019	1784	0,88	28	1638	45,3	9,9	70,0	2,17	1,38	0,79	0,37	22	25	09:05:50	153
14:18	0	180	37,3	2070	1831	0,88	27	1705	46,3	10,2	69,3	2,21	1,39	0,82	0,37	22	25	09:05:52	153
14:20	0	180	38,4	2133	1883	0,88	27	1770	47,5	10,5	68,5	2,24	1,40	0,84	0,38	22	25	09:05:54	153
14:23	0	180	37,7	2091	1862	0,89	27	1753	48,2	10,3	68,1	2,18	1,41	0,77	0,35	23	26	09:05:57	153
14:25	0	180	37,8	2100	1887	0,90	27	1815	48,7	10,4	67,7	2,24	1,41	0,82	0,37	23	26	09:05:59	153
14:27	0	180	37,9	2104	1890	0,90	27	1825	48,5	10,4	67,8	2,26	1,44	0,82	0,36	23	26	09:06:01	153
14:31	0	180	38,8	2152	1932	0,90	23	2008	47,2	10,6	68,7	2,55	1,63	0,92	0,36	22	24	09:06:05	153
14:33	0	180	39,5	2190	1970	0,90	24	2029	48,0	10,8	68,2	2,54	1,63	0,91	0,36	22	24	09:06:07	153
14:35	0	180	40,0	2220	2004	0,90	24	2036	49,2	11,0	67,4	2,48	1,59	0,89	0,36	22	25	09:06:09	153
14:37	0	180	39,5	2195	1997	0,91	24	2054	49,2	10,9	67,4	2,51	1,62	0,89	0,35	22	25	09:06:11	153
14:39	0	180	40,9	2268	2050	0,90	25	2032	50,1	11,2	66,8	2,43	1,56	0,87	0,36	22	24	09:06:13	155
14:41	0	180	40,9	2271	2055	0,91	25	1989	50,7	11,2	66,4	2,35	1,53	0,82	0,35	22	25	09:06:15	155
14:43	0	180	41,4	2299	2112	0,92	29	1886	54,8	11,4	63,7	2,07	1,34	0,73	0,35	24	26	09:06:17	155
14:45	0	180	41,5	2300	2113	0,92	29	1886	54,8	11,4	63,7	2,07	1,34	0,73	0,35	24	26	09:06:19	155
14:47	0	180	41,1	2282	2094	0,92	31	1781	54,4	11,3	63,9	1,96	1,28	0,68	0,35	24	26	09:06:21	155
14:49	0	180	41,4	2296	2132	0,93	29	1888	54,6	11,4	63,8	2,08	1,30	0,78	0,37	24	26	09:06:23	155
14:51	0	180	41,4	2296	2141	0,93	29	1860	54,8	11,4	63,7	2,04	1,27	0,77	0,38	24	26	09:06:25	155
14:53	0	180	39,7	2204	2068	0,94	29	1852	53,2	11,0	64,7	2,09	1,33	0,76	0,36	24	26	09:06:27	155
14:55	0	180	41,1	2278	2112	0,93	30	1793	53,7	11,3	64,4	2,00	1,26	0,74	0,37	24	25	09:06:29	157
14:57	0	180	41,1	2284	2109	0,92	31	1754	53,6	11,3	64,5	1,96	1,22	0,75	0,38	23	25	09:06:31	157
14:59	0	180	43,4	2408	2222	0,92	31	1804	56,0	12,0	62,9	1,93	1,19	0,75	0,39	23	25	09:06:33	157
15:01	0	180	42,1	2335	2175	0,93	29	1877	54,5	11,6	63,9	2,07	1,22	0,84	0,41	23	25	09:06:35	157
15:03	0	180	41,8	2321	2143	0,92	31	1734	54,1	11,5	64,2	1,92	1,19	0,73	0,38	23	25	09:06:37	157
15:05	0	180	42,3	2348	2160	0,92	31	1745	54,5	11,6	63,9	1,92	1,18	0,74	0,39	23	25	09:06:39	157
15:07	0	180	44,1	2449	2249	0,92	33	1736	56,9	12,1	62,3	1,83	1,18	0,65	0,36	23	25	09:06:41	157
15:09	0	180	43,6	2421	2244	0,93	32	1818	57,3	12,0	62,0	1,90	1,16	0,74	0,39	24	26	09:06:43	157
15:10	0	180	44,9	2490	2322	0,93	32	1860	59,9	12,4	60,3	1,86	1,14	0,72	0,39	24	26	09:06:44	158
15:12	0	180	44,1	2450	2305	0,94	33	1846	60,6	12,2	59,8	1,83	1,13	0,70	0,38	25	26	09:06:46	158
15:14	0	180	44,2	2453	2332	0,95	33	1860	62,1	12,3	58,9	1,80	1,10	0,69	0,39	25	27	09:06:48	158
15:15	0	180	44,2	2453	2356	0,96	35	1838	63,5	12,3	57,9	1,74	1,07	0,67	0,39	26	27	09:06:49	159
15:17	0	180	44,2	2454	2357	0,96	35	1838	63,5	12,3	57,9	1,74	1,07	0,67	0,39	26	27	09:06:51	159
15:19	0	180	43,1	2392	2307	0,96	34	1821	62,2	12,0	58,7	1,76	1,08	0,68	0,39	26	27	09:06:53	159
15:21	0	180	42,1	2335	2266	0,97	35	1761	61,4	11,7	59,3	1,72	1,11	0,61	0,36	26	27	09:06:55	160
15:23	0	180	42,1	2335	2266	0,97	35	1761	61,4	11,7	59,3	1,72	1,11	0,61	0,36	26	27	09:06:57	160
15:25	0	180	41,5	2301	2238	0,97	34	1754	60,0	11,6	60,2	1,75	1,12	0,63	0,36	26	27	09:06:59	160
15:27	0	180	41,5	2304	2237	0,97	33	1780	59,1	11,6	60,8	1,81	1,16	0,65	0,36	26	26	09:07:01	160
15:29	0	180	41,9	2324	2253	0,97	32	1845	58,5	11,7	61,3	1,89	1,20	0,70	0,37	25	26	09:07:03	160
15:31	0	180	41,8	2321	2244	0,97	31	1848	57,9	11,6	61,6	1,91	1,22	0,69	0,36	25	26	09:07:05	160
15:33	0	180	42,3	2346	2265	0,97	31	1858	58,2	11,8	61,4	1,91	1,22	0,69	0,36	25	26	09:07:07	160
15:35	0	180	42,9	2380	2298	0,97	30	1921	58,3	11,9	61,3	1,98	1,26	0,71	0,36	25	25	09:07:09	160
15:37	0	180	41,1	2284	2217	0,97	30	1906	56,5	11,5	62,6	2,03	1,31	0,72	0,35	25	25	09:07:11	160
15:40	0	180	42,9	2380	2297	0,97	30	1921	58,3	11,9	61,3	1,98	1,26	0,71	0,36	25	25	09:07:14	160
15:41	0	180	43,9	2436	2348	0,96	30	1999	59,1	12,2	60,8	2,03	1,29	0,74	0,36	24	25	09:07:15	160
15:44	0	180	44,1	2450	2344	0,96	30	1955	59,4	12,3	60,6	1,97	1,27	0,71	0,36	24	25	09:07:18	160
15:46	0	180	44,9	2494	2386	0,96	31	1955	60,2	12,5	60,1	1,95	1,24	0,70	0,36	24	25	09:07:20	160
15:48	0	180	45,1	2503	2392	0,96	31	1973	60,5	12,5	59,9	1,96	1,25	0,70	0,36	24	25	09:07:22	160
15:49	0	180	44,7	2483	2359	0,95	32	1903	60,2	12,4	60,1	1,90	1,23	0,67	0,35	24	26	09:07:23	160
15:51	0	180	45,9	2549	2428	0,95	32	1926	61,6	12,7	59,2	1,88	1,19	0,69	0,37	24	25	09:07:25	160
15:53	0	180	45,5	2526	2400	0,95	33	1847	61,8	12,6	59,0	1,79	1,14	0,65	0,36	24	26	09:07:27	160
15:55	0	180	45,0	2498	2384	0,95	33	1845	61,7	12,5	59,1	1,79	1,15	0,64	0,36	25	26	09:07:29	160
15:57	0	180	43,8	2430	2312	0,95	33	1821	60,2	12,1	60,1	1,81	1,19	0,62	0,34	25	26	09:07:31	160
15:59	0	180	41,7	2316	2190	0,95	32	1779	56,9	11,6	62,3	1,88	1,23	0,64	0,34	25	26	09:07:33	160
16:01	0	180	42,4	2355	2226	0,95	32	1787	57,4	11,7	61,9	1,87	1,21	0,66	0,35	24	26	09:07:35	161
16:03	0	180	44,5	2472	2332	0,94	32	1857	59,8	12,3	60,3	1,86	1,19	0,68	0,36	24	26	09:07:37	161
16:04	0	180	45,2	2506	2364	0,94	32	1898	60,8	12,5	59,7	1,87	1,20	0,67	0,36	24	26	09:07:38	161
16:07	0	180	44,0	2444	2329	0,95	30	1981	59,1	12,2	60,8	2,01	1,25	0,76	0,38	24	25	09:07:41	162
16:09	0	180	43,5	2416	2314	0,96	29	1994	58,4	12,1	61,3	2,05	1,28	0,77	0,38	24	25	09:07:43	162
16:11	0	180	45,3	2514	2423	0,96	30	2061	61,1	12,6	59,5	2,02	1,26	0,77	0,38	24	25	09:07:45	162
16:13	0	180	46,3	2569	2446	0,95	31	1979	62,3	12,8	58,7	1,91	1,23	0,68	0,35	24	25	09:07:47	162
16:14	0	180	46,3	2569	2446	0,95	31	1979	62,3	12,8	58,7	1,91	1,23	0,68	0,35	24	25	09:07:48	162
16:16	0	180	45,6	2530	2423	0,96	31	1973	61,9	12,7	59,0	1,91	1,20	0,71	0,37	24	26	09:07:50	162
16:18	0	180	44,7	2482	2381	0,96	32	1930	61,3	12,4	59,3	1,89	1,19	0,70	0,37	25	26	09:07:52	162
16:20	0	180	45,9	2546	2443	0,96	32	1963	63,6	12,7	57,8	1,85	1,15	0,70	0,38	25	26	09:07:54	162
16:21	0	180	46,2	2566	2483	0,97	33	1960	65,3	12,9	56,7	1,80	1,11	0,69	0,38	25	26	09:07:55	161
16:23	0	180	47,0	2607	2516	0,97	35	1924	67,3	13,1	55,4	1,72	1,06	0,66	0,38	26	27	09:07:57	163
16:25	0	180	47,0	2611	2527	0,97	35	1927	67,8	13,1	55,0	1,70	1,04	0,66	0,39	26	27	09:07:59	163
16:26	0	180	47,0	2611	2527	0,97	35	1927	67,8	13,1	55,0	1,70	1,04	0,66	0,39	26	27	09:08:00	163
16:28	0	180	46,5	2578	2509	0,97	36	1879	68,3	12,9	54,7	1,65	1,04	0,61	0,37	27	27	09:08:02	163
16:30	0	180	46,5	2579	2509	0,97	36	1879	68,3	12,9	54,7	1,65	1,04	0,61	0,37	26	27	09:08:04	163
16:32	0	180	45,5	2527	2479	0,98	34	1948	66,7	12,7	55,8	1,75	1,10	0,66	0,37	26	27	09:08:06	163
16:34	0	180	44,9	2490	2452	0,99	34	1954	65,9	12,5	56,3	1,78	1,11	0,67	0,38	26	27	09:08:08	163
16:35	0	180	44,3	2456	2430	0,99	33	1980	64,7	12,4	57,1	1,84	1,16	0,68	0,37	26	27	09:08:09	163
16:37	0	180	44,3	2457	2426	0,99	32	1985	64,0	12,4	57,6	1,86	1,17	0,69	0,37	26	26	09:08:11	163
16:39	0	180	44,3	2457	2426	0,99	32	1985	64,0	12,4	57,6	1,86	1,17	0,69	0,37	26	26	09:08:13	163
16:41	0	180	44,9	2493	2452	0,98	32	2015	64,5	12,5	57,3	1,88	1,18	0,70	0,37	26	26	09:08:15	163
16:43	0	180	45,1	2504	2465	0,98	32	2032	64,5	12,6	57,2	1,89	1,19	0,70	0,37	26	26	09:08:17	163
16:44	0	180	45,5	2526	2468	0,98	34	1934	64,8	12,7	57,0	1,79	1,14	0,65	0,36	26	26	09:08:18	163
16:46	0	180	45,5	2526	2468	0,98	34	1934	64,8	12,7	57,0	1,79	1,14	0,65	0,36	26	26	09:08:20	163
16:48	0	180	45,0	2497	2437	0,98	34	1911	64,2	12,5	57,4	1,79	1,13	0,66	0,37	26	26	09:08:22	163
16:50	0	180	46,1	2559	2477	0,97	33	1916	63,8	12,8	57,7	1,80	1,13	0,67	0,37	25	26	09:08:24	163
16:52	0	180	46,2	2566	2472	0,96	32	1926	62,5	12,9	58,6	1,85	1,17	0,68	0,37	24	25	09:08:26	164
16:54	0	180	46,2	2566	2472	0,96	32	1926	62,5	12,9	58,6	1,85	1,17	0,68	0,37	24	25	09:08:28	164
16:57	0	180	45,6	2531	2449	0,97	30	2060	62,2	12,7	58,7	1,99	1,21	0,78	0,39	25	25	09:08:31	164
16:58	0	180	45,6	2533	2445	0,97	30	2058	61,9	12,7	59,0	1,99	1,24	0,75	0,38	24	25	09:08:32	164
17:00	0	180	45,6	2529	2435	0,96	30	2055	61,5	12,7	59,3	2,01	1,27	0,74	0,37	24	25	09:08:34	164
17:03	0	180	45,6	2529	2434	0,96	30	2055	61,5	12,7	59,3	2,01	1,27	0,74	0,37	24	25	09:08:37	163
17:05	0	180	46,0	2554	2466	0,97	30	2100	62,9	12,8	58,3	2,00	1,26	0,74	0,37	25	26	09:08:39	163
17:07	0	180	45,9	2547	2455	0,96	31	2049	63,6	12,8	57,8	1,93	1,21	0,72	0,37	25	26	09:08:41	163
17:09	0	180	45,9	2548	2456	0,96	31	2049	63,6	12,8	57,8	1,93	1,21	0,72	0,37	25	26	09:08:43	163
17:10	0	180	47,3	2624	2508	0,96	33	1931	64,5	13,1	57,2	1,80	1,18	0,61	0,34	25	26	09:08:44	163
17:12	0	180	48,8	2709	2600	0,96	33	2019	67,0	13,6	55,6	1,81	1,16	0,65	0,36	25	26	09:08:46	163
17:14	0	180	49,1	2726	2626	0,96	34	2035	68,2	13,7	54,8	1,79	1,12	0,67	0,37	25	26	09:08:48	163
17:16	0	180	50,2	2786	2686	0,96	34	2065	69,5	14,0	54,0	1,78	1,13	0,65	0,37	25	26	09:08:50	164
17:17	0	180	49,3	2737	2662	0,97	34	2044	69,4	13,7	54,0	1,77	1,15	0,62	0,35	25	26	09:08:51	165
17:20	0	180	49,0	2719	2683	0,99	32	2163	69,7	13,7	53,8	1,86	1,18	0,68	0,37	26	26	09:08:54	165
17:22	0	180	47,2	2617	2595	0,99	32	2113	67,2	13,2	55,4	1,89	1,19	0,70	0,37	26	26	09:08:56	166
17:23	0	180	46,8	2597	2583	0,99	32	2118	66,9	13,1	55,7	1,90	1,20	0,70	0,37	26	26	09:08:57	166
17:25	0	180	46,8	2597	2583	0,99	32	2118	66,9	13,1	55,7	1,90	1,20	0,70	0,37	26	26	09:08:59	166
17:27	0	180	47,8	2654	2626	0,99	33	2081	68,1	13,4	54,9	1,83	1,17	0,67	0,36	26	26	09:09:01	166
17:29	0	180	47,5	2635	2614	0,99	32	2138	67,9	13,3	55,0	1,89	1,19	0,70	0,37	26	26	09:09:03	166
17:31	0	180	47,6	2639	2613	0,99	32	2122	68,1	13,3	54,9	1,87	1,16	0,71	0,38	26	26	09:09:05	167
17:32	0	180	47,9	2657	2622	0,99	33	2064	68,3	13,4	54,7	1,81	1,14	0,67	0,37	26	26	09:09:06	167
17:34	0	180	48,3	2680	2640	0,99	34	2046	69,3	13,5	54,1	1,77	1,10	0,67	0,38	26	26	09:09:08	167
17:36	0	180	49,3	2735	2682	0,98	35	2010	70,3	13,8	53,4	1,72	1,08	0,64	0,37	26	26	09:09:10	167
17:38	0	180	48,5	2692	2665	0,99	33	2153	70,1	13,6	53,6	1,84	1,10	0,74	0,40	26	26	09:09:12	167
17:40	0	180	47,9	2659	2649	1,00	33	2146	69,8	13,4	53,7	1,84	1,11	0,74	0,40	26	26	09:09:14	167
17:42	0	180	49,4	2742	2732	1,00	34	2118	71,2	13,8	52,8	1,78	1,15	0,64	0,36	26	26	09:09:16	167
17:44	0	180	48,6	2699	2712	1,00	32	2243	70,7	13,6	53,2	1,90	1,17	0,74	0,39	26	26	09:09:18	167
17:46	0	180	47,7	2646	2665	1,01	31	2232	69,3	13,4	54,1	1,93	1,20	0,74	0,38	26	26	09:09:20	167
17:48	0	180	48,4	2684	2703	1,01	30	2286	69,6	13,6	53,8	1,97	1,22	0,75	0,38	26	26	09:09:22	167
17:49	0	180	48,1	2668	2668	1,00	31	2263	69,3	13,5	54,0	1,96	1,19	0,77	0,39	26	26	09:09:23	167
17:51	0	180	48,4	2686	2673	1,00	32	2192	69,4	13,5	54,0	1,89	1,20	0,69	0,37	26	26	09:09:25	167
17:54	0	180	49,0	2719	2711	1,00	31	2303	70,3	13,7	53,4	1,97	1,23	0,73	0,37	26	26	09:09:28	167
17:55	0	180	47,8	2653	2645	1,00	31	2224	69,1	13,4	54,2	1,93	1,22	0,71	0,37	26	26	09:09:29	167
17:57	0	180	48,5	2691	2682	1,00	31	2256	70,2	13,6	53,5	1,93	1,21	0,72	0,37	26	26	09:09:31	167
17:59	0	180	48,5	2691	2682	1,00	31	2256	70,2	13,6	53,5	1,93	1,21	0,72	0,37	26	26	09:09:33	167
18:01	0	180	47,3	2624	2623	1,00	31	2237	69,3	13,2	54,0	1,94	1,21	0,73	0,38	26	26	09:09:35	167
18:03	0	180	47,3	2623	2638	1,01	31	2286	69,8	13,2	53,7	1,97	1,22	0,74	0,38	27	26	09:09:37	167
18:05	0	180	47,4	2629	2646	1,01	31	2287	70,2	13,3	53,4	1,95	1,21	0,75	0,38	27	27	09:09:39	167
18:07	0	180	46,9	2600	2595	1,00	32	2163	69,4	13,1	54,0	1,87	1,16	0,71	0,38	27	27	09:09:41	167
18:09	0	180	46,9	2605	2620	1,01	30	2274	69,3	13,2	54,0	1,97	1,20	0,77	0,39	27	26	09:09:43	167
18:11	0	180	46,7	2593	2600	1,00	31	2201	69,1	13,1	54,2	1,91	1,16	0,75	0,39	27	27	09:09:45	167
18:12	0	180	46,4	2575	2571	1,00	31	2177	67,6	13,0	55,2	1,93	1,14	0,79	0,41	26	26	09:09:46	167
18:14	0	180	47,4	2630	2604	0,99	33	2092	69,1	13,3	54,2	1,82	1,11	0,71	0,39	26	27	09:09:48	167
18:15	0	180	47,4	2630	2604	0,99	33	2092	69,1	13,3	54,2	1,82	1,11	0,71	0,39	26	27	09:09:49	167
18:17	0	180	48,3	2682	2619	0,98	34	2027	69,2	13,5	54,1	1,76	1,07	0,69	0,39	26	26	09:09:51	167
18:19	0	180	48,5	2692	2627	0,98	34	2037	69,0	13,5	54,2	1,77	1,08	0,69	0,39	26	26	09:09:53	167
18:21	0	180	48,5	2691	2567	0,95	37	1857	68,1	13,5	54,8	1,64	1,01	0,63	0,38	25	27	09:09:55	167
18:22	0	180	49,4	2742	2597	0,95	37	1873	68,8	13,7	54,4	1,63	1,00	0,63	0,39	25	27	09:09:56	167
18:24	0	180	49,8	2765	2615	0,95	37	1864	69,4	13,8	54,0	1,61	0,99	0,62	0,39	25	27	09:09:58	167
18:26	0	180	50,4	2799	2684	0,96	35	2008	71,0	14,0	52,9	1,70	1,05	0,65	0,38	25	26	09:10:00	167
18:28	0	180	49,7	2758	2667	0,97	35	2029	71,1	13,8	52,9	1,71	1,07	0,65	0,38	26	27	09:10:02	167
18:29	0	180	49,1	2727	2631	0,96	36	1954	70,6	13,7	53,2	1,66	1,03	0,63	0,38	26	27	09:10:03	167
18:31	0	180	48,9	2716	2630	0,97	36	1947	71,1	13,6	52,9	1,64	1,02	0,62	0,38	26	27	09:10:05	167
18:33	0	180	49,1	2723	2659	0,98	35	2018	71,5	13,7	52,6	1,69	1,05	0,64	0,38	26	27	09:10:07	167
18:34	0	180	48,3	2682	2644	0,99	35	2031	71,0	13,5	52,9	1,72	1,08	0,64	0,37	26	27	09:10:08	167
18:36	0	180	48,8	2709	2655	0,98	35	2035	71,9	13,6	52,3	1,70	1,06	0,64	0,38	27	27	09:10:10	167
18:38	0	180	48,6	2696	2640	0,98	35	2039	71,5	13,6	52,6	1,71	1,06	0,65	0,38	27	27	09:10:12	167
18:39	0	180	48,5	2692	2643	0,98	35	2028	71,6	13,5	52,6	1,70	1,05	0,65	0,38	27	27	09:10:13	167
18:41	0	180	48,1	2667	2627	0,98	35	2038	70,7	13,4	53,1	1,73	1,08	0,65	0,38	26	27	09:10:15	168
18:43	0	180	47,7	2646	2601	0,98	34	2046	69,5	13,3	53,9	1,77	1,10	0,66	0,37	26	27	09:10:17	168
18:45	0	180	48,0	2664	2596	0,97	35	1977	69,4	13,4	54,0	1,71	1,07	0,64	0,38	26	27	09:10:19	168
18:47	0	180	48,6	2697	2614	0,97	36	1981	70,4	13,5	53,3	1,69	1,04	0,65	0,38	26	27	09:10:21	168
18:48	0	180	48,6	2695	2606	0,97	36	1941	70,0	13,5	53,6	1,66	1,03	0,63	0,38	26	27	09:10:22	168
18:50	0	180	49,5	2744	2650	0,97	36	1973	70,9	13,8	53,0	1,67	1,04	0,63	0,37	26	27	09:10:24	168
18:52	0	180	49,0	2720	2632	0,97	36	1976	70,6	13,6	53,2	1,68	1,05	0,63	0,38	26	27	09:10:26	168
18:53	0	180	50,0	2775	2682	0,97	37	1978	72,3	13,9	52,0	1,64	1,02	0,62	0,38	26	27	09:10:27	168
18:55	0	180	50,4	2797	2701	0,97	37	1960	72,8	14,0	51,8	1,62	1,00	0,61	0,38	26	27	09:10:29	168
18:57	0	180	50,1	2783	2698	0,97	37	1969	73,1	14,0	51,5	1,62	1,01	0,61	0,37	26	27	09:10:31	168
18:58	0	180	49,3	2736	2655	0,97	37	1967	72,2	13,7	52,1	1,63	1,02	0,62	0,38	26	27	09:10:32	168
19:00	0	180	49,0	2722	2657	0,98	36	2010	71,9	13,7	52,3	1,68	1,04	0,63	0,38	26	27	09:10:34	168
19:02	0	180	47,6	2643	2567	0,97	34	2002	69,0	13,3	54,2	1,74	1,03	0,71	0,41	26	27	09:10:36	168
19:04	0	180	47,6	2643	2555	0,97	34	1979	68,1	13,2	54,9	1,74	1,04	0,70	0,40	26	27	09:10:38	168
19:06	0	180	48,2	2675	2563	0,96	34	1994	67,1	13,4	55,5	1,78	1,05	0,74	0,41	25	26	09:10:40	168
19:08	0	180	48,2	2674	2562	0,96	34	1994	67,1	13,4	55,5	1,78	1,05	0,74	0,41	25	26	09:10:42	168
19:10	0	180	48,5	2693	2592	0,96	33	2075	67,6	13,5	55,2	1,84	1,09	0,76	0,41	25	26	09:10:44	168
19:12	0	180	48,5	2694	2604	0,97	32	2126	68,0	13,5	54,9	1,88	1,12	0,76	0,41	25	26	09:10:46	168
19:13	0	180	48,6	2699	2615	0,97	33	2062	69,0	13,5	54,2	1,79	1,12	0,67	0,38	26	26	09:10:47	168
19:15	0	180	49,2	2733	2649	0,97	33	2141	69,7	13,7	53,8	1,84	1,11	0,73	0,40	25	26	09:10:49	167
19:17	0	180	49,7	2761	2681	0,97	33	2148	71,1	13,9	52,9	1,81	1,10	0,72	0,40	26	27	09:10:51	167
19:19	0	180	49,4	2741	2682	0,98	33	2183	71,9	13,8	52,3	1,82	1,12	0,70	0,38	26	27	09:10:53	167
19:20	0	180	49,1	2725	2675	0,98	33	2217	72,1	13,7	52,2	1,84	1,13	0,72	0,39	26	27	09:10:54	167
19:22	0	180	48,6	2695	2639	0,98	32	2201	70,8	13,5	53,1	1,87	1,09	0,77	0,41	26	27	09:10:56	167
19:24	0	180	49,0	2720	2642	0,97	33	2135	71,3	13,7	52,7	1,80	1,05	0,75	0,42	26	27	09:10:58	167
19:25	0	180	49,7	2759	2678	0,97	35	2104	73,3	13,8	51,4	1,72	1,04	0,68	0,39	27	27	09:10:59	167
19:27	0	180	49,5	2747	2668	0,97	36	2056	74,0	13,8	51,0	1,67	1,04	0,63	0,38	27	28	09:11:01	167
19:29	0	180	48,7	2705	2635	0,97	36	2054	73,2	13,6	51,5	1,68	1,04	0,64	0,38	27	28	09:11:03	167
19:30	0	180	48,1	2669	2598	0,97	37	1983	72,8	13,4	51,7	1,63	1,02	0,61	0,37	27	28	09:11:04	167
19:32	0	180	47,7	2646	2576	0,97	35	2000	70,8	13,3	53,0	1,69	1,02	0,67	0,40	27	27	09:11:06	167
19:34	0	180	48,6	2697	2611	0,97	37	1967	72,5	13,5	52,0	1,63	1,03	0,60	0,37	27	28	09:11:08	167
19:36	0	180	48,0	2663	2554	0,96	37	1911	70,5	13,3	53,3	1,63	1,01	0,61	0,38	26	28	09:11:10	167
19:37	0	180	48,0	2662	2554	0,96	37	1911	70,5	13,3	53,3	1,63	1,01	0,61	0,38	26	28	09:11:11	167
19:39	0	180	49,1	2726	2606	0,96	37	1925	71,6	13,6	52,6	1,61	1,00	0,61	0,38	26	27	09:11:13	167
19:41	0	180	48,6	2697	2571	0,95	37	1905	70,7	13,5	53,1	1,62	1,01	0,61	0,38	26	28	09:11:15	167
19:42	0	180	49,9	2769	2628	0,95	38	1920	72,4	13,8	52,0	1,59	0,98	0,61	0,38	26	28	09:11:16	167
19:44	0	180	50,9	2825	2676	0,95	38	1950	73,8	14,1	51,0	1,58	0,97	0,62	0,39	26	28	09:11:18	167
19:45	0	180	50,5	2800	2658	0,95	38	1954	74,0	14,0	50,9	1,58	0,96	0,62	0,39	26	28	09:11:19	167
19:47	0	180	51,5	2856	2737	0,96	38	2020	76,6	14,3	49,2	1,58	0,97	0,61	0,39	27	28	09:11:21	167
19:49	0	180	49,5	2747	2643	0,96	37	2006	74,0	13,8	50,9	1,63	1,00	0,63	0,39	27	28	09:11:23	167
19:50	0	180	49,2	2732	2627	0,96	37	1984	73,5	13,7	51,3	1,62	1,00	0,62	0,39	27	28	09:11:24	168
19:52	0	180	50,3	2791	2680	0,96	37	2012	74,5	14,0	50,6	1,62	1,01	0,61	0,38	27	28	09:11:26	168
19:54	0	180	50,3	2791	2680	0,96	37	2012	74,5	14,0	50,6	1,62	1,01	0,61	0,38	27	28	09:11:28	168
19:56	0	180	51,0	2829	2722	0,96	37	2056	75,5	14,2	50,0	1,63	1,02	0,61	0,37	27	28	09:11:30	168
19:57	0	180	52,2	2895	2800	0,97	35	2161	76,5	14,5	49,3	1,69	1,06	0,64	0,38	26	27	09:11:31	168
19:59	0	180	51,1	2839	2748	0,97	35	2145	75,7	14,2	49,8	1,70	1,06	0,64	0,38	27	28	09:11:33	168
20:01	0	180	51,2	2839	2748	0,97	35	2145	75,7	14,2	49,8	1,70	1,06	0,64	0,38	27	28	09:11:35	168
20:02	0	180	50,3	2791	2708	0,97	35	2126	74,7	14,0	50,5	1,71	1,07	0,64	0,38	27	28	09:11:36	168
20:04	0	180	51,2	2843	2754	0,97	35	2142	76,0	14,3	49,6	1,69	1,04	0,65	0,39	27	28	09:11:38	168
20:05	0	180	50,2	2788	2689	0,96	37	2053	75,4	14,0	50,0	1,63	1,00	0,63	0,39	27	28	09:11:39	168
20:07	0	180	49,2	2732	2638	0,97	37	2017	74,1	13,7	50,9	1,63	1,00	0,63	0,39	27	28	09:11:41	168
20:09	0	180	47,3	2624	2557	0,97	36	2004	72,3	13,2	52,1	1,66	1,04	0,62	0,37	28	28	09:11:43	168
20:10	0	180	47,9	2661	2571	0,97	36	1998	72,1	13,3	52,2	1,66	1,04	0,62	0,37	27	28	09:11:44	168
20:12	0	180	48,2	2676	2560	0,96	36	1971	71,4	13,4	52,7	1,66	1,01	0,65	0,39	27	28	09:11:46	168
20:14	0	180	49,0	2717	2590	0,95	36	1993	71,6	13,6	52,5	1,67	1,03	0,64	0,38	26	28	09:11:48	168
20:16	0	180	48,9	2716	2590	0,95	36	1993	71,6	13,6	52,5	1,67	1,03	0,64	0,38	26	28	09:11:50	169
20:18	0	180	48,6	2695	2566	0,95	35	1999	70,3	13,5	53,4	1,71	1,04	0,67	0,39	26	27	09:11:52	169
20:20	0	180	49,3	2737	2593	0,95	36	1989	70,8	13,7	53,1	1,69	1,04	0,65	0,38	26	27	09:11:54	169
20:22	0	180	49,8	2765	2621	0,95	34	2058	70,9	13,8	53,0	1,74	1,05	0,69	0,40	26	27	09:11:56	169
20:23	0	180	49,2	2728	2567	0,94	34	2034	69,5	13,6	53,9	1,76	1,07	0,69	0,39	25	27	09:11:57	169
20:25	0	180	50,5	2803	2682	0,96	32	2259	71,5	14,0	52,6	1,90	1,12	0,78	0,41	26	27	09:11:59	169
20:26	0	180	50,9	2825	2707	0,96	32	2276	73,5	14,1	51,3	1,86	1,08	0,77	0,42	26	27	09:12:00	169
20:28	0	180	51,2	2843	2692	0,95	36	2082	74,4	14,2	50,7	1,68	1,00	0,68	0,41	26	28	09:12:02	169
20:30	0	180	52,0	2888	2746	0,95	36	2119	76,9	14,4	49,1	1,65	0,99	0,66	0,40	27	28	09:12:04	169
20:32	0	180	50,6	2810	2696	0,96	35	2144	75,9	14,1	49,7	1,70	1,00	0,69	0,41	27	28	09:12:06	169
20:33	0	180	50,7	2813	2711	0,96	37	2091	77,6	14,1	48,6	1,62	1,00	0,62	0,38	28	29	09:12:07	169
20:35	0	180	52,6	2918	2789	0,96	38	2078	79,3	14,6	47,4	1,57	0,97	0,60	0,38	27	28	09:12:09	169
20:37	0	180	50,3	2789	2700	0,97	37	2094	76,8	14,0	49,1	1,64	1,01	0,62	0,38	28	28	09:12:11	169
20:38	0	180	49,8	2765	2674	0,97	36	2099	75,3	13,9	50,1	1,67	1,04	0,64	0,38	27	28	09:12:12	169
20:40	0	180	49,8	2765	2673	0,97	36	2099	75,3	13,9	50,1	1,67	1,04	0,64	0,38	27	28	09:12:14	169
20:41	0	180	50,5	2801	2679	0,96	37	2049	74,9	14,0	50,4	1,64	1,03	0,62	0,38	27	28	09:12:15	169
20:43	0	180	51,8	2874	2735	0,95	37	2063	76,4	14,4	49,3	1,62	1,02	0,60	0,37	27	28	09:12:17	169
20:45	0	180	51,0	2831	2703	0,95	35	2156	75,0	14,2	50,3	1,72	1,07	0,65	0,38	26	28	09:12:19	169
20:47	0	180	49,7	2758	2629	0,95	34	2129	73,1	13,8	51,5	1,75	1,08	0,67	0,38	27	28	09:12:21	169
20:48	0	180	50,9	2822	2682	0,95	35	2129	74,7	14,1	50,5	1,71	1,06	0,65	0,38	26	28	09:12:22	169
20:50	0	180	51,2	2841	2705	0,95	35	2125	75,1	14,2	50,2	1,70	1,05	0,65	0,38	26	28	09:12:24	169
20:52	0	180	49,3	2739	2617	0,96	35	2082	72,5	13,7	51,9	1,72	1,05	0,67	0,39	26	28	09:12:26	169
20:54	0	180	49,6	2752	2625	0,95	33	2169	72,0	13,8	52,3	1,81	1,06	0,74	0,41	26	27	09:12:28	169
20:55	0	180	50,0	2774	2639	0,95	34	2142	72,0	13,9	52,2	1,78	1,05	0,74	0,41	26	27	09:12:29	169
20:57	0	180	51,8	2874	2705	0,94	36	2046	74,4	14,3	50,7	1,65	0,97	0,68	0,41	26	28	09:12:31	169
20:59	0	180	53,0	2939	2774	0,94	37	2107	77,0	14,7	49,0	1,64	0,97	0,68	0,41	26	28	09:12:33	169
21:00	0	180	51,0	2830	2693	0,95	35	2143	74,3	14,1	50,7	1,73	1,00	0,73	0,42	26	28	09:12:34	170
21:02	0	180	51,4	2852	2703	0,95	35	2138	74,7	14,2	50,5	1,72	0,99	0,73	0,42	26	28	09:12:36	170
21:04	0	180	52,5	2915	2759	0,95	37	2103	76,9	14,5	49,1	1,64	0,98	0,66	0,40	26	28	09:12:38	170
21:05	0	180	52,8	2931	2774	0,95	39	2035	78,6	14,6	47,9	1,55	0,96	0,59	0,38	27	28	09:12:39	170
21:07	0	180	52,4	2910	2775	0,95	38	2074	78,4	14,5	48,1	1,59	0,99	0,60	0,38	27	28	09:12:41	170
21:09	0	180	50,6	2808	2691	0,96	37	2051	76,6	14,1	49,2	1,61	1,00	0,61	0,38	27	28	09:12:43	170
21:10	0	180	50,6	2807	2683	0,96	38	1992	76,2	14,0	49,5	1,57	0,98	0,59	0,37	27	28	09:12:44	170
21:12	0	180	52,2	2895	2762	0,95	39	2018	77,9	14,5	48,3	1,55	0,98	0,58	0,37	27	28	09:12:46	170
21:13	0	180	52,1	2891	2780	0,96	37	2116	78,7	14,5	47,8	1,61	1,01	0,61	0,38	27	28	09:12:47	170
21:15	0	180	52,8	2928	2813	0,96	37	2133	79,4	14,7	47,4	1,61	1,00	0,61	0,38	27	28	09:12:49	170
21:16	0	180	51,4	2854	2725	0,95	39	1995	77,1	14,3	48,9	1,55	0,97	0,58	0,37	27	28	09:12:50	170
21:19	0	180	50,1	2780	2650	0,95	39	1951	75,5	13,9	49,9	1,55	0,97	0,58	0,37	27	28	09:12:53	170
21:21	0	180	52,4	2911	2742	0,94	39	1953	76,9	14,5	49,0	1,52	0,95	0,57	0,37	26	28	09:12:55	169
21:22	0	180	52,5	2913	2726	0,94	39	1953	75,7	14,5	49,8	1,55	0,97	0,57	0,37	26	28	09:12:56	169
21:24	0	180	52,7	2926	2726	0,93	39	1961	75,5	14,6	49,9	1,56	0,98	0,58	0,37	26	28	09:12:58	169
21:26	0	180	52,7	2926	2726	0,93	39	1961	75,5	14,6	49,9	1,56	0,98	0,58	0,37	26	28	09:13:00	169
21:27	0	180	52,3	2902	2688	0,93	39	1926	74,9	14,4	50,3	1,54	0,97	0,57	0,37	26	28	09:13:01	169
21:29	0	180	53,0	2940	2719	0,92	39	1940	75,6	14,6	49,9	1,54	0,97	0,57	0,37	26	28	09:13:03	169
21:30	0	180	53,6	2976	2758	0,93	39	1970	75,8	14,8	49,7	1,56	0,99	0,57	0,37	25	28	09:13:04	169
21:32	0	180	52,5	2914	2737	0,94	37	2064	76,2	14,5	49,5	1,63	1,02	0,61	0,38	26	28	09:13:06	169
21:34	0	180	52,1	2893	2736	0,95	37	2076	77,0	14,4	49,0	1,62	1,01	0,61	0,38	27	28	09:13:08	169
21:35	0	180	51,1	2835	2706	0,95	37	2084	76,7	14,2	49,1	1,63	1,01	0,62	0,38	27	28	09:13:09	169
21:37	0	180	50,4	2797	2680	0,96	37	2058	76,1	14,0	49,5	1,62	1,02	0,60	0,37	27	28	09:13:11	169
21:39	0	180	50,4	2798	2680	0,96	37	2058	76,1	14,0	49,5	1,62	1,02	0,60	0,37	27	28	09:13:13	169
21:40	0	180	50,2	2787	2666	0,96	37	2034	75,6	13,9	49,9	1,61	1,02	0,60	0,37	27	28	09:13:14	169
21:42	0	180	49,6	2755	2635	0,96	37	2014	75,1	13,8	50,2	1,61	1,01	0,60	0,37	27	29	09:13:16	169
21:43	0	180	49,7	2756	2625	0,95	38	1989	74,7	13,8	50,5	1,60	1,00	0,60	0,37	27	28	09:13:17	169
21:45	0	180	49,7	2756	2625	0,95	38	1989	74,7	13,8	50,5	1,60	1,00	0,60	0,37	27	28	09:13:19	169
21:46	0	180	50,1	2783	2634	0,95	38	1956	74,8	13,9	50,4	1,57	0,99	0,58	0,37	27	28	09:13:20	169
21:48	0	180	50,7	2812	2657	0,94	39	1944	76,1	14,0	49,5	1,53	0,96	0,57	0,37	27	29	09:13:22	169
21:49	0	180	50,7	2812	2657	0,94	39	1944	76,1	14,0	49,5	1,53	0,96	0,57	0,37	27	29	09:13:23	169
21:51	0	180	50,6	2807	2668	0,95	38	1998	76,3	14,0	49,5	1,57	0,99	0,59	0,37	27	29	09:13:25	169
21:53	0	180	50,0	2777	2653	0,96	38	2018	76,1	13,9	49,5	1,59	1,00	0,59	0,37	27	29	09:13:27	169
21:55	0	180	49,6	2752	2634	0,96	37	2045	75,5	13,8	50,0	1,63	1,03	0,60	0,37	27	29	09:13:29	169
21:56	0	180	50,1	2781	2654	0,95	36	2104	75,2	13,9	50,1	1,68	1,04	0,63	0,38	27	28	09:13:30	170
21:58	0	180	50,1	2781	2654	0,95	36	2104	75,2	13,9	50,1	1,68	1,04	0,63	0,38	27	28	09:13:32	170
21:59	0	180	50,8	2820	2667	0,95	36	2080	75,3	14,1	50,1	1,66	1,03	0,63	0,38	27	28	09:13:33	170
22:01	0	180	51,7	2869	2701	0,94	37	2062	76,3	14,3	49,4	1,62	1,01	0,61	0,38	27	28	09:13:35	170
22:02	0	180	52,7	2925	2752	0,94	38	2076	78,0	14,6	48,3	1,60	0,99	0,61	0,38	27	28	09:13:36	170
22:04	0	180	53,5	2969	2792	0,94	39	2057	79,7	14,8	47,1	1,55	0,94	0,61	0,39	27	29	09:13:38	170
22:06	0	180	53,5	2970	2793	0,94	39	2057	79,7	14,8	47,1	1,55	0,94	0,61	0,39	27	29	09:13:40	170
22:07	0	180	53,2	2951	2799	0,95	39	2051	80,6	14,7	46,5	1,53	0,95	0,58	0,38	27	29	09:13:41	170
22:09	0	180	53,2	2952	2799	0,95	39	2051	80,6	14,7	46,5	1,53	0,95	0,58	0,38	27	29	09:13:43	170
22:11	0	180	51,7	2871	2738	0,95	39	2038	79,0	14,4	47,6	1,55	0,97	0,58	0,37	28	29	09:13:45	170
22:13	0	180	52,8	2930	2793	0,95	38	2111	79,6	14,6	47,3	1,59	0,99	0,60	0,38	27	28	09:13:47	170
22:15	0	180	53,3	2961	2801	0,95	38	2075	79,1	14,8	47,6	1,57	0,98	0,60	0,38	27	28	09:13:49	170
22:16	0	180	54,1	3005	2839	0,94	38	2111	80,0	15,0	47,0	1,58	0,99	0,59	0,37	27	28	09:13:50	170
22:18	0	180	55,6	3088	2904	0,94	39	2118	81,6	15,4	45,9	1,56	0,97	0,59	0,38	26	28	09:13:52	170
V02 Max																			
22:19	0	180	56,2	3121	2925	0,94	39	2109	82,6	15,5	45,3	1,53	0,94	0,59	0,39	26	28	09:13:53	170
22:22	0	180	52,1	2890	2740	0,95	35	2218	76,6	14,4	49,2	1,74	1,09	0,64	0,37	27	28	09:13:56	169
22:23	0	180	54,5	3026	2834	0,94	38	2061	79,2	15,1	47,5	1,56	0,97	0,59	0,38	26	28	09:13:57	169
22:25	0	180	53,4	2961	2790	0,94	37	2124	77,8	14,8	48,4	1,64	1,01	0,63	0,38	26	28	09:13:59	169
SV2																			
22:27	0	180	52,6	2922	2758	0,94	37	2108	77,2	14,6	48,8	1,64	1,02	0,62	0,38	26	28	09:14:01	168
22:28	0	180	51,3	2847	2691	0,95	36	2076	74,9	14,2	50,4	1,66	1,03	0,63	0,38	26	28	09:14:02	168
22:30	0	180	50,1	2781	2622	0,94	36	2036	72,6	13,9	51,8	1,68	1,04	0,64	0,38	26	28	09:14:04	168
22:32	0	180	49,3	2733	2570	0,94	36	2005	71,2	13,6	52,8	1,69	1,04	0,65	0,39	26	28	09:14:06	168
22:33	0	180	50,4	2798	2621	0,94	36	2014	73,0	13,9	51,6	1,66	1,02	0,64	0,39	26	28	09:14:07	168
22:34	0	180	51,5	2860	2669	0,93	37	2032	74,3	14,2	50,8	1,64	1,01	0,63	0,38	26	28	09:14:08	168
22:36	0	180	51,8	2872	2657	0,93	38	1977	75,5	14,3	49,9	1,57	0,96	0,61	0,39	26	28	09:14:10	168
22:38	0	180	51,0	2828	2612	0,92	38	1968	74,7	14,0	50,5	1,58	0,97	0,61	0,39	26	29	09:14:12	168
22:39	0	180	52,0	2885	2655	0,92	39	1975	76,6	14,3	49,3	1,55	0,94	0,61	0,39	27	29	09:14:13	168
22:41	0	180	52,6	2919	2692	0,92	39	2001	77,9	14,5	48,4	1,54	0,94	0,60	0,39	27	29	09:14:15	169
22:42	0	180	53,3	2957	2727	0,92	39	2045	78,8	14,7	47,8	1,56	0,93	0,62	0,40	27	29	09:14:16	169
22:44	0	180	53,3	2957	2728	0,92	39	2045	78,8	14,7	47,8	1,56	0,93	0,62	0,40	27	29	09:14:18	169
22:45	0	180	53,0	2941	2731	0,93	38	2072	79,7	14,6	47,2	1,56	0,93	0,63	0,40	27	29	09:14:19	169
22:47	0	180	53,0	2941	2734	0,93	40	2002	79,6	14,6	47,3	1,51	0,91	0,60	0,40	27	29	09:14:21	169
22:48	0	180	52,9	2934	2728	0,93	40	1992	80,1	14,6	46,9	1,49	0,90	0,59	0,40	27	29	09:14:22	169
22:50	0	180	52,7	2924	2733	0,93	40	1997	80,2	14,6	46,8	1,49	0,90	0,59	0,39	27	29	09:14:24	170
22:51	0	180	53,5	2971	2788	0,94	40	2041	80,9	14,8	46,4	1,51	0,92	0,60	0,39	27	29	09:14:25	170
22:53	0	180	53,2	2953	2774	0,94	41	1990	81,1	14,7	46,2	1,47	0,91	0,56	0,38	27	29	09:14:27	170
22:54	0	180	52,3	2901	2734	0,94	41	1962	79,8	14,5	47,1	1,48	0,92	0,56	0,38	27	29	09:14:28	170
22:56	0	180	50,6	2807	2630	0,94	41	1862	77,3	14,0	48,8	1,45	0,90	0,54	0,38	28	29	09:14:30	170
22:58	0	180	49,7	2756	2593	0,94	40	1895	75,5	13,7	49,9	1,51	0,94	0,57	0,38	27	29	09:14:32	170
22:59	0	180	50,8	2821	2653	0,94	40	1931	76,4	14,1	49,3	1,52	0,95	0,57	0,38	27	29	09:14:33	170
23:01	0	180	49,0	2719	2566	0,94	39	1898	74,1	13,6	50,9	1,54	0,96	0,58	0,38	27	29	09:14:35	170
23:02	0	180	49,3	2735	2564	0,94	38	1925	73,3	13,6	51,4	1,58	0,95	0,62	0,39	27	29	09:14:36	170
23:04	0	180	51,6	2863	2653	0,93	39	1954	75,8	14,2	49,7	1,55	0,93	0,61	0,40	26	29	09:14:38	170
23:05	0	180	52,5	2916	2685	0,92	39	1961	77,0	14,5	48,9	1,53	0,92	0,61	0,40	26	29	09:14:39	170
23:07	0	180	53,3	2958	2733	0,92	39	2031	78,3	14,7	48,1	1,56	0,94	0,61	0,39	26	29	09:14:41	170
23:09	0	180	53,2	2954	2724	0,92	38	2037	77,9	14,7	48,3	1,57	0,95	0,62	0,40	26	29	09:14:43	170
23:10	0	180	51,8	2874	2667	0,93	37	2033	75,9	14,3	49,7	1,61	0,98	0,63	0,39	26	28	09:14:44	170
23:12	0	180	51,8	2874	2667	0,93	37	2033	75,9	14,3	49,7	1,61	0,98	0,63	0,39	26	28	09:14:46	170
23:13	0	180	50,3	2791	2602	0,93	38	1995	75,0	13,9	50,3	1,60	0,99	0,60	0,38	27	29	09:14:47	170
23:15	0	180	49,3	2735	2549	0,93	37	1972	72,6	13,6	51,9	1,63	1,02	0,61	0,38	27	28	09:14:49	170
23:17	0	180	49,0	2717	2548	0,94	34	2104	71,6	13,5	52,5	1,76	1,08	0,68	0,39	26	28	09:14:51	170
23:19	0	180	48,9	2716	2548	0,94	34	2104	71,6	13,5	52,5	1,76	1,08	0,68	0,39	26	28	09:14:53	170
23:20	0	180	49,7	2760	2572	0,93	35	2073	72,4	13,7	52,0	1,72	1,05	0,67	0,39	26	28	09:14:54	169
23:22	0	180	49,5	2748	2546	0,93	36	2004	71,4	13,7	52,7	1,68	1,02	0,66	0,39	26	28	09:14:56	169
23:24	0	180	50,0	2775	2562	0,92	36	2019	72,0	13,8	52,3	1,68	1,02	0,67	0,40	26	28	09:14:58	169
23:25	0	180	50,3	2790	2567	0,92	36	1996	72,0	13,8	52,2	1,66	1,00	0,66	0,40	26	28	09:14:59	169
23:27	0	180	51,4	2854	2633	0,92	35	2088	74,0	14,2	50,9	1,69	1,01	0,68	0,40	26	28	09:15:01	169
23:28	0	180	50,8	2818	2572	0,91	38	1915	73,3	14,0	51,4	1,57	0,95	0,61	0,39	26	28	09:15:02	169
23:30	0	180	49,9	2768	2528	0,91	38	1882	71,7	13,7	52,4	1,57	0,96	0,61	0,39	26	28	09:15:04	169
23:31	0	180	49,5	2745	2492	0,91	39	1821	70,7	13,6	53,1	1,55	0,95	0,60	0,39	26	28	09:15:05	169
23:33	0	180	50,5	2803	2531	0,90	39	1817	71,2	13,9	52,8	1,53	0,93	0,60	0,39	25	28	09:15:07	169
23:34	0	180	51,3	2847	2576	0,90	39	1848	72,4	14,1	52,0	1,53	0,93	0,61	0,40	25	28	09:15:08	169
23:36	0	180	51,3	2847	2576	0,90	39	1848	72,4	14,1	52,0	1,53	0,93	0,61	0,40	25	28	09:15:10	169
23:37	0	180	51,3	2849	2586	0,91	40	1835	72,5	14,1	51,9	1,52	0,93	0,59	0,39	25	28	09:15:11	169
23:39	0	180	52,5	2912	2645	0,91	40	1870	74,6	14,4	50,6	1,50	0,92	0,59	0,39	26	28	09:15:13	169
23:40	0	180	52,9	2938	2687	0,91	40	1920	76,2	14,6	49,5	1,51	0,92	0,59	0,39	26	28	09:15:14	169
23:42	0	180	52,9	2938	2687	0,91	40	1920	76,2	14,6	49,5	1,51	0,92	0,59	0,39	26	28	09:15:16	169
23:44	0	180	52,7	2924	2684	0,92	38	1985	76,1	14,5	49,6	1,57	0,91	0,65	0,42	26	28	09:15:18	169
23:45	0	180	53,1	2945	2691	0,91	40	1927	76,9	14,6	49,0	1,50	0,87	0,63	0,42	26	29	09:15:19	170
23:47	0	180	51,8	2877	2661	0,93	39	1969	76,4	14,3	49,4	1,55	0,91	0,64	0,41	27	29	09:15:21	170
23:48	0	180	51,7	2871	2670	0,93	39	1974	77,3	14,3	48,7	1,53	0,90	0,63	0,41	27	29	09:15:22	170
23:49	0	180	51,0	2830	2645	0,93	40	1936	77,2	14,1	48,8	1,50	0,88	0,62	0,41	27	29	09:15:23	171
23:51	0	180	50,0	2774	2600	0,94	38	1985	76,0	13,8	49,6	1,57	0,93	0,63	0,40	27	29	09:15:25	171
23:52	0	180	49,3	2737	2574	0,94	40	1878	75,4	13,6	50,0	1,49	0,89	0,60	0,40	28	29	09:15:26	171
