TEMPS	Vitesse	PUIS.	VO2/KG	VO2	VCO2	Q.R	FR	Vt	VE	KCal	Rés.V.	Ttot	Te	Ti	Ti/Ttot	VE/VO2	VE/VCO2	Horloge	FC
(min)	(RPM)	(Watts)	(mL/kg/min)	(mL/min)	(mL/min)		(br/min)	(mL)	(L/min)	(KCal/min)	(%)	(sec)	(sec)	(sec)				(Minuterie)	(BPM)
0:16	0	100	8,3	672	580	0,86	11	1273	14,1	3,3	91,3	5,40	4,20	1,20	0,22	21	24	07:57:06	75
0:20	0	100	13,4	1083	896	0,83	16	1515	23,7	5,3	85,4	3,83	2,79	1,04	0,27	22	27	07:57:10	102
0:23	0	100	13,4	1084	896	0,83	16	1515	23,7	5,3	85,4	3,83	2,79	1,04	0,27	22	26	07:57:13	102
0:29	0	130	14,4	1168	970	0,83	16	1567	25,8	5,7	84,2	3,65	2,63	1,02	0,28	22	27	07:57:19	96
0:33	0	170	13,3	1080	903	0,84	16	1496	24,1	5,3	85,2	3,73	2,77	0,96	0,26	22	27	07:57:23	98
0:36	0	250	14,2	1152	943	0,82	17	1481	24,7	5,6	84,8	3,60	2,70	0,90	0,25	21	26	07:57:26	99
0:39	0	250	14,6	1179	1009	0,86	15	1836	27,2	5,8	83,3	4,05	2,92	1,13	0,28	23	27	07:57:29	100
0:42	0	250	16,1	1303	1087	0,83	15	1863	28,8	6,3	82,3	3,87	2,73	1,14	0,29	22	27	07:57:32	101
0:44	0	250	17,9	1449	1179	0,81	17	1878	31,1	7,0	80,9	3,63	2,51	1,12	0,31	21	26	07:57:34	100
0:48	0	250	19,1	1549	1226	0,79	16	1919	31,2	7,5	80,8	3,69	2,35	1,34	0,36	20	25	07:57:38	100
0:50	0	250	21,8	1763	1299	0,74	20	1582	31,7	8,4	80,5	2,99	1,91	1,08	0,36	18	24	07:57:40	102
0:53	0	250	23,5	1905	1394	0,73	21	1627	34,5	9,1	78,8	2,83	1,73	1,10	0,39	18	25	07:57:43	104
0:56	0	250	24,7	1999	1447	0,72	21	1720	35,4	9,5	78,3	2,92	1,85	1,07	0,37	18	24	07:57:46	105
0:58	0	250	26,0	2107	1523	0,72	23	1677	38,4	10,0	76,4	2,62	1,82	0,81	0,31	18	25	07:57:48	106
1:01	0	250	27,0	2187	1580	0,72	23	1722	40,1	10,4	75,4	2,58	1,81	0,77	0,30	18	25	07:57:51	106
1:03	0	250	28,0	2271	1666	0,73	24	1789	42,8	10,8	73,7	2,51	1,77	0,74	0,29	19	26	07:57:53	108
1:05	0	250	27,9	2257	1690	0,75	26	1735	44,8	10,8	72,5	2,32	1,61	0,72	0,31	20	27	07:57:55	109
1:08	0	250	27,5	2224	1653	0,74	24	1810	42,9	10,6	73,6	2,53	1,82	0,71	0,28	19	26	07:57:58	111
1:12	0	250	26,5	2150	1613	0,75	23	1797	42,1	10,3	74,1	2,56	1,83	0,73	0,29	20	26	07:58:02	113
1:15	0	220	29,0	2348	1805	0,77	25	1945	48,9	11,3	70,0	2,39	1,60	0,79	0,33	21	27	07:58:05	113
1:17	0	220	29,1	2359	1845	0,78	25	1992	50,6	11,3	68,9	2,36	1,55	0,82	0,35	21	27	07:58:07	113
1:22	0	200	25,4	2061	1565	0,76	22	1800	40,5	9,9	75,1	2,67	1,94	0,73	0,27	20	26	07:58:12	113
1:24	0	200	25,8	2093	1525	0,73	23	1641	38,1	9,9	76,6	2,58	1,94	0,65	0,25	18	25	07:58:14	113
1:26	0	200	30,1	2441	1775	0,73	23	1941	44,2	11,6	72,9	2,64	1,89	0,75	0,29	18	25	07:58:16	113
1:28	0	200	34,4	2787	2056	0,74	23	2255	52,2	13,3	67,9	2,59	1,86	0,74	0,28	19	25	07:58:18	113
1:30	0	200	39,5	3202	2454	0,77	28	2379	66,0	15,3	59,4	2,16	1,40	0,76	0,35	21	27	07:58:20	113
1:32	0	200	37,2	3015	2396	0,79	29	2233	65,8	14,5	59,6	2,04	1,38	0,66	0,32	22	27	07:58:22	113
1:35	0	200	36,4	2949	2393	0,81	29	2222	64,0	14,3	60,7	2,08	1,45	0,64	0,31	22	27	07:58:25	114
1:37	0	200	38,1	3088	2498	0,81	30	2261	67,0	14,9	58,8	2,02	1,39	0,63	0,31	22	27	07:58:27	113
1:40	0	200	35,9	2904	2472	0,85	27	2422	66,2	14,2	59,3	2,20	1,46	0,74	0,34	23	27	07:58:30	114
1:42	0	200	34,2	2770	2398	0,87	28	2269	62,4	13,6	61,6	2,18	1,46	0,72	0,33	23	26	07:58:32	114
1:45	0	200	34,2	2770	2397	0,87	28	2269	62,4	13,6	61,6	2,18	1,46	0,72	0,33	23	26	07:58:35	118
1:47	0	200	33,7	2730	2392	0,88	27	2240	61,0	13,4	62,5	2,20	1,50	0,70	0,32	22	25	07:58:37	118
1:49	0	200	33,7	2732	2374	0,87	28	2156	59,4	13,4	63,5	2,18	1,46	0,72	0,33	22	25	07:58:39	119
1:51	0	200	35,4	2866	2484	0,87	29	2196	62,6	14,0	61,5	2,10	1,40	0,70	0,33	22	25	07:58:41	117
1:54	0	200	35,7	2891	2517	0,87	28	2237	63,5	14,2	61,0	2,11	1,42	0,70	0,33	22	25	07:58:44	116
1:56	0	200	35,7	2892	2517	0,87	28	2237	63,5	14,2	61,0	2,11	1,42	0,70	0,33	22	25	07:58:46	116
1:58	0	200	34,3	2781	2453	0,88	28	2253	62,4	13,7	61,6	2,17	1,44	0,72	0,33	22	25	07:58:48	116
2:01	0	200	33,7	2731	2416	0,88	28	2229	61,5	13,4	62,2	2,18	1,46	0,72	0,33	23	25	07:58:51	116
2:04	0	200	34,1	2766	2433	0,88	27	2268	61,4	13,6	62,3	2,22	1,48	0,74	0,33	22	25	07:58:54	115
2:06	0	180	34,5	2792	2472	0,89	26	2368	62,3	13,7	61,7	2,28	1,51	0,78	0,34	22	25	07:58:56	115
2:08	0	180	34,0	2750	2450	0,89	27	2332	62,6	13,6	61,6	2,24	1,46	0,78	0,35	23	26	07:58:58	115
2:12	0	180	29,4	2384	2118	0,89	24	2257	53,6	11,7	67,1	2,53	1,75	0,78	0,31	22	25	07:59:02	115
2:14	0	180	31,5	2553	2230	0,87	24	2337	55,0	12,5	66,2	2,55	1,83	0,72	0,28	22	25	07:59:04	114
2:17	0	180	29,8	2416	2088	0,86	23	2222	51,3	11,8	68,5	2,60	1,88	0,72	0,28	21	25	07:59:07	114
2:19	0	180	36,1	2922	2531	0,87	25	2481	62,5	14,3	61,6	2,38	1,60	0,78	0,33	21	25	07:59:09	113
2:24	0	180	29,8	2416	2089	0,86	23	2222	51,3	11,8	68,5	2,60	1,88	0,72	0,28	21	25	07:59:14	113
2:26	0	180	30,6	2475	2119	0,86	23	2251	51,3	12,1	68,5	2,63	1,91	0,73	0,28	21	24	07:59:16	113
2:29	0	180	32,4	2625	2276	0,87	21	2590	55,0	12,9	66,2	2,82	2,02	0,80	0,28	21	24	07:59:19	111
2:31	0	180	35,7	2893	2535	0,88	23	2651	62,2	14,2	61,8	2,56	1,77	0,78	0,31	22	25	07:59:21	110
2:34	0	180	29,5	2388	2094	0,88	20	2506	51,1	11,7	68,6	2,94	2,16	0,78	0,27	21	24	07:59:24	107
2:37	0	180	29,7	2404	2089	0,87	19	2588	49,7	11,8	69,4	3,12	2,40	0,72	0,23	21	24	07:59:27	107
2:40	0	180	29,7	2403	2089	0,87	19	2588	49,7	11,8	69,4	3,12	2,40	0,72	0,23	21	24	07:59:30	107
2:43	0	180	33,7	2726	2401	0,88	22	2635	59,1	13,4	63,7	2,67	1,90	0,77	0,29	22	25	07:59:33	106
2:46	0	180	29,0	2347	2070	0,88	21	2441	50,7	11,5	68,9	2,89	2,21	0,68	0,24	22	24	07:59:36	107
2:48	0	180	27,3	2210	1890	0,86	23	2005	45,5	10,8	72,0	2,64	2,07	0,57	0,22	21	24	07:59:38	106
2:50	0	180	27,2	2200	1844	0,84	23	1907	43,6	10,7	73,2	2,62	2,05	0,58	0,22	20	24	07:59:40	112
2:53	0	180	30,8	2498	2097	0,84	25	2001	49,7	12,2	69,5	2,42	1,80	0,61	0,25	20	24	07:59:43	136
2:55	0	180	31,2	2525	2149	0,85	27	1969	52,5	12,3	67,8	2,25	1,55	0,70	0,31	21	24	07:59:45	135
2:59	0	180	27,5	2227	1862	0,84	23	1872	43,9	10,8	73,0	2,56	1,90	0,66	0,26	20	24	07:59:49	127
3:01	0	180	27,4	2223	1873	0,84	22	1986	43,5	10,8	73,3	2,74	2,05	0,69	0,25	20	23	07:59:51	135
3:04	0	180	31,1	2522	2112	0,84	26	1922	49,8	12,3	69,4	2,32	1,63	0,68	0,30	20	24	07:59:54	112
3:07	0	180	31,1	2522	2161	0,86	24	2103	51,5	12,3	68,4	2,45	1,72	0,73	0,30	20	24	07:59:57	106
3:11	0	180	28,2	2287	1973	0,86	21	2138	45,7	11,2	71,9	2,81	2,04	0,77	0,27	20	23	08:00:01	106
3:13	0	180	28,2	2281	1982	0,87	21	2194	46,2	11,2	71,6	2,85	2,02	0,83	0,29	20	23	08:00:03	107
3:16	0	180	29,5	2386	2091	0,88	21	2305	49,1	11,7	69,8	2,82	1,99	0,82	0,29	21	23	08:00:06	105
3:18	0	180	32,3	2615	2314	0,88	24	2360	56,0	12,9	65,6	2,53	1,72	0,81	0,32	21	24	08:00:08	104
3:21	0	180	31,3	2532	2272	0,90	24	2355	55,5	12,5	65,9	2,54	1,72	0,82	0,32	22	24	08:00:11	106
3:23	0	180	30,5	2468	2208	0,89	23	2275	53,4	12,2	67,2	2,55	1,74	0,82	0,32	22	24	08:00:13	107
3:27	0	180	30,5	2467	2208	0,89	23	2275	53,4	12,2	67,2	2,55	1,74	0,82	0,32	22	24	08:00:17	107
3:29	0	180	30,5	2467	2208	0,89	23	2275	53,4	12,2	67,2	2,55	1,74	0,82	0,32	22	24	08:00:19	105
3:32	0	180	29,5	2393	2147	0,90	24	2163	52,1	11,8	68,0	2,49	1,70	0,79	0,32	22	24	08:00:22	105
3:34	0	180	28,4	2297	2046	0,89	24	2038	49,4	11,3	69,7	2,48	1,69	0,79	0,32	21	24	08:00:24	108
3:36	0	180	28,8	2335	2055	0,88	25	1998	49,5	11,5	69,6	2,42	1,63	0,79	0,33	21	24	08:00:26	108
3:39	0	180	29,3	2376	2081	0,88	25	2026	50,5	11,7	69,0	2,41	1,61	0,80	0,33	21	24	08:00:29	107
3:42	0	180	28,5	2309	2036	0,88	25	2019	49,8	11,4	69,4	2,43	1,63	0,80	0,33	22	24	08:00:32	107
3:44	0	180	27,8	2253	1984	0,88	25	1974	48,5	11,1	70,2	2,44	1,67	0,77	0,32	22	24	08:00:34	108
3:46	0	180	28,3	2290	1981	0,87	25	1907	48,3	11,2	70,3	2,37	1,65	0,71	0,30	21	24	08:00:36	108
3:50	0	180	29,0	2346	2022	0,86	26	1947	50,0	11,5	69,3	2,34	1,62	0,72	0,31	21	25	08:00:40	112
3:52	0	180	28,2	2283	1978	0,87	25	1942	49,4	11,2	69,6	2,36	1,65	0,70	0,30	22	25	08:00:42	122
3:55	0	180	27,5	2229	1935	0,87	25	1920	48,0	10,9	70,5	2,40	1,70	0,70	0,29	22	25	08:00:45	115
3:58	0	180	26,5	2147	1856	0,86	25	1853	45,7	10,5	71,9	2,43	1,74	0,70	0,29	21	25	08:00:48	108
4:01	0	180	27,7	2246	1992	0,89	23	2183	50,1	11,1	69,2	2,62	1,80	0,81	0,31	22	25	08:00:51	107
4:04	0	180	29,0	2350	2050	0,87	23	2241	50,7	11,5	68,8	2,65	1,78	0,87	0,33	22	25	08:00:54	107
4:08	0	190	27,0	2185	1884	0,86	20	2253	45,7	10,7	71,9	2,96	2,02	0,94	0,32	21	24	08:00:58	108
4:10	0	190	28,0	2271	1879	0,83	22	1983	44,5	11,0	72,7	2,67	1,85	0,82	0,31	20	24	08:01:00	108
4:13	0	190	30,8	2493	2085	0,84	22	2309	50,0	12,1	69,3	2,77	1,87	0,91	0,33	20	24	08:01:03	108
4:15	0	200	31,1	2519	2107	0,84	22	2320	50,8	12,3	68,8	2,74	1,85	0,90	0,33	20	24	08:01:05	109
4:17	0	200	34,5	2797	2375	0,85	25	2345	58,4	13,7	64,1	2,41	1,55	0,86	0,36	21	25	08:01:07	110
4:19	0	200	34,3	2776	2389	0,86	26	2303	59,3	13,6	63,5	2,33	1,51	0,82	0,35	21	25	08:01:09	111
4:22	0	200	31,5	2550	2178	0,85	27	2021	53,7	12,5	67,0	2,26	1,51	0,75	0,33	21	25	08:01:12	111
4:25	0	200	33,5	2712	2311	0,85	27	2100	56,7	13,2	65,2	2,22	1,48	0,74	0,33	21	25	08:01:15	112
4:27	0	200	32,7	2653	2296	0,87	27	2118	56,6	13,0	65,2	2,25	1,50	0,75	0,33	21	25	08:01:17	113
4:29	0	200	32,2	2610	2262	0,87	27	2057	56,3	12,8	65,4	2,19	1,46	0,73	0,33	22	25	08:01:19	113
4:31	0	210	33,1	2678	2323	0,87	27	2108	57,9	13,1	64,4	2,18	1,44	0,74	0,34	22	25	08:01:21	113
4:34	0	210	32,8	2654	2311	0,87	27	2165	57,7	13,0	64,5	2,25	1,48	0,77	0,34	22	25	08:01:24	114
4:37	0	210	33,2	2691	2350	0,87	26	2271	58,5	13,2	64,1	2,33	1,54	0,79	0,34	22	25	08:01:27	114
4:39	0	220	33,2	2691	2350	0,87	26	2271	58,5	13,2	64,1	2,33	1,54	0,79	0,34	22	25	08:01:29	114
4:43	0	220	31,0	2512	2206	0,88	26	2163	55,5	12,3	65,9	2,34	1,57	0,77	0,33	22	25	08:01:33	114
4:45	0	230	31,8	2578	2317	0,90	24	2473	58,8	12,7	63,8	2,52	1,66	0,86	0,34	23	25	08:01:35	114
4:48	0	230	33,8	2738	2390	0,87	24	2463	59,2	13,4	63,6	2,50	1,67	0,83	0,33	22	25	08:01:38	114
4:50	0	230	33,8	2738	2382	0,87	24	2478	59,4	13,4	63,5	2,50	1,69	0,81	0,32	22	25	08:01:40	115
4:53	0	230	34,5	2797	2422	0,87	24	2487	60,5	13,7	62,9	2,47	1,67	0,80	0,32	22	25	08:01:43	115
Départ Exercice																			
4:55	0	250	33,4	2708	2285	0,84	26	2151	56,3	13,2	65,4	2,29	1,61	0,69	0,30	21	25	08:01:45	118
4:57	0	250	35,1	2843	2386	0,84	27	2182	58,5	13,8	64,0	2,24	1,56	0,68	0,30	21	25	08:01:47	118
5:00	0	250	35,8	2899	2431	0,84	27	2235	59,5	14,1	63,4	2,25	1,55	0,70	0,31	21	24	08:01:50	119
5:02	0	250	33,9	2744	2350	0,86	26	2236	58,7	13,4	63,9	2,28	1,56	0,73	0,32	21	25	08:01:52	119
5:04	0	250	33,2	2688	2305	0,86	26	2182	57,8	13,1	64,5	2,27	1,56	0,70	0,31	21	25	08:01:54	119
5:06	0	250	33,5	2716	2329	0,86	26	2189	57,7	13,3	64,6	2,28	1,56	0,72	0,32	21	25	08:01:56	119
5:09	0	250	34,9	2828	2388	0,84	27	2171	58,6	13,8	64,0	2,22	1,52	0,71	0,32	21	25	08:01:59	121
5:12	0	250	35,8	2903	2442	0,84	27	2184	59,9	14,1	63,2	2,19	1,49	0,70	0,32	21	25	08:02:02	121
SV1																			
5:14	0	250	36,0	2915	2438	0,84	28	2153	59,9	14,2	63,2	2,16	1,47	0,69	0,32	21	25	08:02:04	123
5:16	0	250	36,9	2991	2489	0,83	29	2134	61,0	14,5	62,5	2,10	1,44	0,66	0,31	20	25	08:02:06	123
5:18	0	250	37,6	3047	2528	0,83	29	2129	61,5	14,8	62,2	2,08	1,42	0,66	0,32	20	24	08:02:08	123
5:20	0	250	39,4	3191	2640	0,83	29	2183	63,9	15,5	60,7	2,05	1,39	0,66	0,32	20	24	08:02:10	123
5:23	0	250	37,5	3035	2537	0,84	29	2150	61,8	14,8	62,0	2,09	1,42	0,66	0,32	20	24	08:02:13	123
5:25	0	250	37,5	3035	2537	0,84	29	2150	61,8	14,8	62,0	2,09	1,42	0,66	0,32	20	24	08:02:15	123
5:27	0	250	39,1	3167	2644	0,83	29	2217	64,7	15,4	60,2	2,06	1,37	0,69	0,33	20	24	08:02:17	122
5:29	0	250	38,8	3141	2634	0,84	28	2247	63,5	15,3	61,0	2,12	1,40	0,72	0,34	20	24	08:02:19	124
5:31	0	250	39,5	3197	2682	0,84	29	2229	64,9	15,6	60,1	2,06	1,35	0,71	0,34	20	24	08:02:21	125
5:33	0	250	40,5	3283	2777	0,85	30	2285	68,2	16,0	58,1	2,01	1,30	0,71	0,35	21	25	08:02:23	127
5:35	0	250	40,5	3278	2817	0,86	29	2378	69,6	16,0	57,2	2,05	1,33	0,72	0,35	21	25	08:02:25	127
5:37	0	250	42,1	3413	2957	0,87	30	2472	73,9	16,7	54,6	2,01	1,30	0,71	0,35	22	25	08:02:27	127
5:39	0	250	42,0	3398	2969	0,87	30	2464	73,5	16,7	54,8	2,01	1,32	0,69	0,34	22	25	08:02:29	128
5:41	0	250	41,6	3371	2961	0,88	29	2499	73,7	16,6	54,7	2,03	1,33	0,71	0,35	22	25	08:02:31	129
5:44	0	250	42,7	3461	3027	0,87	30	2488	75,1	17,0	53,9	1,99	1,29	0,69	0,35	22	25	08:02:34	127
5:48	0	250	41,6	3372	2983	0,88	29	2553	73,9	16,6	54,6	2,07	1,35	0,72	0,35	22	25	08:02:38	127
5:50	0	250	42,4	3431	2985	0,87	29	2520	73,0	16,8	55,2	2,07	1,35	0,72	0,35	21	24	08:02:40	127
5:52	0	250	42,4	3434	3042	0,89	27	2754	74,8	16,9	54,0	2,21	1,42	0,79	0,36	22	25	08:02:42	125
5:54	0	250	43,3	3507	3096	0,88	28	2722	76,4	17,3	53,0	2,14	1,37	0,77	0,36	22	25	08:02:44	125
5:56	0	250	42,2	3416	3025	0,89	28	2659	75,4	16,8	53,7	2,12	1,36	0,76	0,36	22	25	08:02:46	124
5:58	0	250	41,4	3351	2952	0,88	29	2535	73,5	16,5	54,9	2,07	1,34	0,73	0,35	22	25	08:02:48	124
6:00	0	250	39,5	3196	2750	0,86	31	2196	67,1	15,6	58,8	1,96	1,30	0,66	0,34	21	24	08:02:50	123
6:02	0	250	41,9	3396	2903	0,85	31	2265	70,8	16,6	56,5	1,92	1,25	0,67	0,35	21	24	08:02:52	123
6:05	0	250	41,2	3341	2953	0,88	28	2584	73,1	16,4	55,1	2,12	1,36	0,77	0,36	22	25	08:02:55	126
6:07	0	250	40,9	3312	2896	0,87	31	2345	71,8	16,3	55,9	1,96	1,29	0,67	0,34	22	25	08:02:57	126
6:09	0	250	40,3	3262	2852	0,87	30	2350	70,5	16,0	56,7	2,00	1,32	0,68	0,34	22	25	08:02:59	127
6:12	0	250	39,8	3227	2807	0,87	29	2371	68,2	15,8	58,1	2,09	1,39	0,70	0,34	21	24	08:03:02	128
6:14	0	250	40,8	3302	2844	0,86	28	2438	68,2	16,2	58,1	2,15	1,42	0,73	0,34	21	24	08:03:04	129
6:16	0	250	42,3	3427	2946	0,86	29	2475	71,3	16,8	56,2	2,08	1,36	0,73	0,35	21	24	08:03:06	129
6:19	0	250	40,8	3307	2870	0,87	27	2549	69,3	16,2	57,4	2,21	1,44	0,76	0,35	21	24	08:03:09	129
6:22	0	250	40,6	3289	2897	0,88	25	2822	69,7	16,2	57,2	2,43	1,55	0,88	0,36	21	24	08:03:12	129
6:24	0	250	40,8	3305	2900	0,88	25	2794	69,2	16,2	57,5	2,42	1,55	0,87	0,36	21	24	08:03:14	129
6:26	0	250	41,1	3332	2922	0,88	25	2775	69,6	16,4	57,3	2,39	1,53	0,87	0,36	21	24	08:03:16	129
6:28	0	250	41,4	3351	2929	0,87	26	2665	69,7	16,5	57,2	2,29	1,46	0,84	0,37	21	24	08:03:18	129
6:30	0	250	40,3	3265	2890	0,89	25	2760	69,0	16,1	57,6	2,40	1,53	0,87	0,36	21	24	08:03:20	129
6:33	0	250	38,3	3099	2690	0,87	27	2339	63,7	15,2	60,8	2,20	1,45	0,75	0,34	21	24	08:03:23	129
6:35	0	250	39,4	3188	2792	0,88	26	2535	66,6	15,7	59,1	2,28	1,46	0,82	0,36	21	24	08:03:25	129
6:38	0	250	40,5	3282	2854	0,87	27	2530	68,9	16,1	57,6	2,20	1,42	0,78	0,36	21	24	08:03:28	128
6:40	0	250	40,6	3290	2864	0,87	28	2515	69,8	16,1	57,1	2,16	1,39	0,77	0,36	21	24	08:03:30	128
6:41	0	250	40,3	3261	2848	0,87	28	2517	69,6	16,0	57,2	2,17	1,42	0,75	0,35	21	24	08:03:31	128
6:43	0	250	39,8	3226	2816	0,87	28	2471	70,1	15,8	56,9	2,11	1,38	0,73	0,35	22	25	08:03:33	128
6:45	0	250	41,5	3364	2969	0,88	29	2608	74,8	16,5	54,0	2,09	1,37	0,73	0,35	22	25	08:03:35	128
6:47	0	250	42,6	3451	3059	0,89	28	2687	76,4	17,0	53,1	2,11	1,39	0,72	0,34	22	25	08:03:37	127
6:50	0	250	41,2	3339	3006	0,90	27	2701	74,3	16,5	54,4	2,18	1,43	0,75	0,34	22	25	08:03:40	128
6:53	0	250	40,0	3241	2927	0,90	27	2671	71,8	16,0	55,9	2,23	1,47	0,77	0,34	22	25	08:03:43	128
6:55	0	250	39,2	3177	2811	0,88	30	2331	69,2	15,6	57,5	2,02	1,36	0,66	0,33	22	25	08:03:45	128
6:57	0	250	39,7	3218	2834	0,88	30	2355	69,6	15,8	57,2	2,03	1,35	0,68	0,34	22	25	08:03:47	127
6:59	0	250	40,8	3308	2960	0,89	27	2685	72,5	16,3	55,5	2,22	1,43	0,79	0,36	22	24	08:03:49	127
7:00	0	250	41,4	3353	2987	0,89	27	2673	73,1	16,5	55,1	2,19	1,41	0,79	0,36	22	24	08:03:50	127
7:02	0	250	41,3	3347	2974	0,89	28	2652	73,2	16,5	55,0	2,17	1,39	0,78	0,36	22	25	08:03:52	127
7:04	0	250	40,9	3316	2896	0,87	31	2361	72,0	16,3	55,7	1,97	1,29	0,68	0,34	22	25	08:03:54	127
7:07	0	250	41,6	3371	3009	0,89	28	2678	75,4	16,6	53,7	2,13	1,35	0,78	0,37	22	25	08:03:57	127
7:09	0	250	41,6	3372	3010	0,89	28	2678	75,4	16,6	53,7	2,13	1,35	0,78	0,37	22	25	08:03:59	127
7:11	0	250	40,6	3290	2961	0,90	28	2638	74,8	16,2	54,0	2,12	1,35	0,77	0,36	23	25	08:04:01	129
7:13	0	250	39,8	3220	2851	0,89	31	2326	71,8	15,9	55,9	1,94	1,30	0,65	0,33	22	25	08:04:03	129
7:16	0	250	37,7	3054	2699	0,88	30	2214	67,1	15,0	58,8	1,98	1,34	0,64	0,32	22	25	08:04:06	129
7:18	0	250	38,1	3090	2783	0,90	28	2496	69,3	15,3	57,4	2,16	1,41	0,75	0,35	22	25	08:04:08	129
7:20	0	250	39,9	3233	2911	0,90	26	2762	72,6	16,0	55,4	2,28	1,46	0,82	0,36	22	25	08:04:10	129
7:22	0	250	39,1	3165	2806	0,89	28	2476	70,0	15,6	57,0	2,12	1,41	0,72	0,34	22	25	08:04:12	129
7:24	0	250	39,4	3189	2803	0,88	28	2452	69,7	15,7	57,2	2,11	1,40	0,71	0,34	22	25	08:04:14	130
7:26	0	250	40,2	3257	2851	0,88	28	2498	71,0	16,0	56,4	2,11	1,38	0,74	0,35	22	25	08:04:16	130
7:30	0	250	41,9	3393	3026	0,89	26	2936	75,3	16,7	53,8	2,34	1,44	0,90	0,38	22	25	08:04:20	130
7:32	0	250	41,9	3393	3026	0,89	26	2936	75,3	16,7	53,8	2,34	1,44	0,90	0,38	22	25	08:04:22	130
7:33	0	250	41,0	3324	2936	0,88	28	2617	72,3	16,4	55,6	2,17	1,36	0,81	0,37	22	25	08:04:23	130
7:35	0	250	40,7	3299	2921	0,89	28	2627	72,3	16,2	55,6	2,18	1,37	0,81	0,37	22	25	08:04:25	130
7:37	0	250	41,1	3327	2925	0,88	28	2569	71,4	16,4	56,2	2,16	1,36	0,80	0,37	21	24	08:04:27	130
7:39	0	250	41,7	3380	2961	0,88	28	2575	72,0	16,6	55,8	2,15	1,35	0,79	0,37	21	24	08:04:29	130
7:43	0	250	40,7	3296	2890	0,88	28	2526	69,8	16,2	57,1	2,17	1,38	0,79	0,36	21	24	08:04:33	130
7:45	0	250	41,0	3320	2794	0,84	31	2188	68,0	16,2	58,2	1,93	1,30	0,63	0,33	20	24	08:04:35	129
7:47	0	250	42,5	3441	2876	0,84	32	2183	70,0	16,7	57,0	1,87	1,25	0,62	0,33	20	24	08:04:37	129
7:49	0	250	42,3	3430	2884	0,84	32	2229	71,2	16,7	56,2	1,88	1,25	0,62	0,33	21	25	08:04:39	129
7:51	0	250	42,5	3442	2918	0,85	32	2278	72,5	16,8	55,5	1,89	1,25	0,63	0,34	21	25	08:04:41	129
7:53	0	250	42,6	3449	2959	0,86	31	2374	74,7	16,9	54,1	1,91	1,27	0,64	0,34	22	25	08:04:43	129
7:55	0	250	41,7	3376	2928	0,87	31	2402	74,0	16,6	54,5	1,95	1,29	0,65	0,34	22	25	08:04:45	129
7:57	0	250	41,7	3376	2928	0,87	31	2402	74,0	16,6	54,5	1,95	1,29	0,65	0,34	22	25	08:04:47	129
7:59	0	250	41,3	3346	2964	0,89	31	2441	75,1	16,5	53,8	1,95	1,29	0,66	0,34	22	25	08:04:49	129
8:01	0	250	40,9	3313	2932	0,89	30	2440	72,7	16,3	55,3	2,01	1,32	0,70	0,35	22	25	08:04:51	129
8:03	0	250	40,9	3312	2932	0,89	30	2440	72,7	16,3	55,3	2,01	1,32	0,70	0,35	22	25	08:04:53	129
8:05	0	250	40,3	3264	2887	0,88	29	2449	71,4	16,1	56,1	2,06	1,36	0,70	0,34	22	25	08:04:55	129
8:08	0	250	40,5	3281	2940	0,90	27	2725	72,7	16,2	55,4	2,25	1,45	0,80	0,36	22	25	08:04:58	128
8:10	0	250	40,6	3286	2944	0,90	26	2755	72,8	16,2	55,3	2,27	1,48	0,80	0,35	22	25	08:05:00	130
8:12	0	250	40,6	3286	2944	0,90	26	2755	72,8	16,2	55,3	2,27	1,48	0,80	0,35	22	25	08:05:02	130
8:14	0	250	39,6	3211	2876	0,90	26	2686	71,1	15,8	56,3	2,27	1,49	0,78	0,34	22	25	08:05:04	130
8:18	0	250	39,1	3167	2834	0,89	26	2649	70,0	15,6	57,0	2,27	1,50	0,77	0,34	22	25	08:05:08	130
8:20	0	250	39,1	3167	2834	0,89	26	2649	70,0	15,6	57,0	2,27	1,50	0,77	0,34	22	25	08:05:10	130
8:22	0	250	40,7	3296	2874	0,87	27	2614	69,5	16,2	57,3	2,26	1,47	0,78	0,35	21	24	08:05:12	130
8:24	0	250	40,0	3241	2760	0,85	29	2314	66,4	15,8	59,2	2,09	1,39	0,70	0,34	20	24	08:05:14	130
8:26	0	250	40,5	3284	2772	0,84	29	2277	66,5	16,0	59,1	2,05	1,35	0,70	0,34	20	24	08:05:16	130
8:28	0	250	41,2	3333	2819	0,85	29	2310	67,9	16,3	58,3	2,04	1,32	0,72	0,35	20	24	08:05:18	130
8:30	0	250	41,2	3335	2829	0,85	30	2339	69,4	16,3	57,3	2,02	1,30	0,72	0,36	21	25	08:05:20	130
8:33	0	250	41,7	3378	2932	0,87	27	2636	72,4	16,6	55,5	2,19	1,39	0,80	0,37	21	25	08:05:23	131
8:35	0	250	39,7	3215	2854	0,89	27	2652	71,7	15,8	55,9	2,22	1,42	0,80	0,36	22	25	08:05:25	129
8:37	0	250	40,2	3254	2808	0,86	30	2300	69,6	15,9	57,2	1,98	1,29	0,69	0,35	21	25	08:05:27	129
8:39	0	250	40,2	3255	2806	0,86	31	2240	69,2	15,9	57,5	1,94	1,29	0,65	0,34	21	25	08:05:29	128
8:41	0	250	40,2	3253	2875	0,88	28	2567	71,5	16,0	56,1	2,15	1,40	0,75	0,35	22	25	08:05:31	128
8:43	0	250	40,7	3299	2903	0,88	28	2595	72,0	16,2	55,8	2,16	1,41	0,75	0,35	22	25	08:05:33	128
8:45	0	250	40,5	3282	2887	0,88	28	2554	71,7	16,1	55,9	2,14	1,39	0,74	0,35	22	25	08:05:35	128
8:47	0	250	39,8	3224	2759	0,86	31	2201	68,1	15,8	58,2	1,94	1,29	0,65	0,33	21	25	08:05:37	128
8:49	0	250	40,8	3304	2814	0,85	31	2239	69,6	16,1	57,2	1,93	1,27	0,66	0,34	21	25	08:05:39	128
8:51	0	250	40,2	3257	2777	0,85	31	2257	69,5	15,9	57,3	1,95	1,28	0,67	0,35	21	25	08:05:41	128
8:52	0	250	41,5	3360	2875	0,86	31	2305	72,4	16,4	55,5	1,91	1,23	0,68	0,35	22	25	08:05:42	128
8:54	0	250	40,9	3317	2842	0,86	32	2252	71,9	16,2	55,8	1,88	1,23	0,65	0,35	22	25	08:05:44	128
8:57	0	250	38,9	3147	2706	0,86	30	2241	67,9	15,4	58,3	1,98	1,31	0,67	0,34	22	25	08:05:47	129
9:00	0	250	39,6	3204	2781	0,87	27	2541	68,9	15,7	57,7	2,21	1,45	0,76	0,35	22	25	08:05:50	128
9:02	0	250	40,7	3295	2847	0,86	28	2532	70,0	16,1	57,0	2,17	1,42	0,75	0,34	21	25	08:05:52	129
9:04	0	250	39,8	3221	2777	0,86	28	2468	67,9	15,8	58,3	2,18	1,44	0,74	0,34	21	24	08:05:54	130
9:06	0	250	38,5	3116	2702	0,87	27	2486	66,0	15,3	59,4	2,26	1,49	0,77	0,34	21	24	08:05:56	131
9:10	0	250	37,0	2999	2583	0,86	25	2497	62,0	14,7	61,9	2,42	1,63	0,79	0,33	21	24	08:06:00	130
9:11	0	250	37,0	2998	2582	0,86	25	2497	62,0	14,7	61,9	2,42	1,63	0,79	0,33	21	24	08:06:01	130
9:14	0	250	39,1	3166	2693	0,85	25	2535	64,3	15,5	60,5	2,36	1,59	0,78	0,33	20	24	08:06:04	130
9:15	0	250	40,5	3284	2709	0,82	28	2282	64,3	15,9	60,5	2,13	1,46	0,67	0,31	20	24	08:06:05	130
9:17	0	250	40,9	3314	2739	0,83	29	2293	65,8	16,1	59,5	2,09	1,43	0,66	0,31	20	24	08:06:07	130
9:19	0	250	41,3	3348	2797	0,84	29	2372	67,7	16,3	58,4	2,10	1,43	0,67	0,32	20	24	08:06:09	130
9:21	0	250	43,6	3529	2974	0,84	30	2412	72,8	17,2	55,3	1,99	1,32	0,67	0,34	21	24	08:06:11	130
9:24	0	250	43,5	3526	3014	0,85	28	2643	73,8	17,2	54,6	2,15	1,40	0,75	0,35	21	24	08:06:14	130
9:26	0	250	41,9	3398	2958	0,87	28	2642	73,0	16,7	55,1	2,17	1,41	0,76	0,35	22	25	08:06:16	130
9:28	0	250	40,2	3256	2865	0,88	28	2565	70,6	16,0	56,6	2,18	1,42	0,76	0,35	22	25	08:06:18	130
9:32	0	250	39,8	3227	2862	0,89	25	2813	70,6	15,9	56,6	2,39	1,51	0,88	0,37	22	25	08:06:22	130
9:34	0	250	39,6	3204	2826	0,88	25	2776	69,2	15,8	57,5	2,41	1,52	0,88	0,37	22	24	08:06:24	130
9:36	0	250	38,5	3116	2744	0,88	25	2722	66,8	15,3	59,0	2,45	1,57	0,88	0,36	21	24	08:06:26	131
9:39	0	250	38,5	3116	2744	0,88	25	2722	66,8	15,3	59,0	2,45	1,57	0,88	0,36	21	24	08:06:29	130
9:40	0	250	39,5	3202	2736	0,85	26	2510	65,7	15,7	59,6	2,29	1,49	0,80	0,35	21	24	08:06:30	130
9:43	0	250	40,7	3300	2817	0,85	26	2616	68,6	16,1	57,9	2,29	1,47	0,81	0,36	21	24	08:06:33	129
9:45	0	250	41,0	3322	2828	0,85	26	2638	69,4	16,2	57,3	2,28	1,48	0,80	0,35	21	25	08:06:35	130
9:48	0	250	39,7	3217	2672	0,83	27	2381	63,2	15,6	61,2	2,26	1,60	0,66	0,29	20	24	08:06:38	130
9:49	0	250	40,9	3315	2747	0,83	27	2466	65,7	16,1	59,6	2,25	1,57	0,68	0,30	20	24	08:06:39	129
9:51	0	250	44,1	3570	2960	0,83	30	2448	73,0	17,4	55,1	2,01	1,33	0,68	0,34	20	25	08:06:41	131
9:53	0	250	43,4	3517	2963	0,84	31	2445	74,6	17,1	54,2	1,97	1,30	0,67	0,34	21	25	08:06:43	131
9:55	0	250	42,1	3409	2899	0,85	31	2368	73,2	16,7	55,1	1,94	1,30	0,64	0,33	21	25	08:06:45	131
9:57	0	250	42,1	3414	2911	0,85	32	2293	73,0	16,7	55,1	1,88	1,25	0,63	0,34	21	25	08:06:47	131
9:59	0	250	42,8	3465	2959	0,85	32	2286	74,0	16,9	54,5	1,85	1,23	0,63	0,34	21	25	08:06:49	134
10:01	0	250	42,8	3465	2959	0,85	32	2286	74,0	16,9	54,5	1,85	1,23	0,63	0,34	21	25	08:06:51	133
10:04	0	250	42,3	3428	2997	0,87	30	2529	76,2	16,8	53,2	1,99	1,29	0,70	0,35	22	25	08:06:54	133
10:05	0	250	41,3	3343	2892	0,87	32	2270	73,5	16,4	54,8	1,85	1,22	0,63	0,34	22	25	08:06:55	135
10:07	0	250	40,5	3284	2840	0,86	33	2216	72,1	16,1	55,7	1,84	1,23	0,61	0,33	22	25	08:06:57	136
10:09	0	250	41,0	3319	2874	0,87	33	2245	73,0	16,3	55,2	1,85	1,23	0,62	0,33	22	25	08:06:59	134
10:11	0	250	40,6	3287	2854	0,87	32	2254	72,9	16,1	55,2	1,86	1,23	0,62	0,34	22	26	08:07:01	134
10:13	0	250	40,6	3289	2905	0,88	30	2480	75,1	16,2	53,8	1,98	1,31	0,67	0,34	23	26	08:07:03	134
10:16	0	250	40,6	3289	2905	0,88	30	2480	75,1	16,2	53,8	1,98	1,31	0,67	0,34	23	26	08:07:06	133
10:18	0	250	41,2	3339	2888	0,86	32	2300	73,3	16,4	54,9	1,88	1,24	0,64	0,34	22	25	08:07:08	131
10:21	0	250	40,9	3312	2900	0,88	28	2627	72,9	16,3	55,2	2,16	1,39	0,77	0,36	22	25	08:07:11	130
10:23	0	250	39,3	3187	2776	0,87	26	2599	68,8	15,6	57,8	2,27	1,49	0,78	0,34	22	25	08:07:13	130
10:25	0	250	39,6	3207	2753	0,86	26	2575	67,2	15,7	58,7	2,30	1,50	0,80	0,35	21	24	08:07:15	130
10:28	0	250	40,6	3291	2786	0,85	26	2603	66,8	16,1	59,0	2,34	1,54	0,79	0,34	20	24	08:07:18	130
10:31	0	250	37,6	3043	2580	0,85	25	2481	61,5	14,9	62,2	2,42	1,66	0,76	0,31	20	24	08:07:21	132
10:33	0	250	40,6	3289	2785	0,85	26	2603	66,8	16,1	59,0	2,34	1,54	0,79	0,34	20	24	08:07:23	132
10:35	0	250	41,2	3335	2784	0,83	26	2570	66,0	16,2	59,4	2,34	1,56	0,77	0,33	20	24	08:07:25	132
10:36	0	250	42,2	3421	2787	0,81	29	2279	66,2	16,6	59,3	2,07	1,41	0,66	0,32	19	24	08:07:26	132
10:38	0	250	45,2	3660	3003	0,82	30	2423	72,6	17,8	55,4	2,00	1,33	0,67	0,33	20	24	08:07:28	132
10:41	0	250	44,1	3569	2987	0,84	30	2490	74,0	17,4	54,5	2,02	1,35	0,67	0,33	21	25	08:07:31	133
10:43	0	250	43,1	3491	2974	0,85	30	2499	74,8	17,1	54,0	2,00	1,33	0,68	0,34	21	25	08:07:33	133
10:45	0	250	44,0	3566	3023	0,85	30	2481	75,6	17,4	53,5	1,97	1,30	0,67	0,34	21	25	08:07:35	133
10:47	0	250	42,8	3471	3060	0,88	28	2764	78,7	17,1	51,6	2,11	1,35	0,76	0,36	23	26	08:07:37	133
10:49	0	250	41,2	3335	2964	0,89	28	2722	76,8	16,4	52,8	2,13	1,37	0,76	0,36	23	26	08:07:39	133
10:52	0	250	39,2	3179	2856	0,90	27	2680	73,6	15,7	54,8	2,19	1,43	0,76	0,35	23	26	08:07:42	133
10:54	0	250	37,9	3066	2697	0,88	29	2398	68,5	15,1	57,9	2,10	1,43	0,67	0,32	22	25	08:07:44	133
10:57	0	250	37,5	3034	2629	0,87	28	2324	65,1	14,9	60,0	2,14	1,48	0,66	0,31	21	25	08:07:47	133
10:59	0	250	38,5	3121	2642	0,85	28	2287	64,8	15,2	60,2	2,12	1,47	0,65	0,31	21	25	08:07:49	132
11:01	0	250	38,7	3137	2705	0,86	26	2531	66,8	15,4	59,0	2,27	1,54	0,74	0,32	21	25	08:07:51	132
11:03	0	250	38,2	3093	2605	0,84	28	2284	63,6	15,1	60,9	2,15	1,49	0,66	0,31	21	24	08:07:53	132
11:05	0	250	40,1	3250	2712	0,83	29	2308	66,1	15,8	59,4	2,09	1,44	0,65	0,31	20	24	08:07:55	132
11:08	0	250	41,2	3340	2847	0,85	27	2619	70,1	16,3	56,9	2,24	1,48	0,76	0,34	21	25	08:07:58	132
11:10	0	250	42,2	3417	2920	0,85	27	2641	72,6	16,7	55,4	2,18	1,44	0,74	0,34	21	25	08:08:00	132
11:12	0	250	42,6	3452	2944	0,85	28	2620	73,2	16,9	55,0	2,15	1,40	0,75	0,35	21	25	08:08:02	133
11:14	0	250	43,0	3485	2991	0,86	28	2668	75,2	17,1	53,8	2,13	1,38	0,75	0,35	22	25	08:08:04	133
11:17	0	250	41,6	3369	2905	0,86	28	2617	72,6	16,5	55,4	2,16	1,42	0,74	0,34	22	25	08:08:07	133
11:20	0	250	39,4	3190	2732	0,86	26	2569	66,6	15,6	59,1	2,31	1,57	0,75	0,32	21	24	08:08:10	133
11:22	0	250	39,7	3219	2759	0,86	26	2590	67,6	15,7	58,4	2,30	1,56	0,74	0,32	21	25	08:08:12	133
11:24	0	250	41,7	3377	2794	0,83	29	2339	67,5	16,4	58,5	2,08	1,44	0,64	0,31	20	24	08:08:14	133
11:26	0	250	42,6	3450	2874	0,83	29	2446	70,5	16,8	56,7	2,08	1,42	0,66	0,32	20	25	08:08:16	133
11:28	0	250	42,7	3462	2905	0,84	29	2484	71,7	16,9	55,9	2,08	1,42	0,65	0,31	21	25	08:08:18	133
11:30	0	250	41,8	3384	2870	0,85	28	2498	71,0	16,5	56,4	2,11	1,45	0,66	0,31	21	25	08:08:20	133
11:31	0	250	45,1	3656	3133	0,86	32	2515	79,5	17,9	51,2	1,90	1,27	0,63	0,33	22	25	08:08:21	133
11:33	0	250	45,1	3657	3133	0,86	32	2515	79,5	17,9	51,2	1,90	1,27	0,63	0,33	22	25	08:08:23	133
11:35	0	250	42,8	3470	3045	0,88	32	2461	78,5	17,1	51,8	1,88	1,26	0,62	0,33	23	26	08:08:25	133
11:37	0	250	42,3	3424	3015	0,88	32	2383	77,0	16,8	52,7	1,86	1,24	0,62	0,33	22	26	08:08:27	133
11:39	0	250	41,9	3392	2991	0,88	33	2347	76,3	16,7	53,1	1,85	1,23	0,61	0,33	22	26	08:08:29	133
11:41	0	250	41,9	3397	2974	0,88	32	2342	74,8	16,7	54,0	1,88	1,25	0,63	0,33	22	25	08:08:31	133
11:43	0	250	41,7	3378	2945	0,87	32	2355	74,4	16,6	54,3	1,90	1,25	0,65	0,34	22	25	08:08:33	133
11:45	0	250	41,4	3355	2916	0,87	31	2363	73,8	16,5	54,7	1,92	1,26	0,66	0,34	22	25	08:08:35	133
11:48	0	250	41,6	3370	2935	0,87	31	2410	74,2	16,5	54,4	1,95	1,28	0,67	0,34	22	25	08:08:38	133
11:50	0	250	41,6	3366	2924	0,87	30	2426	73,7	16,5	54,7	1,98	1,30	0,68	0,34	22	25	08:08:40	133
11:52	0	250	41,6	3366	2907	0,86	31	2389	73,1	16,5	55,1	1,96	1,29	0,67	0,34	22	25	08:08:42	133
11:54	0	250	41,8	3385	2914	0,86	31	2364	73,3	16,6	55,0	1,94	1,27	0,66	0,34	22	25	08:08:44	131
11:56	0	250	41,3	3344	2888	0,86	31	2344	73,4	16,4	54,9	1,92	1,26	0,65	0,34	22	25	08:08:46	131
11:58	0	250	41,0	3323	2876	0,87	31	2342	72,8	16,3	55,3	1,93	1,28	0,65	0,34	22	25	08:08:48	131
12:00	0	250	40,9	3315	2850	0,86	30	2341	71,4	16,2	56,1	1,97	1,30	0,67	0,34	22	25	08:08:50	131
12:03	0	250	40,9	3315	2850	0,86	30	2341	71,4	16,2	56,1	1,97	1,30	0,67	0,34	22	25	08:08:53	131
12:05	0	250	40,4	3272	2811	0,86	30	2361	70,3	16,0	56,8	2,01	1,33	0,68	0,34	22	25	08:08:55	131
12:07	0	250	40,6	3286	2814	0,86	30	2382	70,5	16,1	56,7	2,03	1,34	0,69	0,34	21	25	08:08:57	132
12:09	0	250	40,3	3267	2789	0,85	30	2363	70,1	16,0	57,0	2,02	1,35	0,68	0,33	21	25	08:08:59	132
12:12	0	250	39,0	3161	2689	0,85	29	2313	66,7	15,4	59,0	2,08	1,40	0,69	0,33	21	25	08:09:02	132
12:14	0	250	41,0	3322	2787	0,84	30	2334	69,5	16,2	57,3	2,02	1,34	0,68	0,34	21	25	08:09:04	132
12:17	0	250	41,6	3369	2872	0,85	28	2564	72,2	16,5	55,6	2,13	1,39	0,74	0,35	21	25	08:09:07	132
12:20	0	250	36,6	2964	2497	0,84	27	2331	62,9	14,4	61,4	2,22	1,57	0,65	0,29	21	25	08:09:10	131
12:22	0	250	38,1	3084	2531	0,82	28	2297	63,3	15,0	61,1	2,18	1,53	0,65	0,30	21	25	08:09:12	132
12:24	0	250	39,3	3181	2592	0,81	27	2390	65,0	15,4	60,1	2,21	1,54	0,66	0,30	20	25	08:09:14	132
12:26	0	250	40,7	3296	2685	0,81	27	2506	67,5	16,0	58,5	2,23	1,54	0,69	0,31	20	25	08:09:16	133
12:28	0	250	46,4	3760	3044	0,81	30	2500	75,9	18,2	53,4	1,98	1,29	0,69	0,35	20	25	08:09:18	133
12:30	0	250	46,0	3726	3044	0,82	30	2515	76,6	18,1	52,9	1,97	1,29	0,68	0,35	21	25	08:09:20	133
12:32	0	250	44,1	3576	2942	0,82	30	2441	73,4	17,4	54,9	2,00	1,31	0,69	0,34	21	25	08:09:22	133
12:34	0	250	44,5	3604	2940	0,82	31	2373	73,2	17,5	55,1	1,95	1,26	0,68	0,35	20	25	08:09:24	133
12:35	0	250	44,4	3600	2999	0,83	31	2406	74,9	17,5	54,0	1,93	1,26	0,67	0,35	21	25	08:09:25	133
12:38	0	250	42,5	3445	2917	0,85	31	2353	73,0	16,8	55,1	1,93	1,27	0,66	0,34	21	25	08:09:28	133
12:40	0	250	42,5	3445	2917	0,85	31	2353	73,0	16,8	55,1	1,93	1,27	0,66	0,34	21	25	08:09:30	133
12:43	0	250	41,6	3367	2877	0,85	31	2344	72,1	16,5	55,7	1,95	1,28	0,67	0,34	21	25	08:09:33	132
12:44	0	250	42,4	3438	2976	0,87	30	2506	74,7	16,8	54,1	2,01	1,30	0,71	0,35	22	25	08:09:34	134
12:47	0	250	44,4	3599	3070	0,85	31	2514	76,8	17,6	52,8	1,96	1,26	0,70	0,36	21	25	08:09:37	134
12:49	0	250	45,3	3670	3157	0,86	31	2614	79,8	18,0	51,0	1,97	1,27	0,70	0,35	22	25	08:09:39	135
12:51	0	250	44,7	3618	3130	0,87	31	2594	79,8	17,7	51,0	1,95	1,27	0,68	0,35	22	26	08:09:41	135
12:52	0	250	45,0	3643	3150	0,86	31	2557	80,2	17,9	50,7	1,91	1,24	0,68	0,35	22	25	08:09:42	135
12:54	0	250	44,4	3596	3097	0,86	33	2410	78,9	17,6	51,5	1,83	1,20	0,63	0,35	22	25	08:09:44	135
12:56	0	250	45,0	3642	3133	0,86	33	2424	79,4	17,8	51,2	1,83	1,19	0,64	0,35	22	25	08:09:46	135
12:58	0	250	44,0	3562	3111	0,87	33	2434	79,2	17,5	51,3	1,84	1,21	0,64	0,35	22	25	08:09:48	135
13:01	0	250	43,0	3484	3089	0,89	29	2669	78,3	17,2	51,9	2,05	1,33	0,72	0,35	22	25	08:09:51	135
13:03	0	250	42,4	3432	3048	0,89	29	2651	77,7	16,9	52,2	2,05	1,33	0,71	0,35	23	26	08:09:53	136
13:05	0	250	41,5	3361	2983	0,89	28	2665	75,5	16,6	53,6	2,12	1,39	0,73	0,34	22	25	08:09:55	135
13:07	0	250	41,7	3380	2977	0,88	28	2677	75,0	16,6	53,9	2,14	1,40	0,74	0,35	22	25	08:09:57	135
13:11	0	250	40,7	3298	2886	0,88	27	2657	72,2	16,2	55,6	2,21	1,44	0,77	0,35	22	25	08:10:01	133
13:13	0	250	38,6	3130	2761	0,88	24	2901	69,6	15,4	57,3	2,50	1,64	0,87	0,35	22	25	08:10:03	133
13:15	0	250	38,6	3130	2761	0,88	24	2901	69,6	15,4	57,3	2,50	1,64	0,87	0,35	22	25	08:10:05	132
13:17	0	250	38,8	3147	2704	0,86	26	2647	68,1	15,4	58,2	2,33	1,54	0,79	0,34	22	25	08:10:07	132
13:19	0	250	40,4	3269	2755	0,84	26	2635	69,0	15,9	57,6	2,29	1,50	0,79	0,35	21	25	08:10:09	132
13:21	0	250	41,2	3338	2812	0,84	27	2655	71,1	16,3	56,3	2,24	1,48	0,76	0,34	21	25	08:10:11	132
13:23	0	250	41,7	3374	2835	0,84	27	2662	71,9	16,4	55,8	2,22	1,46	0,76	0,34	21	25	08:10:13	132
13:25	0	250	44,2	3578	2960	0,83	31	2427	75,0	17,4	53,9	1,94	1,28	0,66	0,34	21	25	08:10:15	131
13:27	0	250	44,2	3578	2960	0,83	31	2427	75,0	17,4	53,9	1,94	1,28	0,66	0,34	21	25	08:10:17	130
13:29	0	250	42,8	3470	2923	0,84	31	2440	74,9	16,9	54,0	1,96	1,29	0,67	0,34	22	26	08:10:19	131
13:31	0	250	41,8	3385	2877	0,85	31	2418	74,0	16,5	54,5	1,96	1,30	0,66	0,33	22	26	08:10:21	131
13:33	0	250	41,8	3382	2887	0,85	31	2415	74,2	16,5	54,4	1,95	1,31	0,64	0,33	22	26	08:10:23	131
13:35	0	250	43,5	3524	2970	0,84	31	2453	75,2	17,2	53,8	1,96	1,31	0,65	0,33	21	25	08:10:25	131
13:37	0	250	43,1	3495	2951	0,84	30	2488	75,0	17,0	53,9	1,99	1,33	0,66	0,33	21	25	08:10:27	131
13:39	0	250	41,8	3383	2858	0,84	30	2451	72,5	16,5	55,4	2,03	1,36	0,67	0,33	21	25	08:10:29	132
13:41	0	250	42,6	3453	2907	0,84	30	2474	73,6	16,8	54,8	2,02	1,35	0,67	0,33	21	25	08:10:31	131
13:43	0	250	43,3	3511	2960	0,84	30	2479	74,4	17,1	54,3	2,00	1,34	0,66	0,33	21	25	08:10:33	132
13:46	0	250	45,0	3647	3112	0,85	29	2748	78,5	17,8	51,8	2,10	1,36	0,74	0,35	22	25	08:10:36	132
13:48	0	250	42,3	3430	2978	0,87	28	2696	76,0	16,8	53,3	2,13	1,39	0,74	0,35	22	26	08:10:38	132
13:50	0	250	41,6	3373	2885	0,86	30	2406	73,1	16,5	55,1	1,98	1,33	0,65	0,33	22	25	08:10:40	134
13:52	0	250	41,7	3376	2879	0,85	31	2362	72,2	16,5	55,7	1,96	1,31	0,65	0,33	21	25	08:10:42	134
13:54	0	250	43,1	3494	2963	0,85	31	2385	74,3	17,1	54,4	1,93	1,26	0,66	0,34	21	25	08:10:44	134
13:57	0	250	41,7	3378	2915	0,86	28	2648	73,0	16,5	55,1	2,18	1,42	0,76	0,35	22	25	08:10:47	134
13:59	0	250	40,7	3295	2850	0,86	27	2631	71,6	16,1	56,0	2,20	1,45	0,76	0,34	22	25	08:10:49	134
14:02	0	250	38,9	3151	2718	0,86	26	2583	67,8	15,4	58,3	2,29	1,54	0,74	0,32	22	25	08:10:52	134
14:04	0	250	40,1	3248	2788	0,86	27	2606	69,5	15,9	57,3	2,25	1,50	0,75	0,33	21	25	08:10:54	134
14:06	0	250	42,3	3429	2874	0,84	27	2643	71,1	16,7	56,3	2,23	1,48	0,75	0,34	21	25	08:10:56	133
14:08	0	250	43,4	3517	2930	0,83	28	2658	73,2	17,1	55,0	2,18	1,44	0,74	0,34	21	25	08:10:58	132
14:10	0	250	43,4	3514	2929	0,83	28	2645	73,4	17,1	54,9	2,16	1,44	0,72	0,33	21	25	08:11:00	133
14:11	0	250	44,4	3594	2930	0,82	32	2300	73,7	17,4	54,7	1,87	1,27	0,60	0,32	21	25	08:11:01	133
14:13	0	250	46,0	3727	3061	0,82	33	2340	77,7	18,1	52,3	1,81	1,19	0,61	0,34	21	25	08:11:03	133
14:16	0	250	45,5	3686	3083	0,84	30	2601	78,4	17,9	51,8	1,99	1,31	0,68	0,34	21	25	08:11:06	133
14:18	0	250	42,8	3470	2984	0,86	30	2593	76,9	17,0	52,8	2,02	1,34	0,69	0,34	22	26	08:11:08	133
14:20	0	250	41,7	3379	2903	0,86	30	2480	73,8	16,5	54,6	2,02	1,34	0,68	0,34	22	25	08:11:10	132
14:22	0	250	41,7	3378	2902	0,86	30	2480	73,8	16,5	54,6	2,02	1,34	0,68	0,34	22	25	08:11:12	132
14:24	0	250	42,0	3398	2906	0,86	30	2492	73,6	16,6	54,8	2,03	1,34	0,69	0,34	22	25	08:11:14	132
14:26	0	250	41,6	3366	2871	0,85	29	2494	72,1	16,4	55,7	2,08	1,36	0,71	0,34	21	25	08:11:16	132
14:28	0	250	40,7	3298	2787	0,85	30	2342	69,8	16,1	57,1	2,01	1,34	0,67	0,33	21	25	08:11:18	132
14:30	0	250	39,1	3165	2623	0,83	32	2049	65,7	15,4	59,6	1,87	1,27	0,60	0,32	21	25	08:11:20	132
14:32	0	250	41,3	3342	2726	0,82	32	2100	68,1	16,2	58,1	1,85	1,25	0,60	0,33	20	25	08:11:22	134
14:35	0	250	42,6	3448	2849	0,83	31	2309	72,5	16,7	55,4	1,91	1,28	0,63	0,33	21	25	08:11:25	134
14:37	0	250	42,1	3413	2830	0,83	31	2346	71,9	16,6	55,8	1,96	1,32	0,63	0,32	21	25	08:11:27	134
14:39	0	250	40,6	3291	2716	0,83	30	2239	67,9	16,0	58,3	1,98	1,35	0,63	0,32	21	25	08:11:29	134
14:41	0	250	44,0	3567	2945	0,83	30	2417	73,3	17,3	54,9	1,98	1,33	0,65	0,33	21	25	08:11:31	134
14:43	0	250	45,8	3711	3081	0,83	29	2605	76,6	18,0	52,9	2,04	1,35	0,69	0,34	21	25	08:11:33	134
14:45	0	250	47,1	3817	3163	0,83	31	2589	79,0	18,5	51,5	1,97	1,30	0,67	0,34	21	25	08:11:35	134
14:47	0	250	45,4	3676	3090	0,84	30	2592	77,4	17,9	52,4	2,01	1,33	0,67	0,34	21	25	08:11:37	134
14:49	0	250	45,0	3642	3052	0,84	31	2491	76,5	17,7	53,0	1,95	1,30	0,66	0,34	21	25	08:11:39	134
14:51	0	250	45,3	3666	3076	0,84	31	2465	77,3	17,9	52,5	1,91	1,27	0,65	0,34	21	25	08:11:41	134
14:53	0	250	45,4	3678	3102	0,84	32	2481	78,4	17,9	51,9	1,90	1,25	0,65	0,34	21	25	08:11:43	134
14:56	0	300	43,0	3485	3004	0,86	28	2746	75,8	17,1	53,4	2,17	1,40	0,78	0,36	22	25	08:11:46	134
14:58	0	300	42,0	3399	2936	0,86	27	2695	74,0	16,7	54,5	2,19	1,41	0,78	0,36	22	25	08:11:48	134
15:00	0	300	41,2	3341	2871	0,86	28	2608	72,0	16,4	55,7	2,17	1,41	0,76	0,35	22	25	08:11:50	135
15:01	0	300	42,5	3446	2958	0,86	28	2668	74,5	16,9	54,2	2,15	1,38	0,77	0,36	22	25	08:11:51	135
15:03	0	300	42,8	3464	2956	0,85	28	2641	74,5	16,9	54,2	2,13	1,37	0,76	0,36	22	25	08:11:53	135
15:05	0	290	43,7	3536	3006	0,85	28	2680	75,8	17,3	53,4	2,12	1,36	0,76	0,36	21	25	08:11:55	135
15:07	0	290	43,4	3512	2981	0,85	29	2619	75,8	17,1	53,5	2,07	1,34	0,73	0,35	22	25	08:11:57	135
15:09	0	290	44,2	3582	2985	0,83	32	2347	76,2	17,4	53,2	1,85	1,23	0,61	0,33	21	26	08:11:59	135
15:11	0	290	44,2	3583	2985	0,83	32	2347	76,2	17,4	53,2	1,85	1,23	0,61	0,33	21	26	08:12:01	135
15:13	0	290	44,8	3633	3014	0,83	33	2353	76,8	17,7	52,8	1,84	1,22	0,62	0,34	21	25	08:12:03	135
15:16	0	290	42,2	3421	2843	0,83	31	2280	71,5	16,6	56,0	1,91	1,29	0,63	0,33	21	25	08:12:06	135
15:18	0	290	43,0	3482	2831	0,81	31	2231	70,2	16,9	56,9	1,91	1,29	0,62	0,33	20	25	08:12:08	135
15:20	0	290	43,0	3480	2831	0,81	31	2231	70,2	16,9	56,9	1,91	1,29	0,62	0,33	20	25	08:12:10	136
15:22	0	290	44,6	3614	2922	0,81	32	2300	72,5	17,5	55,5	1,90	1,27	0,63	0,33	20	25	08:12:12	136
15:23	0	290	45,7	3705	2985	0,81	32	2330	74,5	17,9	54,3	1,88	1,25	0,63	0,33	20	25	08:12:13	138
15:25	0	290	48,1	3893	3153	0,81	33	2428	80,0	18,8	50,9	1,82	1,20	0,63	0,34	21	25	08:12:15	138
15:27	0	290	47,5	3847	3146	0,82	33	2463	80,3	18,7	50,6	1,84	1,21	0,63	0,34	21	26	08:12:17	139
15:29	0	290	47,9	3878	3170	0,82	32	2515	80,9	18,8	50,3	1,87	1,23	0,64	0,34	21	26	08:12:19	138
15:31	0	290	47,7	3865	3212	0,83	33	2537	82,8	18,8	49,1	1,84	1,22	0,62	0,34	21	26	08:12:21	138
15:34	0	290	45,7	3705	3146	0,85	28	2832	80,2	18,1	50,7	2,12	1,36	0,76	0,36	22	25	08:12:24	138
15:36	0	290	45,0	3648	3101	0,85	28	2792	77,7	17,8	52,3	2,16	1,40	0,75	0,35	21	25	08:12:26	138
15:38	0	290	45,5	3682	3108	0,84	28	2742	77,1	18,0	52,6	2,13	1,38	0,75	0,35	21	25	08:12:28	138
15:41	0	290	45,0	3643	3071	0,84	28	2698	75,9	17,8	53,3	2,13	1,39	0,75	0,35	21	25	08:12:31	138
15:43	0	290	46,8	3793	3125	0,82	28	2698	75,9	18,4	53,4	2,13	1,38	0,75	0,35	20	24	08:12:33	138
15:45	0	290	48,0	3889	3189	0,82	29	2675	77,3	18,9	52,5	2,08	1,35	0,73	0,35	20	24	08:12:35	140
15:46	0	290	48,0	3892	3204	0,82	29	2725	78,6	18,9	51,7	2,08	1,34	0,74	0,36	20	25	08:12:36	140
15:48	0	290	50,0	4050	3272	0,81	34	2424	81,3	19,6	50,0	1,79	1,18	0,61	0,34	20	25	08:12:38	140
15:50	0	290	50,4	4085	3324	0,81	34	2456	84,0	19,8	48,4	1,75	1,16	0,60	0,34	21	25	08:12:40	140
15:51	0	290	50,2	4065	3344	0,82	34	2502	85,5	19,7	47,5	1,76	1,15	0,60	0,34	21	26	08:12:41	140
15:53	0	290	48,7	3947	3349	0,85	35	2531	88,0	19,3	45,9	1,73	1,13	0,60	0,35	22	26	08:12:43	140
15:55	0	290	48,8	3949	3350	0,85	35	2531	88,0	19,3	45,9	1,73	1,13	0,60	0,35	22	26	08:12:45	140
15:57	0	290	46,8	3795	3254	0,86	34	2477	85,3	18,6	47,6	1,74	1,15	0,60	0,34	22	26	08:12:47	140
15:59	0	290	46,8	3793	3254	0,86	34	2477	85,1	18,6	47,7	1,75	1,14	0,60	0,35	22	26	08:12:49	140
16:00	0	290	46,5	3766	3238	0,86	34	2493	84,8	18,4	47,9	1,76	1,16	0,61	0,34	23	26	08:12:50	140
16:02	0	290	46,6	3771	3246	0,86	34	2521	84,9	18,5	47,8	1,78	1,16	0,62	0,35	23	26	08:12:52	139
16:05	0	290	45,5	3686	3179	0,86	33	2474	82,4	18,1	49,4	1,80	1,19	0,61	0,34	22	26	08:12:55	140
16:07	0	290	46,1	3734	3206	0,86	34	2468	82,7	18,3	49,2	1,79	1,18	0,61	0,34	22	26	08:12:57	140
16:09	0	290	48,7	3943	3313	0,84	34	2504	84,0	19,2	48,4	1,79	1,17	0,61	0,34	21	25	08:12:59	142
16:10	0	290	50,5	4088	3441	0,84	34	2624	88,4	19,9	45,7	1,78	1,15	0,63	0,35	22	26	08:13:00	142
16:12	0	290	49,7	4027	3408	0,85	33	2633	88,2	19,7	45,8	1,79	1,16	0,63	0,35	22	26	08:13:02	142
16:14	0	290	49,1	3977	3385	0,85	34	2620	88,4	19,4	45,7	1,78	1,15	0,63	0,36	22	26	08:13:04	142
16:16	0	290	49,1	3978	3402	0,86	34	2599	89,2	19,4	45,2	1,75	1,12	0,63	0,36	22	26	08:13:06	143
16:17	0	290	49,4	4004	3421	0,85	34	2598	89,1	19,6	45,3	1,75	1,12	0,63	0,36	22	26	08:13:07	143
16:19	0	290	47,4	3836	3351	0,87	34	2574	88,7	18,8	45,5	1,74	1,13	0,61	0,35	23	26	08:13:09	143
16:22	0	290	46,7	3779	3355	0,89	32	2763	88,5	18,6	45,6	1,87	1,20	0,67	0,36	23	26	08:13:12	143
16:23	0	290	46,1	3736	3276	0,88	35	2506	87,2	18,4	46,4	1,72	1,12	0,60	0,35	23	27	08:13:13	143
16:25	0	290	45,3	3669	3222	0,88	34	2478	85,2	18,0	47,6	1,74	1,15	0,60	0,34	23	26	08:13:15	143
16:27	0	290	44,4	3596	3140	0,87	34	2427	81,9	17,7	49,7	1,78	1,18	0,60	0,34	23	26	08:13:17	142
16:30	0	290	43,2	3502	3021	0,86	33	2355	77,2	17,2	52,6	1,83	1,22	0,61	0,33	22	26	08:13:20	142
16:32	0	290	43,7	3536	3097	0,88	30	2614	79,3	17,4	51,3	1,98	1,29	0,69	0,35	22	26	08:13:22	142
16:35	0	290	45,0	3649	3179	0,87	27	2920	80,2	17,9	50,7	2,18	1,39	0,79	0,36	22	25	08:13:25	142
16:36	0	290	45,0	3647	3103	0,85	29	2680	77,5	17,8	52,4	2,07	1,35	0,72	0,35	21	25	08:13:26	142
16:38	0	290	45,7	3702	3114	0,84	29	2652	77,6	18,0	52,3	2,05	1,33	0,72	0,35	21	25	08:13:28	142
16:40	0	290	47,4	3841	3212	0,84	30	2703	80,1	18,7	50,8	2,02	1,30	0,73	0,36	21	25	08:13:30	142
16:42	0	290	48,6	3938	3297	0,84	30	2770	83,3	19,2	48,8	2,00	1,28	0,72	0,36	21	25	08:13:32	142
16:43	0	290	49,2	3989	3356	0,84	30	2842	84,9	19,4	47,8	2,01	1,28	0,73	0,36	21	25	08:13:33	141
16:45	0	290	48,3	3914	3276	0,84	33	2534	83,7	19,1	48,6	1,82	1,18	0,63	0,35	21	26	08:13:35	141
16:47	0	290	48,1	3892	3268	0,84	33	2555	83,2	19,0	48,9	1,84	1,21	0,63	0,34	21	25	08:13:37	140
16:49	0	290	47,9	3880	3274	0,84	33	2551	83,5	18,9	48,7	1,83	1,20	0,64	0,35	22	25	08:13:39	141
16:51	0	290	47,9	3881	3274	0,84	33	2551	83,5	18,9	48,7	1,83	1,20	0,64	0,35	22	25	08:13:41	140
16:53	0	290	47,2	3827	3246	0,85	32	2570	82,9	18,7	49,1	1,86	1,23	0,63	0,34	22	26	08:13:43	140
16:55	0	290	47,3	3829	3257	0,85	32	2586	83,2	18,7	48,9	1,87	1,23	0,64	0,34	22	26	08:13:45	141
16:56	0	290	46,8	3790	3216	0,85	32	2537	82,2	18,5	49,5	1,85	1,22	0,64	0,34	22	26	08:13:46	141
16:59	0	290	47,1	3819	3245	0,85	32	2573	82,7	18,6	49,2	1,87	1,23	0,64	0,34	22	25	08:13:49	142
17:01	0	290	46,6	3773	3195	0,85	33	2493	81,3	18,4	50,1	1,84	1,21	0,63	0,34	22	25	08:13:51	142
17:04	0	290	45,8	3707	3141	0,85	33	2452	80,2	18,1	50,7	1,83	1,21	0,62	0,34	22	26	08:13:54	143
17:05	0	290	46,9	3800	3270	0,86	31	2714	83,4	18,6	48,8	1,95	1,27	0,68	0,35	22	26	08:13:55	143
17:07	0	290	49,4	4001	3365	0,84	31	2702	84,5	19,5	48,1	1,92	1,24	0,68	0,35	21	25	08:13:57	144
17:09	0	290	49,6	4016	3372	0,84	32	2697	85,0	19,6	47,8	1,90	1,23	0,68	0,36	21	25	08:13:59	144
17:11	0	290	50,8	4115	3454	0,84	32	2718	87,7	20,0	46,1	1,86	1,19	0,67	0,36	21	25	08:14:01	144
17:12	0	290	50,3	4073	3364	0,83	35	2443	86,0	19,8	47,1	1,70	1,12	0,59	0,34	21	26	08:14:02	144
17:14	0	290	51,5	4171	3459	0,83	35	2522	89,0	20,3	45,3	1,70	1,11	0,59	0,34	21	26	08:14:04	144
17:16	0	290	51,6	4183	3481	0,83	35	2577	89,3	20,3	45,1	1,73	1,12	0,61	0,35	21	26	08:14:06	143
17:18	0	290	49,6	4017	3431	0,85	34	2608	89,8	19,6	44,8	1,74	1,13	0,62	0,35	22	26	08:14:08	143
17:20	0	290	49,0	3966	3415	0,86	33	2680	89,7	19,4	44,9	1,79	1,15	0,64	0,36	23	26	08:14:10	143
17:21	0	290	48,8	3955	3438	0,87	34	2701	90,6	19,4	44,3	1,79	1,16	0,63	0,35	23	26	08:14:11	143
17:24	0	290	48,4	3919	3401	0,87	34	2646	89,9	19,2	44,8	1,77	1,15	0,61	0,35	23	26	08:14:14	143
17:26	0	290	47,2	3822	3380	0,88	30	2935	88,5	18,8	45,6	1,99	1,26	0,73	0,37	23	26	08:14:16	143
17:28	0	290	47,3	3834	3362	0,88	30	2875	87,2	18,8	46,4	1,98	1,25	0,73	0,37	23	26	08:14:18	143
17:29	0	290	47,8	3871	3363	0,87	31	2835	86,9	19,0	46,6	1,96	1,24	0,71	0,36	22	26	08:14:19	143
17:31	0	290	47,2	3824	3331	0,87	30	2862	86,1	18,8	47,1	1,99	1,27	0,73	0,37	23	26	08:14:21	143
17:33	0	290	46,1	3732	3231	0,87	30	2789	82,7	18,3	49,2	2,02	1,31	0,72	0,35	22	26	08:14:23	143
17:36	0	290	44,9	3639	3127	0,86	29	2693	79,3	17,8	51,3	2,04	1,34	0,70	0,34	22	25	08:14:26	143
17:38	0	290	46,4	3756	3086	0,82	33	2352	76,6	18,2	52,9	1,84	1,25	0,59	0,32	20	25	08:14:28	143
17:40	0	290	48,3	3911	3196	0,82	33	2400	79,5	19,0	51,2	1,81	1,21	0,60	0,33	20	25	08:14:30	143
17:42	0	290	48,9	3965	3261	0,82	32	2542	82,1	19,2	49,6	1,86	1,23	0,62	0,34	21	25	08:14:32	143
17:44	0	290	48,5	3927	3250	0,83	32	2570	81,7	19,1	49,8	1,89	1,26	0,63	0,33	21	25	08:14:34	143
17:46	0	290	47,1	3817	3164	0,83	32	2505	79,8	18,6	51,0	1,88	1,28	0,61	0,32	21	25	08:14:36	143
17:48	0	290	48,4	3922	3247	0,83	32	2543	82,4	19,1	49,4	1,85	1,25	0,60	0,33	21	25	08:14:38	143
17:49	0	290	49,4	3998	3322	0,83	33	2587	84,6	19,4	48,0	1,84	1,22	0,62	0,34	21	25	08:14:39	143
17:51	0	290	49,0	3972	3364	0,85	33	2674	87,7	19,4	46,1	1,83	1,21	0,62	0,34	22	26	08:14:41	143
17:53	0	290	48,2	3908	3351	0,86	32	2755	87,1	19,1	46,5	1,90	1,23	0,67	0,35	22	26	08:14:43	143
17:55	0	290	48,3	3911	3319	0,85	34	2567	86,6	19,1	46,8	1,78	1,17	0,61	0,34	22	26	08:14:45	143
17:57	0	290	46,7	3780	3206	0,85	34	2500	84,3	18,5	48,2	1,78	1,18	0,60	0,33	22	26	08:14:47	143
17:59	0	290	48,2	3906	3360	0,86	32	2753	88,2	19,1	45,8	1,87	1,20	0,67	0,36	23	26	08:14:49	142
18:00	0	290	48,2	3905	3374	0,86	32	2771	88,9	19,1	45,4	1,87	1,19	0,68	0,36	23	26	08:14:50	142
18:02	0	290	47,8	3872	3347	0,86	32	2761	87,9	19,0	46,0	1,88	1,21	0,68	0,36	23	26	08:14:52	142
18:04	0	290	46,2	3744	3252	0,87	31	2759	85,5	18,4	47,5	1,94	1,24	0,70	0,36	23	26	08:14:54	142
18:07	0	290	44,2	3579	3079	0,86	33	2480	81,2	17,5	50,1	1,83	1,21	0,62	0,34	23	26	08:14:57	142
18:09	0	290	44,6	3614	3096	0,86	33	2459	81,5	17,7	49,9	1,81	1,20	0,61	0,34	23	26	08:14:59	142
18:11	0	290	47,4	3838	3265	0,85	32	2635	85,4	18,7	47,5	1,85	1,21	0,64	0,35	22	26	08:15:01	142
18:13	0	290	48,1	3897	3304	0,85	32	2680	86,1	19,0	47,1	1,87	1,21	0,65	0,35	22	26	08:15:03	143
18:14	0	290	48,3	3910	3311	0,85	32	2680	86,3	19,1	47,0	1,86	1,22	0,64	0,34	22	26	08:15:04	145
18:16	0	290	49,1	3973	3372	0,85	32	2721	88,1	19,4	45,9	1,85	1,22	0,64	0,34	22	26	08:15:06	144
18:18	0	290	51,1	4137	3501	0,85	34	2713	91,2	20,2	43,9	1,78	1,16	0,62	0,35	22	26	08:15:08	144
18:19	0	290	51,1	4137	3501	0,85	34	2713	91,2	20,2	43,9	1,78	1,16	0,62	0,35	22	26	08:15:09	144
18:21	0	290	49,7	4023	3430	0,85	33	2700	89,6	19,7	45,0	1,81	1,18	0,62	0,35	22	26	08:15:11	144
18:23	0	290	48,6	3936	3380	0,86	34	2595	89,0	19,3	45,3	1,75	1,15	0,60	0,34	23	26	08:15:13	144
18:26	0	290	47,3	3831	3303	0,86	33	2618	87,3	18,8	46,4	1,80	1,18	0,62	0,34	23	26	08:15:16	144
18:28	0	290	47,4	3838	3308	0,86	34	2585	87,2	18,8	46,5	1,78	1,16	0,62	0,35	23	26	08:15:18	144
18:31	0	290	48,8	3955	3395	0,86	31	2858	87,9	19,3	46,0	1,95	1,24	0,71	0,36	22	26	08:15:21	144
18:32	0	290	48,4	3921	3341	0,85	30	2823	86,0	19,2	47,2	1,97	1,26	0,71	0,36	22	26	08:15:22	144
18:34	0	290	50,1	4055	3419	0,84	31	2801	87,5	19,8	46,2	1,92	1,23	0,69	0,36	22	26	08:15:24	144
18:35	0	290	50,6	4095	3438	0,84	32	2760	88,4	20,0	45,7	1,87	1,19	0,68	0,36	22	26	08:15:25	145
18:37	0	290	50,7	4104	3432	0,84	33	2702	88,6	20,0	45,6	1,83	1,17	0,66	0,36	22	26	08:15:27	145
18:39	0	290	51,8	4199	3506	0,83	33	2739	89,9	20,4	44,8	1,83	1,17	0,66	0,36	21	26	08:15:29	145
18:40	0	290	50,7	4106	3456	0,84	32	2763	89,1	20,0	45,2	1,86	1,19	0,67	0,36	22	26	08:15:30	145
18:42	0	290	48,9	3958	3326	0,84	36	2444	87,4	19,3	46,3	1,68	1,10	0,58	0,34	22	26	08:15:32	145
18:44	0	290	48,8	3950	3364	0,85	35	2531	89,0	19,3	45,3	1,71	1,11	0,59	0,35	23	26	08:15:34	145
18:46	0	290	48,4	3924	3347	0,85	35	2544	88,1	19,2	45,9	1,73	1,13	0,60	0,35	22	26	08:15:36	143
18:48	0	290	47,3	3829	3279	0,86	34	2548	86,7	18,7	46,7	1,76	1,16	0,60	0,34	23	26	08:15:38	143
18:49	0	290	48,4	3917	3347	0,85	34	2565	88,3	19,1	45,7	1,74	1,14	0,60	0,34	23	26	08:15:39	143
18:51	0	290	47,7	3863	3318	0,86	34	2573	87,6	18,9	46,2	1,76	1,15	0,61	0,35	23	26	08:15:41	143
18:53	0	290	47,3	3833	3299	0,86	34	2556	87,1	18,8	46,5	1,76	1,15	0,61	0,34	23	26	08:15:43	143
18:54	0	290	48,1	3897	3338	0,86	35	2505	87,8	19,1	46,1	1,71	1,12	0,59	0,34	23	26	08:15:44	143
18:58	0	290	47,5	3851	3293	0,86	36	2457	87,2	18,8	46,4	1,69	1,11	0,58	0,34	23	26	08:15:48	145
18:59	0	290	48,0	3889	3350	0,86	35	2551	89,0	19,0	45,3	1,72	1,13	0,59	0,34	23	27	08:15:49	145
19:01	0	290	50,3	4075	3507	0,86	33	2821	93,2	19,9	42,7	1,82	1,14	0,67	0,37	23	27	08:15:51	145
19:04	0	290	49,1	3979	3437	0,86	32	2869	92,0	19,5	43,5	1,87	1,18	0,69	0,37	23	27	08:15:54	145
19:05	0	290	49,2	3984	3426	0,86	32	2831	91,6	19,5	43,7	1,85	1,18	0,68	0,36	23	27	08:15:55	145
19:07	0	290	49,4	4005	3426	0,86	33	2799	91,3	19,6	43,9	1,84	1,18	0,66	0,36	23	27	08:15:57	145
19:08	0	290	49,4	4005	3423	0,85	32	2818	91,1	19,6	44,0	1,86	1,18	0,68	0,37	23	27	08:15:58	145
19:10	0	290	49,7	4023	3435	0,85	32	2839	92,0	19,7	43,5	1,85	1,16	0,69	0,37	23	27	08:16:00	144
19:12	0	290	47,8	3871	3295	0,85	35	2538	87,6	18,9	46,2	1,74	1,15	0,59	0,34	23	27	08:16:02	144
19:14	0	290	47,8	3871	3294	0,85	35	2538	87,6	18,9	46,2	1,74	1,15	0,59	0,34	23	27	08:16:04	144
19:16	0	290	49,2	3987	3336	0,84	36	2410	87,4	19,4	46,3	1,65	1,08	0,57	0,35	22	26	08:16:06	144
19:17	0	290	48,7	3942	3295	0,84	36	2426	86,6	19,2	46,8	1,68	1,08	0,60	0,36	22	26	08:16:07	143
19:20	0	290	47,7	3865	3295	0,85	32	2717	87,0	18,9	46,6	1,87	1,17	0,71	0,38	23	26	08:16:10	144
19:22	0	290	46,0	3727	3186	0,85	31	2707	83,6	18,2	48,6	1,94	1,22	0,72	0,37	22	26	08:16:12	145
19:24	0	290	44,3	3590	3070	0,86	30	2635	79,8	17,6	51,0	1,98	1,26	0,73	0,37	22	26	08:16:14	146
19:26	0	290	46,7	3780	3183	0,84	31	2666	82,3	18,4	49,4	1,94	1,22	0,73	0,37	22	26	08:16:16	146
19:28	0	290	46,7	3779	3183	0,84	31	2666	82,3	18,4	49,4	1,94	1,22	0,73	0,37	22	26	08:16:18	146
19:29	0	290	47,5	3851	3229	0,84	31	2717	83,6	18,8	48,6	1,95	1,22	0,73	0,38	22	26	08:16:19	146
19:31	0	290	48,3	3914	3290	0,84	31	2730	85,8	19,1	47,3	1,91	1,20	0,71	0,37	22	26	08:16:21	146
19:33	0	290	48,6	3933	3274	0,83	34	2508	85,8	19,1	47,3	1,75	1,13	0,63	0,36	22	26	08:16:23	146
19:34	0	290	50,7	4109	3435	0,84	35	2580	91,0	20,0	44,1	1,70	1,08	0,62	0,36	22	26	08:16:24	146
19:36	0	290	51,5	4170	3483	0,84	36	2568	92,5	20,3	43,2	1,67	1,06	0,60	0,36	22	27	08:16:26	146
19:38	0	290	50,3	4076	3488	0,86	36	2587	94,4	19,9	42,0	1,64	1,06	0,59	0,36	23	27	08:16:28	146
19:39	0	290	48,1	3895	3390	0,87	36	2541	92,6	19,1	43,1	1,65	1,07	0,57	0,35	24	27	08:16:29	146
19:42	0	290	46,9	3800	3321	0,87	36	2521	90,9	18,7	44,2	1,66	1,09	0,58	0,35	24	27	08:16:32	146
19:43	0	290	46,2	3739	3216	0,86	38	2296	87,3	18,3	46,4	1,58	1,05	0,53	0,33	23	27	08:16:33	146
19:44	0	290	46,8	3789	3187	0,84	39	2166	84,9	18,5	47,8	1,53	1,02	0,51	0,33	22	27	08:16:34	146
19:46	0	290	47,0	3808	3209	0,84	39	2180	86,1	18,6	47,1	1,52	1,01	0,51	0,33	23	27	08:16:36	146
19:48	0	290	49,6	4014	3360	0,84	38	2349	89,1	19,5	45,3	1,58	1,03	0,55	0,35	22	27	08:16:38	146
19:57	0	290	45,4	3674	3049	0,83	35	2224	78,9	17,9	51,5	1,69	1,13	0,56	0,33	21	26	08:16:47	146
19:59	0	290	47,9	3878	3182	0,82	32	2496	80,2	18,8	50,7	1,87	1,20	0,67	0,36	21	25	08:16:49	146
20:01	0	290	52,0	4213	3433	0,82	34	2597	88,1	20,4	45,9	1,77	1,09	0,67	0,38	21	26	08:16:51	146
20:03	0	290	50,0	4049	3313	0,82	31	2675	84,2	19,6	48,3	1,91	1,22	0,69	0,36	21	25	08:16:53	146
20:05	0	290	50,9	4123	3375	0,82	31	2796	85,9	20,0	47,2	1,95	1,25	0,70	0,36	21	25	08:16:55	145
20:06	0	290	47,8	3870	3129	0,81	32	2496	79,2	18,7	51,4	1,89	1,25	0,65	0,34	20	25	08:16:56	145
20:08	0	290	47,8	3870	3129	0,81	32	2496	79,2	18,7	51,4	1,89	1,25	0,65	0,34	20	25	08:16:58	145
20:12	0	290	47,8	3870	3129	0,81	32	2496	79,2	18,7	51,4	1,89	1,25	0,65	0,34	20	25	08:17:02	145
20:14	0	290	47,8	3875	3059	0,79	34	2238	77,0	18,7	52,7	1,74	1,18	0,57	0,32	20	25	08:17:04	145
20:16	0	290	49,1	3974	3160	0,80	34	2356	79,7	19,2	51,0	1,77	1,21	0,56	0,32	20	25	08:17:06	145
V02 Max																			
20:17	0	290	53,0	4296	3450	0,80	35	2563	88,7	20,8	45,5	1,73	1,12	0,61	0,35	21	26	08:17:07	144
20:19	0	290	51,9	4203	3407	0,81	36	2501	88,9	20,3	45,4	1,69	1,09	0,59	0,35	21	26	08:17:09	144
20:20	0	290	52,4	4244	3471	0,82	36	2553	91,5	20,6	43,8	1,67	1,08	0,60	0,36	22	26	08:17:10	144
20:23	0	290	46,4	3757	3056	0,81	35	2279	79,2	18,2	51,3	1,73	1,13	0,60	0,35	21	26	08:17:13	144
20:24	0	290	51,7	4190	3381	0,81	37	2388	87,8	20,3	46,1	1,63	1,05	0,59	0,36	21	26	08:17:14	144
20:26	0	290	51,3	4152	3392	0,82	38	2386	89,8	20,1	44,8	1,59	1,02	0,57	0,36	22	26	08:17:16	144
20:28	0	290	51,3	4153	3393	0,82	38	2386	89,8	20,1	44,8	1,59	1,02	0,57	0,36	22	26	08:17:18	144
20:30	0	290	49,8	4031	3315	0,82	38	2320	88,3	19,6	45,7	1,58	1,01	0,57	0,36	22	27	08:17:20	145
20:31	0	290	48,8	3954	3276	0,83	37	2359	87,0	19,2	46,5	1,63	1,06	0,57	0,35	22	27	08:17:21	146
20:33	0	290	49,4	4000	3323	0,83	36	2405	87,7	19,4	46,1	1,65	1,06	0,58	0,35	22	26	08:17:23	147
20:35	0	290	49,4	4000	3323	0,83	36	2405	87,7	19,4	46,1	1,65	1,06	0,58	0,35	22	26	08:17:25	147
20:37	0	290	50,2	4069	3409	0,84	35	2541	90,1	19,8	44,6	1,69	1,09	0,60	0,36	22	26	08:17:27	147
20:39	0	290	49,7	4022	3399	0,85	35	2580	90,0	19,6	44,7	1,72	1,11	0,61	0,35	22	26	08:17:29	145
20:41	0	290	49,7	4023	3399	0,85	35	2580	90,0	19,6	44,7	1,72	1,11	0,61	0,35	22	26	08:17:31	146
20:42	0	290	49,4	4002	3387	0,85	34	2612	89,5	19,5	45,0	1,75	1,14	0,61	0,35	22	26	08:17:32	146
20:44	0	290	50,4	4079	3446	0,84	34	2652	91,1	19,9	44,0	1,75	1,12	0,62	0,36	22	26	08:17:34	146
20:46	0	290	50,0	4051	3429	0,85	34	2704	90,7	19,8	44,3	1,79	1,15	0,63	0,35	22	26	08:17:36	146
20:49	0	290	50,0	4051	3429	0,85	34	2704	90,7	19,8	44,3	1,79	1,15	0,63	0,35	22	26	08:17:39	146
20:51	0	290	49,5	4010	3383	0,84	33	2665	89,2	19,6	45,2	1,79	1,17	0,62	0,35	22	26	08:17:41	146
20:53	0	290	49,8	4035	3426	0,85	31	2911	89,2	19,7	45,2	1,96	1,27	0,69	0,35	22	26	08:17:43	146
20:55	0	290	48,9	3960	3327	0,84	33	2619	87,1	19,3	46,5	1,80	1,18	0,62	0,34	22	26	08:17:45	146
20:57	0	290	50,0	4049	3406	0,84	30	2876	87,6	19,7	46,2	1,97	1,27	0,70	0,35	22	26	08:17:47	146
20:58	0	290	49,6	4016	3364	0,84	30	2852	86,6	19,6	46,8	1,98	1,28	0,69	0,35	22	26	08:17:48	146
21:00	0	290	48,7	3947	3304	0,84	30	2834	85,1	19,2	47,7	2,00	1,30	0,70	0,35	22	26	08:17:50	146
21:02	0	290	49,2	3986	3322	0,83	30	2810	84,9	19,4	47,8	1,99	1,29	0,70	0,35	21	26	08:17:52	147
21:04	0	290	47,4	3842	3235	0,84	30	2779	83,8	18,7	48,5	1,99	1,29	0,70	0,35	22	26	08:17:54	146
21:05	0	290	45,1	3654	3028	0,83	34	2337	79,0	17,8	51,4	1,77	1,18	0,59	0,33	22	26	08:17:55	145
21:07	0	290	46,1	3734	3090	0,83	35	2333	81,3	18,1	50,0	1,72	1,15	0,58	0,33	22	26	08:17:57	145
21:09	0	290	45,0	3643	3037	0,83	34	2366	79,9	17,7	50,9	1,78	1,18	0,60	0,34	22	26	08:17:59	145
21:11	0	290	45,5	3690	3119	0,85	32	2568	82,1	18,0	49,5	1,88	1,22	0,65	0,35	22	26	08:18:01	145
21:13	0	290	45,8	3710	3142	0,85	32	2552	82,9	18,1	49,1	1,85	1,21	0,64	0,35	22	26	08:18:03	145
21:15	0	290	45,9	3719	3156	0,85	33	2526	84,2	18,2	48,3	1,80	1,17	0,63	0,35	23	27	08:18:05	145
21:16	0	290	47,1	3817	3267	0,86	33	2672	88,3	18,7	45,8	1,82	1,16	0,66	0,36	23	27	08:18:06	145
21:18	0	290	47,1	3818	3268	0,86	33	2672	88,3	18,7	45,8	1,82	1,16	0,66	0,36	23	27	08:18:08	145
21:21	0	290	46,0	3727	3168	0,85	35	2454	85,5	18,2	47,5	1,72	1,12	0,60	0,35	23	27	08:18:11	145
21:23	0	290	46,4	3756	3230	0,86	33	2638	87,6	18,4	46,2	1,81	1,16	0,64	0,36	23	27	08:18:13	144
21:25	0	290	48,2	3906	3300	0,84	35	2551	89,2	19,1	45,2	1,72	1,11	0,61	0,35	23	27	08:18:15	144
21:26	0	290	49,7	4029	3382	0,84	35	2582	91,4	19,6	43,8	1,69	1,09	0,60	0,36	23	27	08:18:16	144
21:28	0	290	50,4	4081	3423	0,84	36	2595	92,4	19,9	43,2	1,69	1,09	0,60	0,35	23	27	08:18:18	144
21:30	0	290	50,5	4094	3436	0,84	35	2610	92,3	19,9	43,3	1,70	1,11	0,59	0,35	23	27	08:18:20	145
21:31	0	290	51,4	4165	3485	0,84	36	2611	93,9	20,3	42,3	1,67	1,09	0,58	0,35	23	27	08:18:21	145
21:34	0	290	51,4	4165	3486	0,84	36	2611	93,9	20,3	42,3	1,67	1,09	0,58	0,35	23	27	08:18:24	146
21:36	0	290	48,6	3939	3377	0,86	32	2781	89,8	19,3	44,8	1,86	1,19	0,66	0,36	23	27	08:18:26	145
21:38	0	290	48,8	3951	3377	0,85	32	2788	88,6	19,3	45,6	1,89	1,22	0,67	0,36	22	26	08:18:28	145
21:39	0	290	48,8	3951	3359	0,85	31	2816	87,4	19,3	46,3	1,93	1,25	0,69	0,36	22	26	08:18:29	145
21:41	0	290	48,9	3958	3362	0,85	30	2889	87,2	19,3	46,4	1,99	1,28	0,71	0,36	22	26	08:18:31	145
21:43	0	290	48,9	3958	3362	0,85	30	2889	87,2	19,3	46,4	1,99	1,28	0,71	0,36	22	26	08:18:33	145
21:45	0	290	49,1	3981	3377	0,85	30	2934	87,2	19,4	46,4	2,02	1,31	0,71	0,35	22	26	08:18:35	145
21:47	0	290	50,4	4086	3400	0,83	33	2668	88,7	19,9	45,5	1,80	1,19	0,61	0,34	22	26	08:18:37	145
21:49	0	290	50,4	4086	3401	0,83	33	2668	88,7	19,9	45,5	1,80	1,19	0,61	0,34	22	26	08:18:39	145
21:50	0	290	50,8	4116	3404	0,83	34	2601	88,7	20,0	45,5	1,76	1,16	0,60	0,34	22	26	08:18:40	144
21:52	0	290	51,6	4176	3468	0,83	34	2648	90,2	20,3	44,6	1,76	1,17	0,59	0,33	22	26	08:18:42	144
21:53	0	290	51,8	4196	3490	0,83	35	2610	91,4	20,4	43,9	1,71	1,14	0,58	0,34	22	26	08:18:43	144
21:55	0	290	50,4	4081	3411	0,84	35	2552	89,7	19,9	44,9	1,71	1,13	0,57	0,34	22	26	08:18:45	144
21:57	0	290	49,4	4004	3356	0,84	35	2503	88,3	19,5	45,7	1,70	1,13	0,57	0,33	22	26	08:18:47	144
21:59	0	290	49,7	4029	3391	0,84	35	2530	88,6	19,6	45,6	1,71	1,14	0,57	0,33	22	26	08:18:49	144
22:00	0	290	50,5	4093	3450	0,84	35	2552	90,3	20,0	44,5	1,70	1,13	0,57	0,33	22	26	08:18:50	145
22:02	0	290	50,5	4088	3456	0,85	36	2540	91,9	19,9	43,5	1,66	1,09	0,57	0,34	22	27	08:18:52	146
22:04	0	290	48,7	3946	3372	0,85	35	2576	89,5	19,3	45,0	1,73	1,15	0,57	0,33	23	27	08:18:54	145
22:06	0	290	46,9	3797	3255	0,86	34	2504	85,8	18,6	47,3	1,75	1,18	0,58	0,33	23	26	08:18:56	145
22:08	0	290	47,1	3816	3227	0,85	34	2481	84,0	18,6	48,4	1,77	1,19	0,59	0,33	22	26	08:18:58	145
22:10	0	290	47,9	3879	3269	0,84	34	2533	84,9	18,9	47,8	1,79	1,19	0,60	0,34	22	26	08:19:00	145
22:12	0	290	45,8	3712	3130	0,84	33	2504	81,7	18,1	49,8	1,84	1,22	0,62	0,33	22	26	08:19:02	145
22:14	0	290	44,9	3633	3094	0,85	29	2732	79,8	17,8	51,0	2,05	1,36	0,70	0,34	22	26	08:19:04	145
22:17	0	290	43,1	3493	2980	0,85	28	2689	76,1	17,1	53,2	2,12	1,43	0,69	0,33	22	26	08:19:07	144
22:18	0	290	44,6	3616	3064	0,85	28	2774	77,7	17,6	52,3	2,14	1,44	0,70	0,33	21	25	08:19:08	144
22:20	0	290	46,4	3759	3178	0,85	29	2817	81,4	18,3	50,0	2,08	1,37	0,71	0,34	22	26	08:19:10	144
22:22	0	290	45,9	3721	3171	0,85	29	2800	82,0	18,2	49,6	2,05	1,35	0,70	0,34	22	26	08:19:12	144
22:25	0	290	44,2	3578	3055	0,85	28	2757	78,2	17,5	51,9	2,11	1,42	0,69	0,33	22	26	08:19:15	144
22:26	0	290	46,4	3759	3192	0,85	29	2806	81,3	18,4	50,0	2,07	1,38	0,69	0,33	22	25	08:19:16	144
22:29	0	290	48,6	3934	3316	0,84	30	2826	84,0	19,2	48,4	2,02	1,33	0,69	0,34	21	25	08:19:19	144
22:30	0	290	50,7	4109	3440	0,84	31	2782	87,5	20,0	46,3	1,91	1,24	0,67	0,35	21	25	08:19:20	144
22:32	0	290	50,8	4118	3441	0,84	33	2694	88,0	20,0	45,9	1,84	1,18	0,65	0,36	21	26	08:19:22	144
22:33	0	290	51,2	4144	3420	0,83	33	2610	87,4	20,1	46,3	1,79	1,16	0,63	0,35	21	26	08:19:23	144
22:35	0	290	53,0	4296	3544	0,83	35	2635	91,1	20,9	44,0	1,74	1,12	0,62	0,36	21	26	08:19:25	144
22:37	0	290	53,0	4296	3544	0,83	35	2635	91,1	20,9	44,0	1,74	1,12	0,62	0,36	21	26	08:19:27	144
22:39	0	290	49,7	4026	3398	0,84	33	2658	88,3	19,6	45,7	1,81	1,18	0,63	0,35	22	26	08:19:29	144
22:41	0	290	47,4	3837	3206	0,84	35	2374	83,8	18,7	48,5	1,70	1,13	0,57	0,33	22	26	08:19:31	145
22:43	0	290	48,5	3931	3295	0,84	36	2450	87,0	19,1	46,6	1,69	1,12	0,57	0,34	22	26	08:19:33	144
22:44	0	290	48,9	3957	3330	0,84	35	2520	88,2	19,3	45,8	1,71	1,13	0,58	0,34	22	26	08:19:34	145
22:47	0	290	47,1	3817	3277	0,86	32	2727	86,2	18,7	47,0	1,90	1,25	0,65	0,34	23	26	08:19:37	145
22:49	0	290	45,7	3702	3193	0,86	31	2728	83,2	18,1	48,8	1,97	1,30	0,67	0,34	22	26	08:19:39	146
22:51	0	290	46,6	3772	3233	0,86	31	2705	83,6	18,4	48,7	1,94	1,27	0,67	0,35	22	26	08:19:41	146
22:52	0	290	47,9	3882	3344	0,86	31	2779	86,9	19,0	46,6	1,92	1,26	0,66	0,34	22	26	08:19:42	147
22:54	0	290	49,5	4010	3448	0,86	31	2879	89,7	19,6	44,9	1,93	1,25	0,67	0,35	22	26	08:19:44	147
22:56	0	290	47,9	3883	3344	0,86	31	2779	86,9	19,0	46,6	1,92	1,26	0,66	0,34	22	26	08:19:46	147
22:59	0	290	46,0	3724	3223	0,87	30	2748	83,8	18,2	48,5	1,97	1,30	0,67	0,34	22	26	08:19:49	147
23:00	0	290	47,4	3838	3279	0,85	33	2621	85,3	18,8	47,6	1,84	1,22	0,62	0,34	22	26	08:19:50	147
23:02	0	290	50,2	4066	3413	0,84	33	2651	88,6	19,8	45,6	1,80	1,19	0,61	0,34	22	26	08:19:52	147
23:04	0	290	51,4	4165	3503	0,84	34	2682	91,9	20,3	43,6	1,75	1,16	0,59	0,34	22	26	08:19:54	147
23:06	0	290	51,2	4149	3513	0,85	35	2688	93,0	20,2	42,9	1,73	1,14	0,60	0,34	22	26	08:19:56	147
23:07	0	290	50,3	4071	3454	0,85	36	2583	92,3	19,9	43,3	1,68	1,11	0,57	0,34	23	27	08:19:57	147
23:09	0	290	51,4	4160	3569	0,86	35	2708	96,0	20,4	41,0	1,69	1,10	0,59	0,35	23	27	08:19:59	147
23:11	0	290	52,7	4271	3646	0,85	37	2649	97,5	20,9	40,1	1,63	1,06	0,57	0,35	23	27	08:20:01	148
23:12	0	290	49,7	4028	3534	0,88	35	2710	96,1	19,8	41,0	1,69	1,10	0,59	0,35	24	27	08:20:02	148
23:14	0	290	49,4	4000	3506	0,88	36	2671	95,7	19,7	41,2	1,67	1,09	0,58	0,35	24	27	08:20:04	148
23:15	0	290	48,3	3915	3442	0,88	36	2616	93,9	19,2	42,3	1,67	1,09	0,58	0,35	24	27	08:20:05	148
23:18	0	290	47,7	3867	3382	0,87	37	2510	92,1	19,0	43,4	1,64	1,07	0,57	0,35	24	27	08:20:08	148
23:20	0	290	46,6	3775	3335	0,88	33	2696	89,9	18,6	44,8	1,80	1,16	0,64	0,36	24	27	08:20:10	148
23:21	0	290	46,5	3769	3275	0,87	34	2548	87,4	18,5	46,3	1,75	1,12	0,63	0,36	23	27	08:20:11	147
23:23	0	290	45,3	3673	3175	0,86	33	2522	83,7	18,0	48,6	1,81	1,17	0,64	0,36	23	26	08:20:13	147
23:26	0	290	44,7	3619	3102	0,86	32	2536	80,7	17,7	50,4	1,89	1,21	0,68	0,36	22	26	08:20:16	147
23:28	0	290	45,0	3643	3091	0,85	31	2567	79,4	17,8	51,2	1,94	1,27	0,67	0,35	22	26	08:20:18	147
23:29	0	290	45,0	3642	3090	0,85	31	2567	79,4	17,8	51,2	1,94	1,27	0,67	0,35	22	26	08:20:19	146
23:31	0	290	45,8	3710	3042	0,82	34	2285	77,8	18,0	52,2	1,76	1,18	0,59	0,33	21	26	08:20:21	145
23:33	0	290	45,6	3695	3010	0,81	33	2306	77,0	17,9	52,7	1,80	1,20	0,60	0,33	21	26	08:20:23	142
23:35	0	290	45,0	3641	2961	0,81	32	2335	75,4	17,6	53,7	1,86	1,25	0,60	0,33	21	25	08:20:25	142
SV2																			
23:37	0	290	45,7	3703	2989	0,81	33	2318	76,0	17,9	53,3	1,83	1,25	0,58	0,32	21	25	08:20:27	142
23:39	0	290	45,7	3703	2989	0,81	33	2318	76,0	17,9	53,3	1,83	1,25	0,58	0,32	21	25	08:20:29	140
23:42	0	290	42,6	3448	2765	0,80	31	2236	69,7	16,7	57,2	1,93	1,32	0,61	0,32	20	25	08:20:32	140
23:44	0	290	42,5	3438	2773	0,81	30	2307	70,3	16,6	56,8	1,97	1,34	0,63	0,32	20	25	08:20:34	140
23:46	0	290	43,5	3526	2840	0,81	30	2380	72,1	17,0	55,7	1,98	1,33	0,65	0,33	20	25	08:20:36	140
23:48	0	290	42,4	3435	2758	0,80	30	2345	69,7	16,6	57,2	2,02	1,35	0,66	0,33	20	25	08:20:38	139
23:50	0	290	44,2	3577	2867	0,80	31	2392	73,0	17,3	55,1	1,97	1,30	0,66	0,34	20	25	08:20:40	138
23:51	0	290	44,1	3571	2887	0,81	31	2450	74,9	17,3	54,0	1,96	1,30	0,67	0,34	21	26	08:20:41	138
23:53	0	290	47,4	3842	3161	0,82	32	2610	84,0	18,6	48,4	1,86	1,19	0,67	0,36	22	27	08:20:43	138
23:55	0	290	49,3	3995	3325	0,83	34	2653	88,9	19,4	45,4	1,79	1,15	0,64	0,36	22	27	08:20:45	140
23:57	0	290	48,1	3897	3292	0,84	33	2662	88,5	19,0	45,6	1,80	1,16	0,65	0,36	23	27	08:20:47	140
23:58	0	290	46,5	3767	3233	0,86	34	2562	87,0	18,4	46,6	1,77	1,16	0,61	0,34	23	27	08:20:48	145
24:00	0	290	46,9	3795	3248	0,86	34	2560	86,8	18,6	46,7	1,77	1,16	0,61	0,35	23	27	08:20:50	145
24:02	0	290	46,7	3779	3217	0,85	34	2488	84,8	18,5	47,9	1,76	1,15	0,61	0,35	22	26	08:20:52	146
24:04	0	290	46,4	3755	3208	0,85	35	2417	83,7	18,4	48,5	1,73	1,15	0,58	0,34	22	26	08:20:54	146
24:05	0	290	46,4	3755	3208	0,85	35	2417	83,7	18,4	48,5	1,73	1,15	0,58	0,34	22	26	08:20:55	146
24:07	0	290	46,6	3776	3210	0,85	35	2377	83,9	18,4	48,5	1,70	1,12	0,58	0,34	22	26	08:20:57	146
24:09	0	290	46,2	3742	3209	0,86	33	2528	83,5	18,3	48,7	1,82	1,20	0,62	0,34	22	26	08:20:59	146
24:11	0	290	45,5	3684	3149	0,85	33	2507	81,6	18,0	49,9	1,84	1,20	0,64	0,35	22	26	08:21:01	146
24:13	0	290	44,5	3606	3074	0,85	33	2458	80,1	17,6	50,8	1,84	1,20	0,64	0,35	22	26	08:21:03	146
24:15	0	290	42,9	3478	2972	0,85	33	2378	78,0	17,0	52,1	1,83	1,20	0,63	0,34	22	26	08:21:05	146
24:18	0	290	42,9	3478	2962	0,85	29	2599	76,7	17,0	52,9	2,03	1,32	0,71	0,35	22	26	08:21:08	147
24:20	0	290	40,4	3274	2788	0,85	27	2660	71,9	16,0	55,8	2,22	1,48	0,74	0,33	22	26	08:21:10	145
24:22	0	290	40,8	3304	2723	0,82	28	2426	68,7	16,0	57,8	2,12	1,42	0,70	0,33	21	25	08:21:12	145
24:24	0	290	40,8	3303	2722	0,82	28	2426	68,7	16,0	57,8	2,12	1,42	0,70	0,33	21	25	08:21:14	145
24:26	0	290	42,5	3439	2817	0,82	28	2530	71,7	16,7	56,0	2,12	1,42	0,70	0,33	21	25	08:21:16	145
24:27	0	290	43,3	3511	2882	0,82	28	2638	73,8	17,0	54,7	2,15	1,43	0,72	0,33	21	26	08:21:17	145
24:31	0	290	44,1	3575	2902	0,81	29	2523	73,3	17,3	54,9	2,06	1,38	0,69	0,33	21	25	08:21:21	145
24:32	0	290	46,1	3734	2984	0,80	32	2346	75,6	18,0	53,6	1,86	1,26	0,60	0,32	20	25	08:21:22	145
24:34	0	290	49,1	3980	3190	0,80	33	2461	81,9	19,2	49,7	1,80	1,18	0,63	0,35	21	26	08:21:24	143
24:36	0	290	49,8	4030	3275	0,81	33	2568	85,7	19,5	47,3	1,80	1,16	0,63	0,35	21	26	08:21:26	143
24:38	0	290	48,7	3947	3217	0,81	33	2518	83,9	19,1	48,4	1,80	1,18	0,62	0,35	21	26	08:21:28	143
24:40	0	290	48,3	3911	3247	0,83	31	2701	84,7	19,0	48,0	1,91	1,23	0,68	0,36	22	26	08:21:30	143
24:42	0	290	47,9	3882	3229	0,83	32	2639	83,6	18,9	48,6	1,89	1,23	0,67	0,35	22	26	08:21:32	143
24:44	0	290	48,3	3909	3256	0,83	31	2702	84,4	19,0	48,2	1,92	1,22	0,71	0,37	22	26	08:21:34	144
24:46	0	290	47,1	3819	3238	0,85	31	2746	84,8	18,6	47,9	1,94	1,22	0,72	0,37	22	26	08:21:36	145
24:48	0	290	46,7	3783	3242	0,86	31	2758	85,0	18,5	47,8	1,95	1,23	0,71	0,37	22	26	08:21:38	146
24:49	0	290	46,9	3798	3227	0,85	32	2609	84,3	18,5	48,2	1,86	1,19	0,66	0,36	22	26	08:21:39	145
24:51	0	290	46,6	3773	3209	0,85	33	2545	83,6	18,4	48,6	1,83	1,18	0,64	0,35	22	26	08:21:41	145
