TEMPS	Vitesse	PUIS.	VO2/KG	VO2	VCO2	Q.R	FR	Vt	VE	KCal	Rés.V.	Ttot	Te	Ti	Ti/Ttot	VE/VO2	VE/VCO2	Horloge	FC
(min)	(RPM)	(Watts)	(mL/kg/min)	(mL/min)	(mL/min)		(br/min)	(mL)	(L/min)	(KCal/min)	(%)	(sec)	(sec)	(sec)				(Minuterie)	(BPM)
0:17	0	100	8,0	624	536	0,86	9	1831	15,6	3,1	90,6	7,05	5,60	1,45	0,21	25	29	09:28:39	84
0:20	0	100	10,2	801	589	0,73	19	808	15,6	3,8	90,6	3,10	2,73	0,37	0,12	20	27	09:28:42	90
0:23	0	100	10,2	798	588	0,74	19	808	15,6	3,8	90,6	3,10	2,73	0,37	0,12	20	27	09:28:45	90
0:30	0	100	12,2	957	671	0,70	12	1444	17,8	4,5	89,3	4,87	3,63	1,23	0,25	19	26	09:28:52	90
0:34	0	100	12,5	977	673	0,69	13	1393	17,7	4,6	89,4	4,73	3,46	1,27	0,27	18	26	09:28:56	91
0:38	0	100	12,8	1001	676	0,68	13	1320	17,7	4,7	89,3	4,48	3,27	1,21	0,27	18	26	09:29:00	93
0:41	0	100	13,0	1016	689	0,68	14	1281	18,1	4,8	89,1	4,26	3,18	1,07	0,25	18	26	09:29:03	94
0:44	0	100	13,9	1087	713	0,66	14	1304	18,7	5,1	88,8	4,19	3,00	1,19	0,28	17	26	09:29:06	98
0:47	0	100	15,2	1187	761	0,64	15	1282	19,8	5,5	88,0	3,88	2,76	1,12	0,29	17	26	09:29:09	98
0:50	0	100	16,4	1281	801	0,63	15	1339	20,7	5,9	87,5	3,88	2,63	1,25	0,32	16	26	09:29:12	100
0:55	0	100	19,1	1494	892	0,60	19	1171	22,5	6,9	86,4	3,12	2,12	1,00	0,32	15	25	09:29:17	100
0:58	0	100	20,8	1626	1013	0,62	20	1300	26,6	7,5	84,0	2,93	1,92	1,01	0,34	16	26	09:29:20	101
1:00	0	100	20,8	1629	1014	0,62	20	1300	26,6	7,5	84,0	2,93	1,92	1,01	0,34	16	26	09:29:22	101
1:03	0	100	21,3	1670	1093	0,65	20	1412	28,9	7,8	82,6	2,93	1,98	0,95	0,33	17	26	09:29:25	101
1:07	0	100	19,1	1497	1026	0,69	20	1417	27,7	7,0	83,3	3,07	2,13	0,94	0,31	19	27	09:29:29	101
1:11	0	100	18,0	1412	1000	0,71	18	1525	26,9	6,7	83,8	3,40	2,50	0,91	0,27	19	27	09:29:33	101
1:16	0	100	17,2	1344	953	0,71	16	1563	25,8	6,4	84,5	3,64	2,80	0,84	0,23	19	27	09:29:38	99
1:21	0	100	17,2	1344	952	0,71	16	1563	25,8	6,4	84,5	3,64	2,80	0,84	0,23	19	27	09:29:43	98
1:24	0	100	17,2	1348	959	0,71	16	1582	25,5	6,4	84,6	3,71	2,91	0,81	0,22	19	27	09:29:46	98
1:29	0	100	17,7	1384	986	0,71	15	1688	25,6	6,5	84,6	3,96	3,13	0,83	0,21	18	26	09:29:51	99
1:31	0	100	18,5	1450	1008	0,70	16	1651	25,7	6,8	84,5	3,86	3,07	0,79	0,20	18	25	09:29:53	100
1:34	0	100	20,0	1564	1112	0,71	17	1626	28,1	7,4	83,1	3,47	2,70	0,78	0,22	18	25	09:29:56	100
1:38	0	100	22,4	1753	1278	0,73	18	1829	32,9	8,3	80,2	3,33	2,40	0,93	0,28	19	26	09:30:00	100
1:45	0	100	22,4	1754	1278	0,73	18	1829	32,9	8,3	80,2	3,33	2,40	0,93	0,28	19	26	09:30:07	100
1:50	0	100	20,0	1566	1116	0,71	17	1639	27,5	7,4	83,4	3,57	2,81	0,77	0,21	18	25	09:30:12	99
1:54	0	100	20,8	1630	1143	0,70	16	1671	27,5	7,7	83,4	3,64	2,89	0,75	0,21	17	24	09:30:16	98
1:58	0	100	22,7	1774	1267	0,71	17	1848	31,5	8,4	81,0	3,52	2,71	0,81	0,23	18	25	09:30:20	98
2:01	0	100	22,3	1746	1295	0,74	16	2058	32,5	8,3	80,4	3,80	2,91	0,89	0,23	19	25	09:30:23	96
2:04	0	100	20,9	1637	1238	0,76	16	1973	31,6	7,8	81,0	3,75	2,90	0,85	0,23	19	26	09:30:26	96
2:07	0	100	20,9	1638	1238	0,76	16	1973	31,6	7,8	81,0	3,75	2,90	0,85	0,23	19	25	09:30:29	96
2:09	0	100	22,9	1794	1397	0,78	19	1974	36,9	8,6	77,7	3,21	2,33	0,87	0,27	21	26	09:30:31	96
2:13	0	100	23,0	1797	1398	0,78	19	1974	36,9	8,6	77,7	3,21	2,33	0,87	0,27	21	26	09:30:35	97
2:15	0	100	22,8	1786	1423	0,80	20	1854	37,9	8,6	77,2	2,94	2,13	0,81	0,28	21	27	09:30:37	97
2:18	0	100	22,6	1767	1410	0,80	23	1647	37,2	8,5	77,6	2,65	1,90	0,76	0,28	21	26	09:30:40	98
2:23	0	100	23,1	1805	1500	0,83	21	1969	40,6	8,8	75,5	2,91	2,02	0,89	0,31	22	27	09:30:45	98
2:26	0	100	23,4	1830	1542	0,84	20	2086	41,7	8,9	74,9	3,00	2,08	0,92	0,31	23	27	09:30:48	97
2:28	0	100	22,4	1756	1448	0,82	24	1623	38,7	8,5	76,7	2,52	1,75	0,77	0,31	22	27	09:30:50	93
2:31	0	100	21,3	1666	1374	0,82	24	1525	36,5	8,1	78,0	2,51	1,82	0,69	0,27	22	27	09:30:53	94
2:34	0	100	21,7	1701	1382	0,81	24	1526	36,2	8,2	78,2	2,53	1,84	0,69	0,27	21	26	09:30:56	93
2:38	0	100	20,1	1573	1316	0,84	22	1574	35,3	7,7	78,7	2,68	1,93	0,75	0,28	22	27	09:31:00	97
2:41	0	100	19,6	1533	1280	0,84	21	1600	34,1	7,5	79,4	2,81	2,06	0,75	0,27	22	27	09:31:03	100
2:43	0	100	19,6	1533	1280	0,84	21	1600	34,1	7,5	79,4	2,81	2,06	0,75	0,27	22	27	09:31:05	101
2:44	0	100	22,2	1739	1412	0,81	22	1651	37,0	8,4	77,7	2,68	1,93	0,75	0,28	21	26	09:31:06	101
2:46	0	100	20,8	1629	1305	0,80	20	1673	33,4	7,9	79,8	3,00	2,23	0,77	0,26	21	26	09:31:08	102
2:50	0	100	19,8	1551	1250	0,81	19	1711	32,2	7,5	80,6	3,19	2,40	0,78	0,25	21	26	09:31:12	102
2:53	0	100	18,9	1477	1189	0,80	20	1602	31,5	7,1	81,0	3,05	2,29	0,76	0,25	21	26	09:31:15	102
2:57	0	100	18,5	1451	1173	0,81	21	1497	31,9	7,0	80,8	2,82	2,07	0,75	0,27	22	27	09:31:19	102
3:00	0	100	19,6	1532	1231	0,80	22	1495	33,3	7,4	79,9	2,69	1,95	0,75	0,28	22	27	09:31:22	101
3:04	0	100	18,6	1452	1214	0,84	19	1784	33,3	7,1	80,0	3,22	2,43	0,79	0,24	23	27	09:31:26	101
3:07	0	100	17,8	1394	1194	0,86	19	1755	33,4	6,8	79,9	3,15	2,38	0,78	0,25	24	28	09:31:29	100
3:11	0	100	17,6	1378	1182	0,86	17	1876	32,0	6,7	80,7	3,52	2,74	0,78	0,22	23	27	09:31:33	100
3:17	0	100	17,3	1352	1143	0,85	15	2021	30,0	6,6	81,9	4,04	3,19	0,85	0,21	22	26	09:31:39	100
3:20	0	100	18,5	1452	1193	0,82	14	2122	30,5	7,0	81,6	4,18	3,38	0,80	0,19	21	26	09:31:42	100
3:24	0	100	20,8	1629	1328	0,81	17	2032	34,3	7,9	79,3	3,55	2,76	0,80	0,22	21	26	09:31:46	100
3:26	0	100	18,5	1451	1193	0,82	14	2122	30,5	7,0	81,6	4,18	3,38	0,80	0,19	21	26	09:31:48	101
3:30	0	100	16,9	1320	1051	0,80	16	1634	26,7	6,4	83,9	3,67	3,03	0,64	0,17	20	25	09:31:52	100
3:33	0	100	15,9	1245	974	0,78	16	1536	24,8	6,0	85,1	3,72	3,19	0,53	0,14	20	25	09:31:55	99
3:38	0	100	15,4	1209	931	0,77	15	1559	23,2	5,8	86,0	4,03	3,50	0,53	0,13	19	25	09:32:00	100
3:43	0	100	19,1	1497	1142	0,76	16	1777	28,4	7,2	82,9	3,76	3,22	0,54	0,14	19	25	09:32:05	100
3:46	0	100	19,8	1552	1215	0,78	16	1899	30,9	7,5	81,3	3,68	3,08	0,61	0,16	20	25	09:32:08	100
3:49	0	100	19,8	1553	1215	0,78	16	1899	30,9	7,5	81,3	3,68	3,08	0,61	0,16	20	25	09:32:11	100
3:51	0	100	21,7	1695	1347	0,79	16	2119	34,2	8,2	79,4	3,72	2,99	0,73	0,20	20	25	09:32:13	102
3:54	0	100	24,4	1914	1545	0,81	20	2054	40,3	9,3	75,7	3,06	2,31	0,75	0,24	21	26	09:32:16	102
Départ Exercice																			
3:57	0	175	25,1	1962	1607	0,82	19	2210	41,8	9,5	74,8	3,17	2,32	0,85	0,27	21	26	09:32:19	102
3:59	0	175	25,8	2024	1662	0,82	20	2189	43,1	9,8	74,0	3,04	2,18	0,86	0,28	21	26	09:32:21	102
4:12	0	175	24,2	1896	1595	0,84	22	1927	42,3	9,2	74,5	2,73	1,89	0,84	0,31	22	27	09:32:34	103
4:15	0	175	23,6	1850	1568	0,85	23	1834	41,7	9,0	74,9	2,64	1,79	0,84	0,32	23	27	09:32:37	102
4:18	0	175	22,1	1733	1473	0,85	22	1817	39,3	8,5	76,3	2,78	1,95	0,83	0,30	23	27	09:32:40	102
SV1																			
4:21	0	175	20,9	1638	1404	0,86	22	1745	37,8	8,0	77,2	2,77	1,94	0,83	0,30	23	27	09:32:43	103
4:24	0	175	22,1	1732	1468	0,85	21	1845	38,5	8,5	76,8	2,87	2,04	0,84	0,29	22	26	09:32:46	103
4:27	0	175	23,3	1822	1557	0,85	20	1954	39,8	8,9	76,0	2,95	2,01	0,93	0,32	22	26	09:32:49	106
4:31	0	175	23,9	1869	1592	0,85	19	2070	39,5	9,1	76,2	3,14	2,15	0,99	0,32	21	25	09:32:53	110
4:35	0	175	24,9	1949	1681	0,86	18	2337	41,1	9,5	75,3	3,42	2,33	1,09	0,32	21	24	09:32:57	109
4:38	0	175	25,4	1988	1718	0,86	18	2367	41,6	9,7	74,9	3,42	2,34	1,08	0,32	21	24	09:33:00	112
4:40	0	175	26,8	2099	1808	0,86	18	2441	43,5	10,3	73,8	3,37	2,28	1,09	0,32	21	24	09:33:02	115
4:44	0	175	26,8	2099	1808	0,86	18	2441	43,5	10,3	73,8	3,37	2,28	1,09	0,32	21	24	09:33:06	115
4:47	0	175	26,8	2099	1808	0,86	18	2441	43,5	10,3	73,8	3,37	2,28	1,09	0,32	21	24	09:33:09	117
4:50	0	175	27,6	2165	1866	0,86	18	2450	44,9	10,6	73,0	3,28	2,25	1,03	0,31	21	24	09:33:12	117
4:52	0	175	28,0	2194	1893	0,86	19	2367	45,7	10,7	72,4	3,11	2,12	0,98	0,32	21	24	09:33:14	117
4:55	0	175	27,7	2170	1858	0,86	22	2064	45,2	10,6	72,8	2,74	1,89	0,85	0,31	21	24	09:33:17	117
4:58	0	175	28,6	2242	1937	0,86	22	2164	46,8	11,0	71,8	2,77	1,91	0,87	0,31	21	24	09:33:20	116
5:01	0	175	28,3	2216	1937	0,87	21	2208	46,7	10,9	71,9	2,84	1,94	0,89	0,32	21	24	09:33:23	117
5:04	0	175	28,7	2244	1958	0,87	21	2220	47,3	11,0	71,5	2,82	1,94	0,87	0,31	21	24	09:33:26	115
5:07	0	175	28,1	2204	1930	0,88	22	2165	46,6	10,8	71,9	2,79	1,92	0,87	0,31	21	24	09:33:29	115
5:10	0	175	28,2	2210	1952	0,88	20	2320	47,4	10,9	71,4	2,94	1,98	0,96	0,33	21	24	09:33:32	116
5:13	0	175	28,6	2242	2008	0,90	20	2401	49,0	11,1	70,5	2,94	1,97	0,97	0,33	22	24	09:33:35	115
5:16	0	175	28,3	2218	2015	0,91	20	2456	49,7	11,0	70,1	2,97	1,96	1,00	0,34	22	25	09:33:38	115
5:19	0	175	28,2	2209	2032	0,92	21	2380	50,4	11,0	69,6	2,83	1,91	0,93	0,33	23	25	09:33:41	115
5:21	0	175	28,7	2244	2083	0,93	22	2388	51,7	11,2	68,8	2,77	1,87	0,90	0,33	23	25	09:33:43	117
5:24	0	175	28,9	2263	2126	0,94	22	2435	52,7	11,3	68,2	2,77	1,83	0,94	0,34	23	25	09:33:46	118
5:27	0	175	29,2	2285	2162	0,95	21	2536	53,2	11,4	68,0	2,86	1,88	0,98	0,34	23	25	09:33:49	119
5:32	0	175	28,4	2225	2133	0,96	19	2772	51,8	11,1	68,8	3,21	2,13	1,08	0,34	23	24	09:33:54	121
5:36	0	175	28,3	2213	2140	0,97	18	2926	51,6	11,1	68,9	3,40	2,29	1,12	0,33	23	24	09:33:58	120
5:40	0	175	28,8	2257	2181	0,97	17	3113	51,9	11,3	68,7	3,60	2,37	1,23	0,34	23	24	09:34:02	121
5:45	0	175	28,3	2213	2140	0,97	18	2926	51,6	11,1	68,9	3,40	2,29	1,12	0,33	23	24	09:34:07	122
5:48	0	175	28,0	2192	2129	0,97	16	3229	50,5	11,0	69,6	3,84	2,56	1,28	0,33	23	24	09:34:10	122
5:52	0	175	27,2	2128	2055	0,97	15	3139	48,4	10,7	70,8	3,89	2,64	1,25	0,32	23	24	09:34:14	122
5:55	0	175	27,4	2142	2031	0,95	16	3033	47,5	10,7	71,4	3,83	2,66	1,18	0,31	22	23	09:34:17	122
5:57	0	175	27,5	2156	1989	0,92	17	2650	46,3	10,7	72,1	3,44	2,36	1,07	0,31	21	23	09:34:19	121
6:00	0	175	27,1	2123	1917	0,90	18	2431	44,5	10,5	73,2	3,28	2,25	1,03	0,31	21	23	09:34:22	123
6:03	0	175	27,1	2123	1917	0,90	18	2431	44,5	10,5	73,2	3,28	2,25	1,03	0,31	21	23	09:34:25	124
6:06	0	175	28,2	2206	1952	0,88	21	2195	46,3	10,9	72,1	2,85	1,97	0,88	0,31	21	24	09:34:28	125
6:09	0	175	29,8	2331	2082	0,89	22	2292	49,7	11,5	70,0	2,77	1,93	0,84	0,30	21	24	09:34:31	125
6:12	0	175	31,2	2444	2239	0,92	21	2535	53,9	12,1	67,5	2,82	1,96	0,87	0,31	22	24	09:34:34	124
6:15	0	175	31,7	2482	2335	0,94	21	2657	56,7	12,4	65,8	2,81	1,91	0,91	0,32	23	24	09:34:37	123
6:18	0	175	31,8	2487	2391	0,96	21	2741	58,3	12,5	64,8	2,82	1,93	0,89	0,31	23	24	09:34:40	122
6:20	0	175	32,2	2519	2424	0,96	21	2778	58,9	12,6	64,5	2,83	1,94	0,89	0,31	23	24	09:34:42	122
6:25	0	175	31,5	2463	2371	0,96	22	2650	57,6	12,3	65,3	2,76	1,91	0,85	0,31	23	24	09:34:47	122
6:29	0	175	30,7	2403	2347	0,98	21	2733	56,1	12,1	66,2	2,92	2,04	0,89	0,30	23	24	09:34:51	122
6:32	0	175	30,2	2367	2329	0,98	19	2862	55,5	11,9	66,6	3,10	2,13	0,97	0,31	23	24	09:34:54	122
6:35	0	175	29,9	2340	2295	0,98	19	2840	54,3	11,8	67,3	3,14	2,17	0,97	0,31	23	24	09:34:57	122
6:38	0	175	29,2	2286	2229	0,98	19	2734	52,7	11,5	68,2	3,11	2,16	0,95	0,31	23	24	09:35:00	122
6:41	0	175	28,5	2229	2197	0,99	17	2989	51,5	11,2	69,0	3,48	2,42	1,07	0,31	23	23	09:35:03	121
6:44	0	175	28,0	2193	2157	0,98	17	2932	50,5	11,0	69,6	3,48	2,40	1,08	0,31	23	23	09:35:06	121
6:48	0	175	28,1	2200	2120	0,96	19	2600	49,6	11,0	70,1	3,15	2,16	0,99	0,31	23	23	09:35:10	121
6:51	0	175	28,1	2204	2111	0,96	20	2509	49,6	11,0	70,1	3,03	2,08	0,95	0,31	23	24	09:35:13	122
6:54	0	175	28,7	2247	2148	0,96	20	2592	50,6	11,2	69,5	3,08	2,10	0,98	0,32	23	24	09:35:16	122
6:57	0	175	27,3	2135	2035	0,95	20	2465	48,1	10,7	71,0	3,08	2,09	0,98	0,32	23	24	09:35:19	123
7:00	0	175	29,1	2277	2137	0,94	20	2541	50,0	11,3	69,8	3,05	2,05	1,00	0,33	22	23	09:35:22	127
7:02	0	175	30,9	2416	2246	0,93	21	2557	52,6	12,0	68,3	2,92	1,96	0,96	0,33	22	23	09:35:24	127
7:04	0	175	32,0	2506	2346	0,94	21	2634	55,9	12,5	66,3	2,83	1,89	0,94	0,33	22	24	09:35:26	128
7:07	0	175	33,9	2656	2514	0,95	21	2853	60,6	13,3	63,5	2,82	1,88	0,94	0,33	23	24	09:35:29	128
7:10	0	175	32,4	2533	2450	0,97	21	2845	59,7	12,7	64,0	2,86	1,92	0,93	0,33	24	24	09:35:32	127
7:14	0	175	32,3	2529	2480	0,98	21	2932	60,7	12,7	63,4	2,90	1,94	0,96	0,33	24	24	09:35:36	127
7:17	0	175	32,3	2529	2480	0,98	21	2932	60,7	12,7	63,4	2,90	1,94	0,96	0,33	24	24	09:35:39	126
7:19	0	175	31,5	2463	2443	0,99	20	2966	60,3	12,4	63,6	2,95	1,99	0,96	0,32	24	25	09:35:41	125
7:22	0	175	30,9	2423	2398	0,99	21	2874	58,9	12,2	64,5	2,93	1,98	0,94	0,32	24	25	09:35:44	125
7:25	0	175	30,1	2357	2339	0,99	20	2820	57,5	11,9	65,4	2,94	2,01	0,93	0,32	24	25	09:35:47	125
7:27	0	175	29,8	2330	2308	0,99	20	2777	56,6	11,7	65,9	2,95	1,99	0,95	0,32	24	25	09:35:49	125
7:30	0	175	30,0	2348	2309	0,98	21	2734	56,8	11,8	65,8	2,89	1,93	0,96	0,33	24	25	09:35:52	126
7:32	0	175	29,6	2321	2244	0,97	23	2384	55,7	11,6	66,4	2,57	1,73	0,83	0,32	24	25	09:35:54	127
7:35	0	175	29,9	2339	2254	0,96	24	2344	55,9	11,7	66,3	2,52	1,68	0,84	0,33	24	25	09:35:57	128
7:37	0	175	29,8	2335	2258	0,97	24	2321	55,8	11,7	66,3	2,49	1,66	0,84	0,34	24	25	09:35:59	128
7:40	0	175	30,2	2366	2276	0,96	24	2306	56,1	11,8	66,2	2,47	1,62	0,84	0,34	24	25	09:36:02	128
7:42	0	175	30,7	2401	2309	0,96	24	2330	56,8	12,0	65,7	2,46	1,61	0,85	0,34	24	25	09:36:04	128
7:44	0	175	30,8	2415	2332	0,97	25	2334	57,7	12,1	65,2	2,43	1,59	0,84	0,35	24	25	09:36:06	128
7:47	0	175	31,0	2423	2345	0,97	25	2343	58,0	12,2	65,0	2,42	1,58	0,84	0,35	24	25	09:36:09	128
7:50	0	175	31,3	2451	2382	0,97	25	2398	59,1	12,3	64,4	2,44	1,59	0,84	0,35	24	25	09:36:12	128
7:53	0	175	31,1	2438	2361	0,97	25	2379	58,6	12,2	64,7	2,43	1,60	0,83	0,34	24	25	09:36:15	128
7:55	0	175	30,9	2416	2339	0,97	24	2380	57,9	12,1	65,1	2,47	1,63	0,84	0,34	24	25	09:36:17	128
7:58	0	175	31,5	2466	2413	0,98	23	2549	59,9	12,4	63,9	2,55	1,67	0,89	0,35	24	25	09:36:20	132
8:01	0	175	31,6	2471	2427	0,98	23	2583	60,3	12,4	63,7	2,57	1,69	0,88	0,34	24	25	09:36:23	132
8:04	0	175	32,0	2507	2474	0,99	22	2725	61,0	12,6	63,3	2,68	1,78	0,90	0,34	24	25	09:36:26	132
8:06	0	175	32,4	2537	2533	1,00	21	2945	62,6	12,8	62,3	2,82	1,85	0,97	0,34	25	25	09:36:28	132
8:08	0	175	31,6	2478	2438	0,98	22	2682	60,1	12,5	63,8	2,68	1,78	0,90	0,34	24	25	09:36:30	132
8:11	0	175	31,8	2490	2446	0,98	23	2663	60,6	12,5	63,5	2,64	1,74	0,90	0,34	24	25	09:36:33	132
8:13	0	175	31,8	2490	2446	0,98	23	2663	60,6	12,5	63,5	2,64	1,74	0,90	0,34	24	25	09:36:35	132
8:17	0	175	31,1	2437	2429	1,00	21	2808	60,0	12,3	63,8	2,81	1,85	0,96	0,34	25	25	09:36:39	133
8:21	0	175	30,4	2382	2371	1,00	21	2743	58,9	12,0	64,5	2,79	1,81	0,98	0,35	25	25	09:36:43	133
8:23	0	175	29,9	2339	2299	0,98	22	2582	56,8	11,8	65,8	2,73	1,77	0,96	0,35	24	25	09:36:45	133
8:26	0	175	30,3	2374	2260	0,95	24	2335	55,2	11,9	66,7	2,54	1,67	0,87	0,34	23	24	09:36:48	133
8:31	0	175	30,2	2362	2308	0,98	21	2630	56,4	11,9	66,0	2,80	1,83	0,97	0,35	24	24	09:36:53	132
8:35	0	175	28,5	2234	2210	0,99	19	2865	53,7	11,3	67,6	3,20	2,09	1,11	0,35	24	24	09:36:57	132
8:39	0	175	29,2	2290	2257	0,99	17	3120	53,9	11,5	67,5	3,48	2,29	1,18	0,34	24	24	09:37:01	131
8:42	0	175	29,1	2276	2190	0,96	18	2898	51,7	11,4	68,9	3,37	2,27	1,10	0,33	23	24	09:37:04	129
8:46	0	175	31,3	2454	2333	0,95	18	2991	54,6	12,3	67,1	3,29	2,25	1,03	0,31	22	23	09:37:08	129
8:49	0	175	30,9	2420	2311	0,95	18	3105	54,4	12,1	67,2	3,43	2,33	1,10	0,32	22	24	09:37:11	129
8:52	0	175	31,1	2436	2323	0,95	18	3083	54,8	12,2	67,0	3,38	2,29	1,08	0,32	22	24	09:37:14	129
8:54	0	175	31,1	2436	2323	0,95	18	3083	54,8	12,2	67,0	3,38	2,29	1,08	0,32	22	24	09:37:16	129
8:57	0	175	31,1	2438	2325	0,95	18	2990	55,3	12,2	66,7	3,24	2,20	1,05	0,32	23	24	09:37:19	130
9:00	0	175	31,4	2462	2329	0,95	21	2737	56,2	12,3	66,1	2,92	1,99	0,94	0,32	23	24	09:37:22	129
9:02	0	175	32,0	2507	2359	0,94	21	2658	57,0	12,5	65,6	2,80	1,92	0,87	0,31	23	24	09:37:24	131
9:05	0	175	31,2	2446	2272	0,93	24	2333	55,4	12,2	66,6	2,53	1,74	0,79	0,31	23	24	09:37:27	131
9:08	0	175	32,3	2528	2338	0,92	24	2389	56,8	12,6	65,8	2,53	1,70	0,83	0,33	22	24	09:37:30	131
9:10	0	175	32,8	2572	2384	0,93	23	2521	57,4	12,8	65,4	2,64	1,76	0,88	0,33	22	24	09:37:32	131
9:14	0	175	33,3	2608	2454	0,94	21	2824	58,7	13,0	64,6	2,89	1,92	0,97	0,34	22	24	09:37:36	131
9:17	0	175	33,1	2595	2467	0,95	20	2904	59,3	13,0	64,3	2,94	1,91	1,03	0,35	23	24	09:37:39	133
9:20	0	175	32,6	2549	2449	0,96	20	2903	58,9	12,8	64,5	2,96	1,92	1,04	0,35	23	24	09:37:42	133
9:23	0	175	32,5	2548	2468	0,97	19	3059	58,8	12,8	64,5	3,12	2,05	1,07	0,34	23	24	09:37:45	133
9:27	0	175	32,6	2555	2475	0,97	18	3280	58,4	12,8	64,8	3,37	2,24	1,13	0,33	23	24	09:37:49	133
9:31	0	175	32,1	2512	2445	0,97	16	3482	57,3	12,6	65,5	3,65	2,41	1,24	0,34	23	23	09:37:53	133
9:35	0	175	31,0	2427	2356	0,97	17	3242	55,4	12,2	66,6	3,51	2,31	1,21	0,34	23	23	09:37:57	132
9:37	0	175	31,0	2427	2356	0,97	17	3242	55,4	12,2	66,6	3,51	2,31	1,21	0,34	23	23	09:37:59	133
9:40	0	175	31,9	2496	2405	0,96	17	3249	56,3	12,5	66,0	3,46	2,30	1,16	0,33	23	23	09:38:02	133
9:43	0	175	32,0	2507	2399	0,96	18	3199	56,4	12,5	66,0	3,40	2,30	1,10	0,32	23	24	09:38:05	134
9:46	0	175	33,0	2581	2471	0,96	18	3236	58,9	12,9	64,5	3,30	2,21	1,09	0,33	23	24	09:38:08	134
9:48	0	175	33,2	2596	2485	0,96	20	3028	60,4	13,0	63,6	3,01	2,02	0,98	0,33	23	24	09:38:10	135
9:51	0	175	34,3	2689	2570	0,96	22	2912	63,3	13,4	61,8	2,76	1,92	0,84	0,30	24	25	09:38:13	135
9:55	0	175	34,4	2694	2605	0,97	20	3255	64,6	13,5	61,0	3,02	2,14	0,88	0,29	24	25	09:38:17	135
9:58	0	175	33,3	2605	2520	0,97	20	3111	63,1	13,1	62,0	2,96	2,10	0,86	0,29	24	25	09:38:20	135
10:01	0	175	31,6	2477	2412	0,97	19	3095	60,3	12,4	63,6	3,08	2,19	0,89	0,29	24	25	09:38:23	135
10:04	0	175	30,2	2365	2316	0,98	20	2965	58,7	11,9	64,6	3,03	2,16	0,88	0,29	25	25	09:38:26	135
10:07	0	175	30,2	2361	2281	0,97	20	2876	57,4	11,8	65,4	3,01	2,13	0,88	0,29	24	25	09:38:29	135
10:09	0	175	30,5	2385	2263	0,95	20	2781	56,6	11,9	65,9	2,95	2,08	0,87	0,30	24	25	09:38:31	134
10:12	0	175	29,9	2344	2171	0,93	23	2366	53,6	11,6	67,7	2,65	1,81	0,84	0,32	23	25	09:38:34	134
10:14	0	175	29,0	2272	2115	0,93	23	2326	52,8	11,3	68,2	2,64	1,78	0,86	0,33	23	25	09:38:36	134
10:17	0	175	31,1	2431	2220	0,91	23	2382	54,5	12,0	67,1	2,62	1,76	0,86	0,33	22	25	09:38:39	134
10:19	0	175	32,1	2511	2282	0,91	24	2365	56,6	12,4	65,9	2,51	1,67	0,84	0,34	23	25	09:38:41	136
10:23	0	175	32,1	2511	2282	0,91	24	2365	56,6	12,4	65,9	2,51	1,67	0,84	0,34	23	25	09:38:45	135
10:27	0	175	30,6	2394	2210	0,92	22	2493	54,9	11,9	66,9	2,72	1,75	0,98	0,36	23	25	09:38:49	136
10:29	0	175	29,6	2320	2185	0,94	20	2674	54,1	11,6	67,4	2,97	1,90	1,07	0,36	23	25	09:38:51	135
10:31	0	175	30,3	2373	2215	0,93	21	2632	54,6	11,8	67,1	2,89	1,87	1,02	0,35	23	25	09:38:53	134
10:33	0	175	30,2	2361	2202	0,93	21	2574	54,5	11,7	67,1	2,83	1,83	1,00	0,35	23	25	09:38:55	132
10:36	0	175	29,1	2281	2134	0,94	21	2531	52,9	11,4	68,1	2,87	1,84	1,02	0,36	23	25	09:38:58	133
10:39	0	175	28,6	2238	2086	0,93	21	2425	51,5	11,1	68,9	2,82	1,81	1,01	0,36	23	25	09:39:01	134
10:42	0	175	29,7	2327	2148	0,92	22	2411	52,9	11,6	68,1	2,73	1,77	0,97	0,35	23	25	09:39:04	133
10:44	0	175	30,9	2417	2200	0,91	25	2198	54,7	12,0	67,0	2,41	1,60	0,81	0,33	23	25	09:39:06	136
10:47	0	175	32,3	2532	2312	0,91	25	2302	57,8	12,5	65,1	2,39	1,59	0,80	0,34	23	25	09:39:09	137
10:49	0	175	32,4	2534	2344	0,93	25	2376	59,1	12,6	64,4	2,41	1,61	0,81	0,33	23	25	09:39:11	137
10:51	0	175	33,5	2625	2467	0,94	24	2574	61,9	13,1	62,7	2,49	1,66	0,84	0,34	24	25	09:39:13	139
10:54	0	175	34,8	2726	2571	0,94	24	2663	64,4	13,6	61,2	2,48	1,65	0,83	0,33	24	25	09:39:16	139
10:56	0	175	35,5	2781	2626	0,94	27	2505	66,7	13,9	59,8	2,25	1,49	0,76	0,34	24	25	09:39:18	140
10:58	0	175	35,5	2782	2626	0,94	27	2505	66,7	13,9	59,8	2,25	1,49	0,76	0,34	24	25	09:39:20	140
11:01	0	175	34,6	2712	2610	0,96	25	2639	66,9	13,6	59,7	2,37	1,57	0,80	0,34	25	26	09:39:23	140
11:03	0	175	34,7	2720	2622	0,96	26	2595	67,5	13,6	59,3	2,31	1,53	0,78	0,34	25	26	09:39:25	140
11:06	0	175	33,8	2648	2558	0,97	25	2609	65,6	13,3	60,4	2,39	1,59	0,80	0,33	25	26	09:39:28	140
11:09	0	175	33,9	2658	2559	0,96	26	2517	65,6	13,3	60,4	2,30	1,55	0,76	0,33	25	26	09:39:31	140
11:13	0	175	32,0	2504	2439	0,97	25	2547	63,1	12,6	62,0	2,42	1,65	0,77	0,32	25	26	09:39:35	139
11:16	0	175	29,9	2338	2305	0,99	22	2710	59,2	11,8	64,3	2,75	1,88	0,87	0,32	25	26	09:39:38	138
11:18	0	175	30,0	2352	2258	0,96	22	2594	56,7	11,8	65,8	2,75	1,92	0,83	0,30	24	25	09:39:40	138
11:21	0	175	31,4	2457	2345	0,95	21	2751	58,9	12,3	64,5	2,80	1,95	0,86	0,31	24	25	09:39:43	136
11:24	0	175	31,1	2432	2296	0,94	21	2731	57,6	12,1	65,3	2,85	1,98	0,87	0,30	24	25	09:39:46	136
11:26	0	175	32,0	2502	2349	0,94	22	2728	58,9	12,5	64,5	2,78	1,93	0,85	0,31	24	25	09:39:48	136
11:28	0	175	32,0	2502	2349	0,94	22	2728	58,9	12,5	64,5	2,78	1,93	0,85	0,31	24	25	09:39:50	133
11:30	0	175	33,8	2649	2463	0,93	24	2635	62,2	13,2	62,5	2,54	1,78	0,76	0,30	23	25	09:39:52	133
11:33	0	175	33,5	2624	2458	0,94	24	2633	63,1	13,1	61,9	2,50	1,73	0,77	0,31	24	26	09:39:55	134
11:35	0	175	33,5	2625	2459	0,94	24	2633	63,1	13,1	61,9	2,50	1,73	0,77	0,31	24	26	09:39:57	135
11:37	0	175	34,0	2661	2473	0,93	25	2475	62,9	13,2	62,1	2,36	1,65	0,71	0,30	24	25	09:39:59	135
11:40	0	175	34,5	2703	2524	0,93	26	2510	64,4	13,5	61,2	2,34	1,62	0,71	0,31	24	26	09:40:02	135
11:42	0	175	33,5	2624	2451	0,93	25	2496	62,1	13,1	62,5	2,41	1,68	0,73	0,30	24	25	09:40:04	136
11:45	0	175	33,5	2624	2451	0,93	25	2496	62,1	13,1	62,5	2,41	1,68	0,73	0,30	24	25	09:40:07	136
11:48	0	175	33,7	2642	2494	0,94	22	2814	62,4	13,2	62,4	2,70	1,81	0,89	0,33	24	25	09:40:10	136
11:51	0	175	33,4	2619	2477	0,95	22	2821	61,9	13,1	62,7	2,73	1,82	0,91	0,33	24	25	09:40:13	139
11:53	0	175	34,2	2675	2533	0,95	23	2812	63,6	13,4	61,7	2,65	1,77	0,88	0,33	24	25	09:40:15	139
11:58	0	175	32,7	2562	2432	0,95	22	2737	61,4	12,8	63,0	2,68	1,80	0,88	0,33	24	25	09:40:20	139
12:00	0	175	32,7	2558	2390	0,93	22	2670	60,0	12,7	63,9	2,67	1,82	0,85	0,32	23	25	09:40:22	139
12:03	0	175	34,6	2708	2511	0,93	22	2881	62,6	13,5	62,3	2,76	1,83	0,93	0,34	23	25	09:40:25	139
12:05	0	175	34,2	2678	2498	0,93	22	2795	62,8	13,3	62,2	2,67	1,79	0,88	0,33	23	25	09:40:27	139
12:08	0	175	34,3	2688	2468	0,92	25	2502	63,0	13,3	62,0	2,38	1,65	0,73	0,31	23	26	09:40:30	139
12:11	0	175	35,0	2744	2538	0,93	24	2702	64,9	13,6	60,9	2,50	1,74	0,76	0,30	24	26	09:40:33	140
12:13	0	175	34,8	2725	2524	0,93	24	2740	64,6	13,5	61,1	2,54	1,76	0,78	0,31	24	26	09:40:35	140
12:16	0	175	34,8	2725	2524	0,93	24	2740	64,6	13,5	61,1	2,54	1,76	0,78	0,31	24	26	09:40:38	141
12:19	0	175	34,7	2718	2558	0,94	24	2774	65,5	13,5	60,5	2,54	1,73	0,81	0,32	24	26	09:40:41	141
12:21	0	175	34,6	2706	2548	0,94	24	2749	65,0	13,5	60,8	2,54	1,74	0,80	0,32	24	26	09:40:43	141
12:23	0	175	33,8	2647	2508	0,95	24	2721	64,0	13,2	61,4	2,55	1,75	0,80	0,32	24	26	09:40:45	138
12:27	0	175	33,2	2602	2500	0,96	22	2946	64,3	13,0	61,3	2,75	1,88	0,87	0,32	25	26	09:40:49	138
12:30	0	175	33,4	2613	2511	0,96	22	2938	63,3	13,1	61,8	2,78	1,85	0,93	0,33	24	25	09:40:52	138
12:33	0	175	32,9	2578	2478	0,96	20	3021	61,8	12,9	62,8	2,93	1,95	0,99	0,34	24	25	09:40:55	138
12:37	0	175	32,8	2566	2474	0,96	20	3130	61,9	12,9	62,7	3,03	2,04	0,99	0,33	24	25	09:40:59	138
12:40	0	175	32,4	2538	2449	0,96	19	3248	60,8	12,7	63,4	3,21	2,13	1,08	0,34	24	25	09:41:02	138
12:42	0	175	32,1	2516	2409	0,96	19	3131	59,1	12,6	64,4	3,18	2,12	1,06	0,33	23	25	09:41:04	138
12:45	0	175	32,4	2535	2445	0,96	18	3335	60,0	12,7	63,8	3,34	2,22	1,12	0,34	24	25	09:41:07	140
12:47	0	175	31,9	2501	2384	0,95	19	3045	58,2	12,5	64,9	3,14	2,09	1,04	0,33	23	24	09:41:09	141
12:50	0	175	31,3	2451	2302	0,94	20	2874	56,5	12,2	66,0	3,05	2,05	1,00	0,33	23	25	09:41:12	139
12:53	0	175	31,6	2475	2298	0,93	21	2720	56,6	12,3	65,9	2,88	1,93	0,95	0,33	23	25	09:41:15	138
12:55	0	175	32,5	2543	2326	0,91	23	2471	57,6	12,6	65,3	2,58	1,72	0,86	0,33	23	25	09:41:17	138
12:57	0	175	33,5	2621	2369	0,90	25	2322	58,6	13,0	64,7	2,38	1,61	0,77	0,32	22	25	09:41:19	138
13:01	0	175	34,6	2710	2452	0,90	25	2437	60,7	13,4	63,4	2,41	1,63	0,78	0,32	22	25	09:41:23	139
13:03	0	175	34,6	2710	2467	0,91	25	2482	61,0	13,4	63,2	2,44	1,63	0,81	0,33	23	25	09:41:25	139
13:06	0	175	35,2	2755	2535	0,92	25	2500	63,0	13,7	62,0	2,38	1,59	0,79	0,33	23	25	09:41:28	138
13:08	0	175	35,2	2755	2536	0,92	25	2500	63,0	13,7	62,0	2,38	1,59	0,79	0,33	23	25	09:41:30	139
13:10	0	175	35,2	2754	2554	0,93	26	2490	63,7	13,7	61,6	2,34	1,57	0,78	0,33	23	25	09:41:32	140
13:12	0	175	34,7	2714	2545	0,94	25	2523	64,1	13,5	61,4	2,36	1,58	0,78	0,33	24	25	09:41:34	141
13:17	0	175	33,6	2630	2484	0,94	26	2443	62,6	13,1	62,3	2,34	1,56	0,79	0,34	24	25	09:41:39	141
13:20	0	175	33,9	2655	2457	0,93	24	2530	60,7	13,2	63,4	2,50	1,62	0,88	0,35	23	25	09:41:42	141
13:23	0	175	33,6	2633	2428	0,92	22	2760	59,5	13,1	64,1	2,78	1,79	1,00	0,36	23	25	09:41:45	141
13:26	0	175	33,9	2655	2430	0,91	21	2790	59,3	13,2	64,2	2,82	1,86	0,96	0,34	22	24	09:41:48	142
13:29	0	175	34,6	2706	2459	0,91	21	2836	59,7	13,4	64,0	2,85	1,88	0,97	0,34	22	24	09:41:51	143
13:31	0	175	34,7	2713	2478	0,91	21	2914	60,4	13,4	63,6	2,89	1,92	0,98	0,34	22	24	09:41:53	143
13:33	0	175	34,6	2711	2463	0,91	21	2887	59,5	13,4	64,1	2,91	1,93	0,98	0,34	22	24	09:41:55	143
13:36	0	175	34,6	2711	2463	0,91	21	2887	59,5	13,4	64,1	2,91	1,93	0,98	0,34	22	24	09:41:58	143
13:39	0	175	34,7	2717	2494	0,92	22	2812	61,4	13,5	63,0	2,75	1,85	0,89	0,33	23	25	09:42:01	142
13:41	0	175	34,8	2722	2516	0,92	24	2608	62,5	13,5	62,3	2,50	1,72	0,79	0,31	23	25	09:42:03	141
13:43	0	175	34,4	2692	2500	0,93	24	2561	62,6	13,4	62,3	2,46	1,65	0,81	0,33	23	25	09:42:05	141
13:46	0	175	33,5	2624	2466	0,94	25	2519	62,5	13,1	62,3	2,42	1,62	0,80	0,33	24	25	09:42:08	141
13:48	0	175	33,0	2582	2439	0,94	25	2477	61,8	12,9	62,8	2,41	1,62	0,78	0,33	24	25	09:42:10	141
13:51	0	175	34,6	2713	2576	0,95	25	2638	65,1	13,5	60,8	2,43	1,64	0,79	0,33	24	25	09:42:13	141
13:53	0	175	34,4	2695	2570	0,95	25	2628	65,1	13,5	60,8	2,42	1,62	0,80	0,33	24	25	09:42:15	141
13:55	0	247	33,5	2621	2499	0,95	25	2531	63,7	13,1	61,6	2,38	1,58	0,80	0,34	24	26	09:42:17	143
13:58	0	247	34,4	2691	2559	0,95	26	2512	65,3	13,4	60,7	2,31	1,52	0,79	0,34	24	26	09:42:20	144
14:00	0	247	35,3	2766	2647	0,96	26	2579	67,0	13,8	59,6	2,31	1,50	0,81	0,35	24	25	09:42:22	144
14:02	0	247	35,3	2763	2655	0,96	26	2558	67,3	13,8	59,5	2,28	1,47	0,81	0,35	24	25	09:42:24	145
14:05	0	247	35,9	2808	2709	0,96	26	2608	68,2	14,1	58,9	2,29	1,48	0,81	0,35	24	25	09:42:27	146
14:07	0	247	35,9	2809	2709	0,96	26	2608	68,2	14,1	58,9	2,29	1,48	0,81	0,35	24	25	09:42:29	147
14:10	0	247	35,9	2809	2709	0,96	26	2608	68,2	14,1	58,9	2,29	1,48	0,81	0,35	24	25	09:42:32	147
14:13	0	247	34,4	2695	2617	0,97	25	2595	65,5	13,5	60,5	2,38	1,55	0,83	0,35	24	25	09:42:35	147
14:15	0	247	34,2	2676	2569	0,96	25	2549	63,3	13,4	61,9	2,42	1,58	0,84	0,35	24	25	09:42:37	149
14:17	0	247	34,7	2717	2556	0,94	25	2512	62,4	13,5	62,4	2,41	1,61	0,80	0,33	23	24	09:42:39	152
14:21	0	247	36,1	2825	2658	0,94	24	2631	64,4	14,1	61,2	2,45	1,67	0,79	0,32	23	24	09:42:43	154
14:24	0	247	35,4	2774	2620	0,94	22	2825	62,9	13,8	62,1	2,69	1,82	0,87	0,32	23	24	09:42:46	153
14:27	0	247	34,7	2715	2542	0,94	23	2681	60,8	13,5	63,4	2,65	1,78	0,86	0,33	22	24	09:42:49	154
14:29	0	247	36,0	2818	2612	0,93	24	2634	62,0	14,0	62,6	2,55	1,73	0,82	0,32	22	24	09:42:51	153
14:31	0	247	36,1	2830	2637	0,93	23	2742	62,6	14,1	62,3	2,63	1,77	0,86	0,33	22	24	09:42:53	152
14:34	0	247	36,7	2875	2697	0,94	23	2805	63,6	14,3	61,7	2,65	1,81	0,84	0,32	22	24	09:42:56	152
14:36	0	247	36,1	2826	2662	0,94	23	2742	62,5	14,1	62,3	2,63	1,79	0,84	0,32	22	23	09:42:58	153
14:39	0	247	36,1	2826	2662	0,94	23	2742	62,5	14,1	62,3	2,63	1,79	0,84	0,32	22	23	09:43:01	153
14:42	0	247	36,1	2825	2641	0,93	25	2504	62,0	14,1	62,6	2,42	1,65	0,78	0,32	22	23	09:43:04	153
14:45	0	247	37,9	2969	2820	0,95	23	2844	65,9	14,8	60,3	2,59	1,73	0,86	0,33	22	23	09:43:07	153
14:48	0	247	37,8	2957	2841	0,96	22	3012	65,8	14,8	60,3	2,75	1,81	0,93	0,34	22	23	09:43:10	153
14:50	0	247	38,1	2984	2878	0,96	23	2965	66,9	14,9	59,7	2,66	1,76	0,90	0,34	22	23	09:43:12	153
14:53	0	247	37,4	2925	2844	0,97	22	2975	65,9	14,7	60,3	2,71	1,76	0,94	0,35	23	23	09:43:15	153
14:57	0	247	38,0	2972	2931	0,99	20	3303	66,9	15,0	59,7	2,96	1,94	1,02	0,34	23	23	09:43:19	155
15:00	0	247	37,1	2903	2869	0,99	20	3254	65,2	14,6	60,7	3,00	1,95	1,05	0,35	22	23	09:43:22	155
15:03	0	247	37,4	2925	2896	0,99	19	3397	65,8	14,7	60,3	3,10	2,04	1,05	0,34	23	23	09:43:25	156
15:07	0	247	37,5	2939	2901	0,99	19	3434	64,9	14,8	60,9	3,18	2,12	1,05	0,33	22	22	09:43:29	156
15:10	0	247	37,6	2943	2906	0,99	18	3466	63,9	14,8	61,5	3,26	2,18	1,08	0,33	22	22	09:43:32	156
15:12	0	247	37,8	2961	2933	0,99	17	3698	64,2	14,9	61,3	3,46	2,27	1,19	0,34	22	22	09:43:34	156
15:16	0	247	37,8	2962	2943	0,99	17	3803	65,3	14,9	60,6	3,49	2,31	1,19	0,34	22	22	09:43:38	156
15:19	0	247	37,8	2959	2927	0,99	17	3686	64,4	14,9	61,2	3,43	2,23	1,21	0,35	22	22	09:43:41	156
15:22	0	247	39,1	3063	3025	0,99	18	3738	65,9	15,4	60,3	3,40	2,22	1,18	0,35	22	22	09:43:44	157
15:25	0	247	39,5	3093	3062	0,99	18	3716	67,3	15,6	59,4	3,31	2,14	1,18	0,36	22	22	09:43:47	157
15:28	0	247	40,6	3179	3164	1,00	19	3643	70,7	16,0	57,4	3,09	2,01	1,08	0,35	22	22	09:43:50	158
15:30	0	247	41,4	3242	3239	1,00	21	3561	74,2	16,4	55,3	2,88	1,88	1,00	0,35	23	23	09:43:52	158
15:33	0	247	40,7	3189	3198	1,00	21	3540	73,3	16,1	55,8	2,90	1,88	1,02	0,35	23	23	09:43:55	158
15:35	0	247	41,5	3250	3260	1,00	23	3342	75,2	16,4	54,7	2,67	1,72	0,95	0,36	23	23	09:43:57	158
15:38	0	247	41,5	3250	3261	1,00	23	3342	75,2	16,4	54,7	2,67	1,72	0,95	0,36	23	23	09:44:00	158
15:40	0	247	41,1	3219	3242	1,01	24	3190	75,8	16,3	54,3	2,52	1,65	0,88	0,35	24	23	09:44:02	159
15:43	0	247	41,6	3258	3278	1,01	24	3113	75,5	16,5	54,5	2,47	1,61	0,86	0,35	23	23	09:44:05	160
15:45	0	247	41,0	3210	3226	1,01	24	3064	74,5	16,2	55,1	2,47	1,58	0,89	0,36	23	23	09:44:07	160
15:48	0	247	40,7	3183	3195	1,00	24	3060	72,7	16,1	56,2	2,53	1,65	0,87	0,35	23	23	09:44:10	161
15:50	0	247	41,3	3230	3224	1,00	24	3017	73,1	16,3	55,9	2,48	1,62	0,85	0,34	23	23	09:44:12	161
15:53	0	247	41,3	3237	3230	1,00	24	3066	72,5	16,3	56,3	2,54	1,70	0,84	0,33	22	22	09:44:15	162
15:56	0	247	41,0	3210	3221	1,00	22	3235	72,2	16,2	56,5	2,69	1,78	0,91	0,34	22	22	09:44:18	163
15:59	0	247	40,9	3201	3225	1,01	22	3320	71,6	16,2	56,8	2,78	1,81	0,97	0,35	22	22	09:44:21	163
16:02	0	247	41,4	3239	3281	1,01	21	3522	73,1	16,4	55,9	2,89	1,88	1,01	0,35	23	22	09:44:24	163
16:05	0	247	40,5	3169	3226	1,02	20	3532	71,7	16,0	56,8	2,96	1,96	0,99	0,34	23	22	09:44:27	163
16:08	0	247	41,9	3279	3335	1,02	20	3688	73,7	16,6	55,6	3,00	2,00	1,00	0,33	22	22	09:44:30	162
16:10	0	247	40,6	3179	3228	1,02	20	3517	71,9	16,1	56,7	2,93	1,94	0,99	0,34	23	22	09:44:32	162
16:13	0	247	40,5	3169	3217	1,02	20	3502	71,7	16,0	56,8	2,93	1,89	1,04	0,36	23	22	09:44:35	160
16:16	0	247	40,3	3152	3195	1,01	22	3314	71,7	15,9	56,8	2,77	1,79	0,99	0,36	23	22	09:44:38	161
16:19	0	247	39,6	3098	3093	1,00	21	3239	69,1	15,6	58,3	2,81	1,89	0,92	0,33	22	22	09:44:41	161
16:21	0	247	39,8	3115	3097	0,99	22	3183	68,6	15,7	58,6	2,78	1,89	0,89	0,32	22	22	09:44:43	161
16:25	0	247	40,6	3183	3151	0,99	21	3385	69,7	16,0	58,0	2,91	1,96	0,96	0,33	22	22	09:44:47	162
16:27	0	247	40,3	3155	3102	0,98	21	3270	68,8	15,9	58,5	2,85	1,92	0,93	0,33	22	22	09:44:49	163
16:30	0	247	42,1	3297	3213	0,97	21	3340	70,8	16,6	57,3	2,83	1,91	0,92	0,33	21	22	09:44:52	162
16:33	0	247	42,4	3322	3285	0,99	21	3529	73,1	16,7	55,9	2,90	1,98	0,91	0,31	22	22	09:44:55	162
16:37	0	247	42,6	3339	3375	1,01	20	3744	75,5	16,9	54,5	2,97	2,02	0,96	0,32	23	22	09:44:59	162
16:40	0	247	43,0	3369	3443	1,02	20	3819	77,4	17,0	53,3	2,96	2,04	0,92	0,31	23	22	09:45:02	163
16:43	0	247	42,1	3296	3423	1,04	19	4012	77,4	16,6	53,3	3,11	2,14	0,96	0,31	23	23	09:45:05	161
16:46	0	247	42,0	3290	3455	1,05	19	4226	78,4	16,6	52,7	3,23	2,25	0,98	0,30	24	23	09:45:08	161
16:50	0	247	42,2	3304	3466	1,05	19	4180	78,8	16,7	52,5	3,18	2,22	0,97	0,30	24	23	09:45:12	161
16:53	0	247	42,2	3304	3466	1,05	19	4180	78,8	16,7	52,5	3,18	2,22	0,97	0,30	24	23	09:45:15	161
16:56	0	247	42,1	3299	3450	1,05	19	4204	77,8	16,7	53,1	3,24	2,29	0,96	0,29	24	23	09:45:18	161
16:59	0	247	42,6	3333	3457	1,04	19	4102	77,8	16,8	53,1	3,16	2,23	0,93	0,29	23	23	09:45:21	162
17:01	0	247	42,5	3329	3425	1,03	19	3962	76,6	16,8	53,8	3,10	2,18	0,92	0,30	23	22	09:45:23	162
17:05	0	247	42,7	3340	3436	1,03	20	3935	77,1	16,9	53,5	3,06	2,16	0,90	0,29	23	22	09:45:27	163
17:07	0	247	43,3	3388	3464	1,02	20	3945	77,5	17,1	53,3	3,06	2,10	0,95	0,31	23	22	09:45:29	163
17:10	0	247	43,5	3403	3464	1,02	20	3860	77,7	17,2	53,2	2,98	2,02	0,96	0,32	23	22	09:45:32	164
17:13	0	247	43,4	3395	3430	1,01	20	3775	76,2	17,1	54,1	2,97	2,00	0,98	0,33	22	22	09:45:35	164
17:16	0	247	43,6	3411	3444	1,01	20	3780	76,6	17,2	53,8	2,96	1,99	0,97	0,33	22	22	09:45:38	165
17:19	0	247	44,2	3458	3490	1,01	20	3842	78,0	17,5	53,0	2,95	1,90	1,05	0,36	23	22	09:45:41	166
17:22	0	247	44,5	3488	3531	1,01	21	3858	79,6	17,6	52,0	2,91	1,85	1,06	0,36	23	23	09:45:44	166
17:25	0	247	45,3	3549	3583	1,01	21	3839	80,5	17,9	51,5	2,86	1,80	1,07	0,37	23	22	09:45:47	166
17:28	0	247	43,9	3439	3471	1,01	21	3726	78,1	17,4	52,9	2,86	1,83	1,03	0,36	23	23	09:45:50	166
17:31	0	247	43,6	3416	3452	1,01	21	3772	77,7	17,3	53,2	2,91	1,89	1,02	0,35	23	22	09:45:53	167
17:34	0	247	44,5	3484	3516	1,01	21	3831	78,9	17,6	52,4	2,91	1,92	0,99	0,34	23	22	09:45:56	167
17:37	0	247	44,6	3494	3541	1,01	20	3949	79,7	17,6	52,0	2,97	1,96	1,02	0,34	23	22	09:45:59	167
17:40	0	247	44,7	3499	3551	1,01	20	3938	80,3	17,7	51,6	2,94	2,00	0,94	0,32	23	23	09:46:02	168
17:43	0	247	44,9	3512	3560	1,01	20	3935	80,4	17,7	51,5	2,94	1,96	0,97	0,33	23	23	09:46:05	167
17:45	0	247	44,1	3453	3505	1,01	20	3885	78,7	17,4	52,6	2,96	2,00	0,97	0,33	23	22	09:46:07	168
17:48	0	247	44,6	3493	3554	1,02	20	3914	79,9	17,6	51,8	2,94	1,97	0,97	0,33	23	22	09:46:10	169
17:51	0	247	45,1	3535	3608	1,02	20	4006	81,3	17,9	51,0	2,96	1,95	1,01	0,34	23	23	09:46:13	168
17:54	0	247	44,7	3502	3598	1,03	21	3999	82,0	17,7	50,6	2,93	1,92	1,00	0,34	23	23	09:46:16	169
17:57	0	247	44,7	3498	3606	1,03	21	3976	82,5	17,7	50,2	2,89	1,88	1,01	0,35	24	23	09:46:19	170
18:00	0	247	44,7	3498	3606	1,03	21	3976	82,5	17,7	50,2	2,89	1,88	1,01	0,35	24	23	09:46:22	169
18:03	0	247	44,8	3511	3622	1,03	21	3978	83,0	17,7	50,0	2,88	1,91	0,97	0,34	24	23	09:46:25	169
18:05	0	247	45,5	3566	3654	1,02	22	3870	83,3	18,0	49,8	2,79	1,86	0,93	0,33	23	23	09:46:27	170
18:08	0	247	45,4	3553	3642	1,02	21	3896	83,1	17,9	49,9	2,81	1,84	0,97	0,35	23	23	09:46:30	170
18:11	0	247	45,6	3571	3650	1,02	22	3815	83,8	18,0	49,5	2,73	1,78	0,95	0,35	23	23	09:46:33	170
18:14	0	247	45,7	3577	3648	1,02	22	3864	83,5	18,1	49,7	2,78	1,75	1,03	0,37	23	23	09:46:36	171
18:17	0	247	46,1	3611	3661	1,01	21	3873	82,2	18,2	50,4	2,83	1,82	1,00	0,36	23	22	09:46:39	171
18:20	0	247	46,1	3611	3661	1,01	21	3873	82,2	18,2	50,4	2,83	1,82	1,00	0,36	23	22	09:46:42	171
18:23	0	247	46,7	3656	3698	1,01	21	3905	82,9	18,5	50,1	2,83	1,82	1,01	0,36	23	22	09:46:45	171
18:26	0	247	46,6	3649	3720	1,02	21	4090	84,6	18,4	49,0	2,90	1,89	1,01	0,35	23	23	09:46:48	171
18:29	0	247	46,7	3653	3737	1,02	21	4102	86,7	18,4	47,7	2,84	1,77	1,07	0,38	24	23	09:46:51	171
18:31	0	247	46,9	3669	3762	1,03	21	4216	87,6	18,5	47,2	2,89	1,81	1,08	0,37	24	23	09:46:53	171
18:33	0	247	47,0	3679	3787	1,03	22	4049	89,5	18,6	46,0	2,71	1,72	0,99	0,37	24	24	09:46:55	171
18:36	0	247	47,0	3680	3787	1,03	22	4049	89,5	18,6	46,0	2,71	1,72	0,99	0,37	24	24	09:46:58	171
18:39	0	247	45,6	3572	3717	1,04	21	4140	88,5	18,0	46,6	2,81	1,81	1,00	0,36	25	24	09:47:01	169
18:42	0	247	44,8	3508	3657	1,04	21	4094	86,3	17,7	48,0	2,85	1,79	1,06	0,37	25	24	09:47:04	170
18:44	0	247	45,2	3543	3663	1,03	22	3879	86,3	17,9	48,0	2,70	1,68	1,02	0,38	24	24	09:47:06	170
18:46	0	247	44,8	3510	3628	1,03	23	3768	85,6	17,7	48,4	2,64	1,68	0,96	0,36	24	24	09:47:08	170
18:48	0	247	44,8	3510	3628	1,03	23	3768	85,6	17,7	48,4	2,64	1,68	0,96	0,36	24	24	09:47:10	170
18:51	0	247	44,6	3490	3625	1,04	22	3953	85,2	17,6	48,6	2,78	1,80	0,98	0,35	24	24	09:47:13	170
18:53	0	247	44,9	3517	3665	1,04	22	3915	87,1	17,8	47,5	2,70	1,77	0,93	0,34	25	24	09:47:15	170
18:56	0	247	44,2	3461	3629	1,05	23	3821	87,9	17,5	47,0	2,61	1,79	0,82	0,31	25	24	09:47:18	170
18:58	0	247	45,2	3537	3717	1,05	23	3853	90,5	17,9	45,5	2,56	1,75	0,81	0,32	26	24	09:47:20	170
19:01	0	247	45,1	3533	3737	1,06	23	4005	91,3	17,8	45,0	2,63	1,74	0,89	0,34	26	24	09:47:23	170
19:03	0	247	46,3	3628	3817	1,05	24	3943	93,7	18,3	43,5	2,52	1,62	0,91	0,36	26	25	09:47:25	172
19:05	0	247	46,3	3628	3818	1,05	24	3943	93,7	18,3	43,5	2,52	1,62	0,91	0,36	26	25	09:47:27	172
19:07	0	247	47,1	3686	3866	1,05	25	3815	96,1	18,6	42,1	2,38	1,51	0,87	0,37	26	25	09:47:29	172
19:09	0	247	47,3	3700	3853	1,04	26	3685	96,1	18,7	42,1	2,30	1,40	0,90	0,39	26	25	09:47:31	171
19:12	0	247	48,0	3755	3916	1,04	26	3742	97,7	19,0	41,1	2,30	1,41	0,89	0,39	26	25	09:47:34	171
19:14	0	247	47,1	3690	3856	1,04	27	3672	97,6	18,6	41,2	2,26	1,39	0,87	0,39	26	25	09:47:36	171
19:17	0	247	46,7	3655	3820	1,04	27	3555	96,3	18,5	41,9	2,21	1,36	0,85	0,39	26	25	09:47:39	171
19:19	0	247	46,1	3612	3774	1,04	26	3641	94,7	18,2	42,9	2,31	1,46	0,85	0,37	26	25	09:47:41	171
19:22	0	247	45,6	3572	3682	1,03	25	3595	90,2	18,0	45,6	2,39	1,47	0,92	0,38	25	24	09:47:44	172
19:25	0	247	44,8	3509	3547	1,01	24	3582	85,5	17,7	48,5	2,51	1,58	0,94	0,37	24	24	09:47:47	172
19:28	0	247	45,1	3528	3507	0,99	22	3701	83,2	17,8	49,8	2,67	1,63	1,03	0,39	24	24	09:47:50	172
19:31	0	247	45,1	3532	3495	0,99	22	3811	83,0	17,8	50,0	2,76	1,76	1,00	0,36	23	24	09:47:53	172
19:33	0	247	45,3	3551	3507	0,99	22	3825	83,3	17,9	49,8	2,75	1,74	1,01	0,37	23	24	09:47:55	172
19:36	0	247	45,0	3521	3495	0,99	22	3797	83,6	17,8	49,6	2,73	1,69	1,03	0,38	24	24	09:47:58	172
19:38	0	247	45,7	3577	3593	1,00	22	3882	86,1	18,1	48,1	2,71	1,67	1,03	0,38	24	24	09:48:00	172
19:41	0	247	45,4	3555	3561	1,00	22	3940	87,2	18,0	47,5	2,71	1,77	0,95	0,35	25	24	09:48:03	170
19:44	0	247	45,7	3576	3592	1,00	23	3844	88,3	18,1	46,8	2,61	1,77	0,84	0,32	25	25	09:48:06	169
SV2																			
19:46	0	247	45,7	3576	3592	1,00	23	3844	88,3	18,1	46,8	2,61	1,77	0,84	0,32	25	25	09:48:08	169
19:49	0	247	45,7	3576	3592	1,00	23	3844	88,3	18,1	46,8	2,61	1,77	0,84	0,32	25	25	09:48:11	169
19:51	0	247	46,0	3604	3607	1,00	23	3794	88,3	18,2	46,8	2,58	1,75	0,83	0,32	24	24	09:48:13	169
19:53	0	247	46,9	3671	3654	1,00	24	3680	89,6	18,5	46,0	2,46	1,67	0,79	0,32	24	25	09:48:15	169
19:55	0	247	47,3	3707	3709	1,00	25	3674	93,1	18,7	43,9	2,37	1,53	0,83	0,35	25	25	09:48:17	170
19:57	0	247	47,4	3711	3773	1,02	26	3673	94,8	18,7	42,8	2,32	1,41	0,91	0,39	26	25	09:48:19	170
20:00	0	247	46,7	3655	3739	1,02	25	3726	93,6	18,5	43,6	2,39	1,42	0,97	0,41	26	25	09:48:22	172
20:02	0	247	48,0	3760	3885	1,03	26	3777	99,2	19,0	40,2	2,28	1,35	0,93	0,41	26	26	09:48:24	173
20:04	0	247	48,2	3777	3892	1,03	27	3694	100,7	19,1	39,3	2,20	1,29	0,91	0,41	27	26	09:48:26	173
20:05	0	247	48,9	3832	3960	1,03	29	3559	105,0	19,4	36,7	2,03	1,17	0,87	0,43	27	27	09:48:27	173
20:07	0	247	46,8	3667	3831	1,04	29	3563	102,2	18,5	38,4	2,09	1,22	0,87	0,42	28	27	09:48:29	173
20:09	0	247	45,6	3567	3746	1,05	29	3500	100,2	18,0	39,6	2,10	1,25	0,85	0,40	28	27	09:48:31	173
20:12	0	247	45,0	3522	3656	1,04	29	3340	96,9	17,8	41,6	2,07	1,22	0,84	0,41	28	27	09:48:34	174
20:14	0	247	47,0	3679	3813	1,04	31	3308	102,5	18,6	38,2	1,94	1,20	0,74	0,38	28	27	09:48:36	174
20:15	0	247	47,2	3695	3818	1,03	33	3163	103,7	18,7	37,5	1,83	1,14	0,69	0,37	28	27	09:48:37	174
20:17	0	247	46,7	3656	3795	1,04	31	3281	103,3	18,5	37,7	1,91	1,21	0,70	0,37	28	27	09:48:39	174
20:19	0	247	46,0	3601	3743	1,04	30	3340	101,6	18,2	38,7	1,97	1,24	0,73	0,37	28	27	09:48:41	173
20:21	0	247	48,5	3801	3907	1,03	32	3330	105,4	19,2	36,5	1,90	1,19	0,70	0,37	28	27	09:48:43	173
20:22	0	247	50,3	3940	4014	1,02	34	3234	109,4	19,9	34,1	1,77	1,13	0,65	0,36	28	27	09:48:44	173
20:24	0	247	50,3	3941	4014	1,02	34	3234	109,4	19,9	34,1	1,77	1,13	0,65	0,36	28	27	09:48:46	173
20:27	0	247	48,6	3807	3926	1,03	33	3315	108,1	19,2	34,9	1,84	1,20	0,64	0,35	28	28	09:48:49	173
20:29	0	247	47,7	3732	3898	1,04	30	3557	106,8	18,8	35,6	2,00	1,30	0,69	0,35	29	27	09:48:51	173
20:31	0	237	46,5	3644	3817	1,05	29	3631	104,5	18,4	37,0	2,08	1,38	0,71	0,34	29	27	09:48:53	173
20:34	0	237	45,6	3567	3740	1,05	28	3669	101,8	18,0	38,6	2,16	1,44	0,72	0,33	29	27	09:48:56	175
20:36	0	237	44,8	3508	3673	1,05	26	3790	98,3	17,7	40,8	2,31	1,56	0,75	0,32	28	27	09:48:58	175
20:38	0	237	44,6	3490	3620	1,04	27	3592	97,2	17,6	41,4	2,22	1,49	0,73	0,33	28	27	09:49:00	175
20:40	0	237	45,4	3551	3652	1,03	28	3508	98,2	17,9	40,8	2,14	1,42	0,72	0,34	28	27	09:49:02	175
20:42	0	237	46,4	3634	3734	1,03	29	3542	101,6	18,4	38,8	2,09	1,39	0,70	0,34	28	27	09:49:04	173
20:44	0	237	46,2	3615	3743	1,04	27	3790	101,2	18,3	39,0	2,25	1,45	0,80	0,35	28	27	09:49:06	173
20:46	0	237	46,8	3666	3768	1,03	28	3698	102,0	18,5	38,5	2,18	1,37	0,81	0,37	28	27	09:49:08	173
20:48	0	237	47,3	3706	3797	1,02	29	3610	103,7	18,7	37,5	2,09	1,30	0,79	0,38	28	27	09:49:10	173
20:50	0	237	47,3	3706	3797	1,02	29	3610	103,7	18,7	37,5	2,09	1,30	0,79	0,38	28	27	09:49:12	173
20:52	0	237	47,0	3678	3774	1,03	28	3641	102,5	18,6	38,2	2,13	1,31	0,83	0,39	28	27	09:49:14	173
20:54	0	237	46,7	3660	3716	1,02	28	3497	99,4	18,5	40,1	2,11	1,30	0,81	0,38	27	27	09:49:16	172
20:56	0	237	47,0	3681	3683	1,00	29	3399	97,1	18,6	41,5	2,10	1,31	0,79	0,37	26	26	09:49:18	173
20:58	0	237	47,2	3694	3653	0,99	30	3241	95,9	18,6	42,2	2,03	1,29	0,74	0,36	26	26	09:49:20	173
21:01	0	237	46,6	3646	3606	0,99	28	3356	93,8	18,4	43,4	2,15	1,36	0,79	0,37	26	26	09:49:23	173
21:03	0	237	46,6	3647	3606	0,99	28	3373	93,7	18,4	43,5	2,16	1,35	0,81	0,37	26	26	09:49:25	173
21:05	0	237	46,9	3672	3614	0,98	28	3357	93,9	18,5	43,4	2,15	1,36	0,79	0,37	26	26	09:49:27	174
21:06	0	237	47,6	3727	3656	0,98	30	3200	95,9	18,7	42,2	2,00	1,26	0,74	0,37	26	26	09:49:28	174
21:09	0	237	47,3	3700	3653	0,99	28	3393	95,9	18,6	42,2	2,12	1,33	0,79	0,37	26	26	09:49:31	174
21:12	0	237	48,1	3766	3745	0,99	27	3631	97,7	19,0	41,1	2,23	1,41	0,82	0,37	26	26	09:49:34	174
21:15	0	237	47,1	3689	3679	1,00	25	3762	95,9	18,6	42,2	2,35	1,49	0,87	0,37	26	26	09:49:37	175
21:17	0	237	48,1	3763	3739	0,99	27	3613	98,4	19,0	40,7	2,20	1,39	0,81	0,37	26	26	09:49:39	175
21:19	0	237	48,3	3780	3735	0,99	28	3566	98,2	19,0	40,8	2,18	1,37	0,81	0,37	26	26	09:49:41	175
21:21	0	237	49,2	3853	3785	0,98	27	3670	98,3	19,4	40,7	2,24	1,42	0,82	0,37	26	26	09:49:43	175
21:23	0	237	49,4	3867	3794	0,98	27	3696	98,1	19,4	40,9	2,26	1,44	0,82	0,36	25	26	09:49:45	176
21:25	0	237	50,9	3987	3889	0,98	28	3570	100,9	20,0	39,2	2,12	1,33	0,79	0,37	25	26	09:49:47	176
21:26	0	237	51,0	3996	3861	0,97	31	3314	101,4	20,0	38,9	1,96	1,21	0,75	0,38	25	26	09:49:48	176
V02 Max																			
21:28	0	237	51,0	3997	3861	0,97	31	3314	101,4	20,0	38,9	1,96	1,21	0,75	0,38	25	26	09:49:50	178
21:31	0	237	49,5	3876	3767	0,97	30	3270	99,6	19,5	40,0	1,97	1,23	0,74	0,38	26	26	09:49:53	178
21:33	0	237	50,3	3941	3846	0,98	31	3329	102,0	19,8	38,5	1,96	1,25	0,71	0,36	26	27	09:49:55	179
21:35	0	237	48,8	3824	3766	0,98	29	3413	98,8	19,2	40,4	2,07	1,34	0,73	0,35	26	26	09:49:57	179
21:36	0	237	49,3	3861	3791	0,98	30	3354	99,9	19,4	39,8	2,01	1,29	0,72	0,36	26	26	09:49:58	179
21:38	0	237	49,8	3896	3822	0,98	31	3269	101,7	19,6	38,7	1,93	1,28	0,65	0,34	26	27	09:50:00	179
21:40	0	237	48,9	3830	3804	0,99	29	3483	102,6	19,3	38,1	2,04	1,33	0,71	0,35	27	27	09:50:02	179
21:42	0	237	48,4	3786	3735	0,99	30	3401	100,7	19,1	39,3	2,03	1,28	0,75	0,37	27	27	09:50:04	180
21:44	0	237	48,6	3809	3758	0,99	31	3363	104,3	19,2	37,1	1,93	1,22	0,72	0,37	27	28	09:50:06	179
21:46	0	237	46,8	3663	3641	0,99	29	3486	101,1	18,5	39,1	2,07	1,33	0,74	0,36	28	28	09:50:08	179
21:48	0	237	47,8	3745	3743	1,00	30	3457	105,2	18,9	36,6	1,97	1,30	0,67	0,34	28	28	09:50:10	179
21:49	0	237	47,8	3746	3743	1,00	30	3457	105,2	18,9	36,6	1,97	1,30	0,67	0,34	28	28	09:50:11	177
21:52	0	237	46,8	3665	3706	1,01	28	3661	104,2	18,5	37,2	2,11	1,35	0,76	0,36	28	28	09:50:14	176
21:54	0	237	45,3	3545	3561	1,00	30	3363	99,6	17,9	40,0	2,03	1,31	0,71	0,35	28	28	09:50:16	176
21:56	0	237	46,0	3601	3591	1,00	30	3343	99,0	18,2	40,3	2,03	1,34	0,69	0,34	27	28	09:50:18	174
21:58	0	237	46,8	3665	3627	0,99	30	3311	99,1	18,5	40,3	2,00	1,32	0,69	0,34	27	27	09:50:20	173
22:00	0	237	48,4	3789	3715	0,98	33	3100	103,6	19,1	37,6	1,80	1,16	0,64	0,36	27	28	09:50:22	172
22:02	0	237	47,9	3750	3693	0,98	31	3314	102,7	18,9	38,1	1,94	1,19	0,75	0,39	27	28	09:50:24	172
22:04	0	237	47,5	3717	3678	0,99	31	3307	102,0	18,7	38,5	1,95	1,19	0,76	0,39	27	28	09:50:26	172
22:06	0	237	47,5	3723	3679	0,99	31	3318	102,9	18,8	38,0	1,93	1,23	0,71	0,37	28	28	09:50:28	173
22:08	0	237	46,9	3676	3677	1,00	29	3595	102,6	18,6	38,2	2,10	1,30	0,80	0,38	28	28	09:50:30	173
22:11	0	237	47,9	3751	3709	0,99	28	3664	103,0	18,9	37,9	2,13	1,34	0,80	0,37	27	28	09:50:33	174
22:13	0	237	47,4	3713	3678	0,99	27	3752	101,8	18,7	38,7	2,21	1,40	0,81	0,37	27	28	09:50:35	174
22:16	0	237	47,4	3711	3668	0,99	25	4000	100,2	18,7	39,6	2,39	1,55	0,84	0,35	27	27	09:50:38	175
22:18	0	237	48,1	3763	3705	0,98	25	3974	100,0	18,9	39,7	2,38	1,59	0,79	0,33	27	27	09:50:40	176
22:20	0	237	47,8	3743	3657	0,98	25	3915	97,3	18,8	41,3	2,41	1,60	0,81	0,34	26	27	09:50:42	176
22:22	0	237	47,8	3742	3657	0,98	25	3915	97,3	18,8	41,3	2,41	1,60	0,81	0,34	26	27	09:50:44	176
22:24	0	237	47,9	3748	3658	0,98	26	3726	97,9	18,8	41,0	2,28	1,53	0,76	0,33	26	27	09:50:46	176
22:26	0	237	47,2	3696	3636	0,98	27	3710	99,4	18,6	40,1	2,24	1,45	0,79	0,35	27	27	09:50:48	176
22:28	0	237	46,6	3650	3592	0,98	27	3683	98,2	18,4	40,8	2,25	1,44	0,81	0,36	27	27	09:50:50	176
22:31	0	237	46,0	3601	3547	0,98	27	3592	96,9	18,1	41,6	2,22	1,38	0,84	0,38	27	27	09:50:53	177
22:32	0	237	45,6	3573	3508	0,98	29	3386	97,2	18,0	41,4	2,09	1,29	0,80	0,38	27	28	09:50:54	177
22:35	0	237	46,3	3627	3573	0,99	29	3395	99,7	18,3	39,9	2,04	1,27	0,78	0,38	27	28	09:50:57	177
22:37	0	237	45,7	3576	3511	0,98	28	3373	95,9	18,0	42,2	2,11	1,27	0,84	0,40	27	27	09:50:59	177
22:39	0	237	45,5	3566	3505	0,98	27	3537	94,3	17,9	43,2	2,25	1,32	0,93	0,42	26	27	09:51:01	177
22:41	0	237	45,1	3534	3462	0,98	27	3375	91,2	17,8	45,0	2,22	1,32	0,90	0,41	26	26	09:51:03	178
22:44	0	237	45,4	3557	3456	0,97	27	3357	92,1	17,8	44,5	2,19	1,35	0,84	0,38	26	27	09:51:06	178
22:46	0	237	45,6	3568	3459	0,97	27	3367	91,6	17,9	44,8	2,21	1,33	0,88	0,40	26	26	09:51:08	178
22:48	0	237	45,6	3573	3490	0,98	26	3565	92,7	18,0	44,1	2,31	1,40	0,91	0,39	26	27	09:51:10	178
22:51	0	237	45,0	3522	3425	0,97	26	3509	90,4	17,7	45,5	2,33	1,38	0,95	0,41	26	26	09:51:13	178
22:53	0	237	45,6	3573	3481	0,97	25	3629	92,5	17,9	44,3	2,35	1,43	0,92	0,39	26	27	09:51:15	179
22:55	0	237	46,4	3630	3527	0,97	26	3624	94,6	18,2	43,0	2,30	1,44	0,86	0,37	26	27	09:51:17	179
22:57	0	237	47,1	3688	3556	0,96	26	3689	94,4	18,5	43,1	2,34	1,47	0,87	0,37	26	27	09:51:19	178
23:00	0	237	48,2	3772	3632	0,96	26	3773	97,4	18,9	41,3	2,32	1,48	0,85	0,36	26	27	09:51:22	178
23:02	0	237	48,9	3826	3685	0,96	26	3766	99,5	19,2	40,0	2,27	1,47	0,80	0,35	26	27	09:51:24	178
23:04	0	237	48,5	3794	3661	0,97	26	3725	97,2	19,0	41,4	2,30	1,38	0,92	0,40	26	27	09:51:26	180
23:06	0	237	48,5	3794	3661	0,97	26	3725	97,2	19,0	41,4	2,30	1,38	0,92	0,40	26	27	09:51:28	180
23:09	0	237	48,6	3808	3660	0,96	26	3662	96,9	19,1	41,6	2,27	1,31	0,95	0,42	25	26	09:51:31	180
23:11	0	237	48,5	3800	3634	0,96	26	3677	94,8	19,0	42,9	2,33	1,31	1,02	0,44	25	26	09:51:33	180
23:13	0	237	48,8	3823	3663	0,96	27	3639	96,9	19,1	41,6	2,25	1,26	0,99	0,44	25	26	09:51:35	180
23:16	0	237	48,2	3773	3652	0,97	26	3732	96,4	18,9	41,9	2,32	1,35	0,98	0,42	26	26	09:51:38	180
23:18	0	237	48,3	3783	3676	0,97	25	3865	96,6	19,0	41,8	2,40	1,43	0,97	0,40	26	26	09:51:40	179
23:21	0	237	48,3	3778	3673	0,97	25	3834	97,7	19,0	41,1	2,35	1,44	0,92	0,39	26	27	09:51:43	179
23:23	0	237	48,8	3818	3737	0,98	25	3968	100,3	19,2	39,5	2,37	1,48	0,89	0,37	26	27	09:51:45	179
23:26	0	237	49,3	3857	3810	0,99	25	4149	102,8	19,4	38,1	2,42	1,55	0,87	0,36	27	27	09:51:48	178
23:28	0	237	50,3	3938	3883	0,99	25	4228	104,5	19,8	37,0	2,43	1,52	0,91	0,37	27	27	09:51:50	178
23:31	0	237	50,0	3914	3886	0,99	24	4401	103,6	19,7	37,5	2,55	1,55	1,00	0,39	26	27	09:51:53	178
23:33	0	237	50,0	3914	3886	0,99	24	4401	103,6	19,7	37,5	2,55	1,55	1,00	0,39	26	27	09:51:55	178
23:36	0	237	49,7	3892	3848	0,99	23	4339	101,9	19,6	38,6	2,55	1,53	1,02	0,40	26	26	09:51:58	178
23:39	0	237	48,6	3806	3769	0,99	23	4294	99,3	19,2	40,1	2,59	1,56	1,03	0,40	26	26	09:52:01	178
23:41	0	237	49,5	3873	3804	0,98	24	4180	99,1	19,5	40,3	2,53	1,49	1,04	0,41	26	26	09:52:03	178
23:43	0	237	50,8	3978	3897	0,98	24	4220	101,1	20,0	39,1	2,50	1,42	1,08	0,43	25	26	09:52:05	178
23:45	0	237	49,1	3843	3773	0,98	25	3964	99,7	19,3	39,9	2,39	1,42	0,97	0,40	26	26	09:52:07	178
23:47	0	237	48,5	3797	3724	0,98	26	3793	99,5	19,1	40,0	2,29	1,43	0,86	0,37	26	27	09:52:09	178
23:49	0	237	49,0	3835	3758	0,98	28	3606	101,5	19,3	38,8	2,13	1,35	0,78	0,37	26	27	09:52:11	178
23:50	0	237	50,9	3982	3861	0,97	30	3438	104,7	20,0	36,9	1,97	1,23	0,74	0,37	26	27	09:52:12	178
23:52	0	237	53,2	4167	4033	0,97	31	3476	109,4	20,9	34,0	1,91	1,17	0,73	0,39	26	27	09:52:14	178
