TEMPS	Vitesse	PUIS.	VO2/KG	VO2	VCO2	Q.R	FR	Vt	VE	KCal	Rés.V.	Ttot	Te	Ti	Ti/Ttot	VE/VO2	VE/VCO2	Horloge	FC
(min)	(RPM)	(Watts)	(mL/kg/min)	(mL/min)	(mL/min)		(br/min)	(mL)	(L/min)	(KCal/min)	(%)	(sec)	(sec)	(sec)				(Minuterie)	(BPM)
0:08	0	101	14,1	1009	761	0,75	19	1244	23,6	4,8	85,1	3,16	2,07	1,09	0,34	23	31	08:02:47	83
0:11	0	102	9,7	696	505	0,73	20	802	16,2	3,3	89,8	2,98	2,32	0,66	0,22	23	32	08:02:50	79
0:13	0	102	14,1	1008	760	0,75	19	1244	23,6	4,8	85,1	3,16	2,07	1,09	0,34	23	31	08:02:52	79
0:17	0	103	16,4	1175	844	0,72	22	1169	25,3	5,6	84,0	2,77	1,91	0,87	0,31	22	30	08:02:56	81
0:19	0	104	16,1	1149	814	0,71	22	1118	24,7	5,4	84,4	2,71	1,87	0,84	0,31	22	30	08:02:58	80
0:22	0	104	16,3	1166	809	0,69	22	1117	24,1	5,5	84,8	2,78	1,91	0,87	0,31	21	30	08:03:01	88
0:25	0	105	16,3	1168	799	0,68	22	1084	23,9	5,5	84,9	2,72	1,88	0,84	0,31	20	30	08:03:04	88
0:27	0	105	18,5	1321	900	0,68	22	1216	26,4	6,2	83,3	2,77	1,90	0,87	0,31	20	29	08:03:06	89
0:30	0	106	19,0	1357	911	0,67	21	1255	26,4	6,4	83,3	2,85	2,00	0,86	0,30	19	29	08:03:09	89
0:32	0	106	19,9	1426	941	0,66	21	1289	27,3	6,7	82,7	2,83	1,93	0,90	0,32	19	29	08:03:11	90
0:35	0	107	19,5	1395	882	0,63	22	1148	25,6	6,5	83,8	2,69	1,88	0,81	0,30	18	29	08:03:14	90
0:38	0	107	20,9	1498	942	0,63	22	1247	26,9	6,9	83,0	2,78	1,88	0,89	0,32	18	29	08:03:17	92
0:41	0	108	22,3	1595	990	0,62	22	1286	28,3	7,4	82,1	2,73	1,84	0,89	0,33	18	29	08:03:20	91
0:44	0	108	23,1	1654	1023	0,62	22	1335	28,9	7,7	81,8	2,78	1,83	0,94	0,34	17	28	08:03:23	93
0:48	0	109	22,7	1620	994	0,61	19	1418	27,4	7,5	82,7	3,11	2,09	1,01	0,33	17	28	08:03:27	93
0:51	0	110	23,3	1669	1017	0,61	18	1497	27,6	7,7	82,5	3,25	2,14	1,11	0,34	17	27	08:03:30	94
0:54	0	111	23,3	1668	1017	0,61	18	1497	27,6	7,7	82,5	3,25	2,14	1,11	0,34	17	27	08:03:33	95
0:58	0	111	23,3	1668	1017	0,61	18	1497	27,6	7,7	82,5	3,25	2,14	1,11	0,34	17	27	08:03:37	95
1:00	0	112	23,7	1692	1022	0,60	18	1505	27,5	7,8	82,6	3,29	2,21	1,08	0,33	16	27	08:03:39	95
1:03	0	112	23,4	1674	1013	0,60	18	1498	27,6	7,7	82,6	3,26	2,13	1,13	0,35	16	27	08:03:42	95
1:05	0	113	25,1	1795	1084	0,60	19	1540	29,3	8,3	81,5	3,15	2,08	1,07	0,34	16	27	08:03:44	94
1:08	0	113	24,7	1769	1083	0,61	20	1482	30,0	8,2	81,0	2,96	1,95	1,01	0,34	17	28	08:03:47	94
1:11	0	114	25,0	1790	1115	0,62	22	1450	31,2	8,3	80,3	2,79	1,87	0,92	0,33	17	28	08:03:50	94
1:13	0	114	26,3	1881	1181	0,63	22	1490	33,2	8,7	79,0	2,69	1,82	0,87	0,32	18	28	08:03:52	93
1:16	0	115	27,2	1945	1215	0,62	23	1472	34,1	9,0	78,5	2,59	1,71	0,88	0,34	18	28	08:03:55	93
1:19	0	115	25,5	1824	1159	0,64	23	1446	32,6	8,5	79,4	2,66	1,70	0,96	0,36	18	28	08:03:58	93
1:22	0	116	25,3	1809	1161	0,64	22	1469	32,1	8,4	79,7	2,74	1,82	0,92	0,34	18	28	08:04:01	95
1:25	0	117	23,0	1641	1073	0,65	21	1415	30,3	7,7	80,8	2,80	1,83	0,97	0,35	18	28	08:04:04	95
1:29	0	118	25,6	1830	1197	0,65	20	1665	32,9	8,5	79,2	3,04	1,92	1,12	0,37	18	27	08:04:08	95
1:32	0	118	24,0	1718	1117	0,65	20	1539	30,8	8,0	80,5	2,99	1,91	1,09	0,36	18	28	08:04:11	94
1:35	0	119	21,1	1511	950	0,63	21	1233	25,9	7,0	83,6	2,86	1,96	0,90	0,31	17	27	08:04:14	94
1:40	0	120	22,6	1617	1007	0,62	19	1422	26,5	7,5	83,2	3,22	2,24	0,98	0,30	16	26	08:04:19	94
1:43	0	120	23,1	1649	1013	0,61	19	1428	26,5	7,6	83,2	3,23	2,25	0,98	0,30	16	26	08:04:22	96
1:45	0	121	24,3	1737	1057	0,61	19	1451	27,8	8,0	82,4	3,13	2,17	0,96	0,31	16	26	08:04:24	93
1:47	0	121	26,1	1865	1141	0,61	20	1546	30,2	8,6	80,9	3,07	2,12	0,96	0,31	16	26	08:04:26	94
1:50	0	121	26,1	1867	1154	0,62	19	1619	30,3	8,6	80,8	3,20	2,20	1,00	0,31	16	26	08:04:29	97
1:53	0	121	27,8	1988	1259	0,63	20	1717	33,7	9,2	78,7	3,05	2,01	1,05	0,34	17	27	08:04:32	96
1:55	0	122	27,8	1989	1259	0,63	20	1717	33,7	9,2	78,7	3,05	2,01	1,05	0,34	17	27	08:04:34	100
1:59	0	122	28,0	1998	1286	0,64	21	1651	34,7	9,3	78,1	2,85	1,82	1,03	0,36	17	27	08:04:38	99
2:01	0	123	27,3	1951	1265	0,65	22	1561	34,3	9,1	78,3	2,73	1,79	0,94	0,34	18	27	08:04:40	99
2:04	0	123	26,9	1921	1252	0,65	22	1528	33,6	9,0	78,7	2,73	1,80	0,92	0,34	18	27	08:04:43	99
2:06	0	124	26,7	1912	1237	0,65	23	1462	33,3	8,9	79,0	2,63	1,75	0,89	0,34	17	27	08:04:45	100
2:10	0	125	26,7	1912	1237	0,65	23	1462	33,3	8,9	79,0	2,63	1,75	0,89	0,34	17	27	08:04:49	100
2:12	0	125	26,4	1889	1223	0,65	24	1400	33,3	8,8	79,0	2,52	1,69	0,84	0,33	18	27	08:04:51	100
2:14	0	126	26,4	1889	1223	0,65	24	1400	33,3	8,8	79,0	2,52	1,69	0,84	0,33	18	27	08:04:53	99
2:17	0	126	26,1	1866	1212	0,65	25	1345	33,2	8,7	79,0	2,43	1,67	0,77	0,31	18	27	08:04:56	99
2:20	0	127	27,0	1931	1265	0,66	23	1466	34,3	9,0	78,3	2,57	1,74	0,83	0,32	18	27	08:04:59	99
2:23	0	127	26,9	1924	1281	0,67	22	1561	34,7	9,0	78,0	2,70	1,81	0,88	0,33	18	27	08:05:02	99
2:26	0	128	26,6	1900	1278	0,67	22	1600	34,6	8,9	78,1	2,77	1,87	0,90	0,32	18	27	08:05:05	99
2:29	0	128	25,3	1812	1219	0,67	22	1517	33,2	8,5	79,0	2,75	1,88	0,87	0,32	18	27	08:05:08	99
2:31	0	129	25,7	1839	1234	0,67	21	1588	33,2	8,6	79,0	2,87	1,95	0,91	0,32	18	27	08:05:10	98
2:35	0	130	26,5	1891	1286	0,68	19	1816	34,5	8,9	78,2	3,16	2,10	1,06	0,33	18	27	08:05:14	98
2:38	0	130	26,1	1863	1273	0,68	19	1824	34,4	8,8	78,3	3,18	2,09	1,09	0,34	18	27	08:05:17	98
2:40	0	131	26,3	1878	1281	0,68	20	1720	34,6	8,8	78,1	2,99	1,97	1,02	0,34	18	27	08:05:19	99
2:42	0	131	26,8	1914	1290	0,67	22	1612	34,9	9,0	78,0	2,77	1,85	0,93	0,33	18	27	08:05:21	99
2:44	0	131	27,4	1956	1309	0,67	23	1563	35,5	9,2	77,6	2,65	1,76	0,89	0,34	18	27	08:05:23	102
2:46	0	132	28,2	2013	1343	0,67	23	1553	36,3	9,4	77,1	2,57	1,72	0,85	0,33	18	27	08:05:25	101
2:49	0	132	28,1	2008	1350	0,67	22	1617	36,4	9,4	77,0	2,67	1,75	0,91	0,34	18	27	08:05:28	103
2:53	0	133	29,0	2071	1404	0,68	23	1639	37,8	9,7	76,1	2,60	1,69	0,91	0,35	18	27	08:05:32	103
2:55	0	134	29,0	2070	1410	0,68	23	1662	38,2	9,7	75,9	2,61	1,69	0,92	0,35	18	27	08:05:34	103
2:57	0	134	29,2	2086	1413	0,68	24	1596	38,4	9,8	75,8	2,50	1,66	0,84	0,34	18	27	08:05:36	103
2:59	0	135	29,0	2072	1411	0,68	23	1661	38,1	9,7	75,9	2,62	1,71	0,91	0,35	18	27	08:05:38	103
3:03	0	135	29,0	2072	1411	0,68	23	1661	38,1	9,7	75,9	2,62	1,71	0,91	0,35	18	27	08:05:42	103
3:07	0	136	28,5	2036	1382	0,68	23	1621	36,9	9,6	76,7	2,63	1,75	0,89	0,34	18	27	08:05:46	103
3:10	0	137	28,0	2001	1357	0,68	22	1611	36,0	9,4	77,3	2,69	1,81	0,88	0,33	18	27	08:05:49	103
3:14	0	137	28,2	2020	1372	0,68	22	1663	36,3	9,5	77,1	2,75	1,87	0,88	0,32	18	26	08:05:53	103
3:16	0	138	27,8	1990	1353	0,68	21	1660	35,7	9,3	77,4	2,79	1,89	0,90	0,32	18	26	08:05:55	103
3:20	0	139	26,4	1891	1282	0,68	20	1687	32,9	8,9	79,2	3,07	2,14	0,94	0,31	17	26	08:05:59	104
3:22	0	139	27,2	1946	1342	0,69	18	1932	34,7	9,2	78,0	3,34	2,23	1,11	0,33	18	26	08:06:01	104
3:26	0	140	27,3	1955	1356	0,69	18	1948	35,0	9,2	77,8	3,33	2,28	1,06	0,32	18	26	08:06:05	104
3:29	0	140	28,6	2045	1442	0,70	19	2007	38,1	9,7	75,9	3,16	2,09	1,07	0,34	19	26	08:06:08	104
3:31	0	140	29,4	2104	1492	0,71	20	1999	39,6	9,9	75,0	3,03	2,00	1,02	0,34	19	27	08:06:10	105
3:33	0	140	29,5	2110	1484	0,70	23	1748	39,5	10,0	75,0	2,66	1,78	0,87	0,33	19	27	08:06:12	107
3:35	0	141	30,1	2149	1514	0,70	23	1759	40,2	10,1	74,6	2,62	1,76	0,86	0,33	19	27	08:06:14	108
3:38	0	141	30,4	2170	1528	0,70	23	1775	40,7	10,2	74,3	2,62	1,77	0,85	0,32	19	27	08:06:17	108
3:40	0	142	30,4	2170	1528	0,70	23	1775	40,7	10,2	74,3	2,62	1,77	0,85	0,32	19	27	08:06:19	108
3:43	0	142	30,1	2152	1490	0,69	26	1505	39,8	10,1	74,8	2,27	1,56	0,71	0,31	19	27	08:06:22	108
3:47	0	144	29,4	2101	1486	0,71	22	1743	39,2	9,9	75,2	2,67	1,76	0,91	0,34	19	26	08:06:26	107
3:50	0	144	28,5	2036	1443	0,71	21	1803	37,8	9,6	76,1	2,86	1,86	1,00	0,35	19	26	08:06:29	107
3:53	0	144	28,7	2052	1448	0,71	21	1830	37,6	9,7	76,3	2,92	1,88	1,04	0,36	18	26	08:06:32	106
3:56	0	145	27,8	1987	1406	0,71	19	1861	36,3	9,4	77,1	3,08	2,01	1,07	0,35	18	26	08:06:35	106
3:59	0	146	26,9	1923	1349	0,70	19	1847	34,5	9,1	78,2	3,21	2,17	1,04	0,32	18	26	08:06:38	105
4:02	0	146	26,9	1922	1348	0,70	19	1847	34,5	9,1	78,2	3,21	2,17	1,04	0,32	18	26	08:06:41	105
4:05	0	147	27,6	1973	1384	0,70	20	1821	35,7	9,3	77,4	3,06	2,09	0,97	0,32	18	26	08:06:44	105
4:07	0	147	28,7	2049	1412	0,69	23	1604	36,8	9,6	76,7	2,61	1,84	0,77	0,29	18	26	08:06:46	106
4:10	0	148	29,9	2135	1486	0,70	23	1677	39,1	10,1	75,3	2,58	1,77	0,80	0,31	18	26	08:06:49	106
4:12	0	148	29,3	2096	1472	0,70	24	1633	39,2	9,9	75,2	2,50	1,74	0,76	0,31	19	27	08:06:51	106
4:14	0	148	31,3	2241	1589	0,71	26	1614	42,5	10,6	73,1	2,28	1,50	0,78	0,34	19	27	08:06:53	106
4:16	0	149	32,1	2295	1615	0,70	27	1589	43,1	10,8	72,7	2,21	1,47	0,74	0,33	19	27	08:06:55	106
4:18	0	149	31,4	2248	1585	0,71	27	1599	42,4	10,6	73,2	2,26	1,50	0,76	0,34	19	27	08:06:57	106
4:21	0	150	32,1	2298	1639	0,71	25	1738	43,6	10,9	72,5	2,39	1,56	0,84	0,35	19	27	08:07:00	106
4:24	0	150	31,1	2223	1582	0,71	25	1660	42,1	10,5	73,4	2,37	1,55	0,82	0,34	19	27	08:07:03	106
4:26	0	151	32,2	2303	1614	0,70	28	1539	42,8	10,9	72,9	2,16	1,43	0,73	0,34	19	27	08:07:05	107
4:30	0	152	34,0	2431	1686	0,69	28	1559	44,2	11,4	72,1	2,12	1,42	0,70	0,33	18	26	08:07:09	107
4:32	0	152	32,8	2345	1648	0,70	27	1622	43,2	11,1	72,7	2,25	1,50	0,75	0,33	18	26	08:07:11	111
4:34	0	152	32,7	2337	1650	0,71	26	1644	42,9	11,0	72,9	2,30	1,53	0,77	0,33	18	26	08:07:13	111
4:36	0	153	32,8	2343	1657	0,71	25	1675	42,7	11,1	73,0	2,36	1,58	0,78	0,33	18	26	08:07:15	113
4:40	0	154	32,6	2328	1646	0,71	25	1672	42,2	11,0	73,3	2,38	1,61	0,77	0,32	18	26	08:07:19	113
4:42	0	154	32,9	2349	1652	0,70	25	1673	42,2	11,1	73,3	2,38	1,61	0,77	0,32	18	26	08:07:21	113
4:45	0	155	31,9	2280	1637	0,72	24	1767	42,3	10,8	73,2	2,50	1,66	0,84	0,34	19	26	08:07:24	113
4:47	0	155	31,3	2239	1599	0,71	25	1636	41,5	10,6	73,8	2,37	1,59	0,78	0,33	19	26	08:07:26	111
4:50	0	156	31,4	2247	1615	0,72	24	1732	42,0	10,6	73,4	2,47	1,64	0,83	0,33	19	26	08:07:29	111
4:53	0	156	31,9	2281	1654	0,72	23	1877	43,0	10,8	72,8	2,62	1,74	0,88	0,34	19	26	08:07:32	111
4:55	0	157	31,8	2276	1661	0,73	23	1887	43,2	10,8	72,7	2,62	1,75	0,87	0,33	19	26	08:07:34	111
4:57	0	157	31,8	2275	1641	0,72	25	1716	42,6	10,8	73,1	2,42	1,64	0,78	0,32	19	26	08:07:36	109
5:00	0	158	32,6	2332	1672	0,72	24	1782	42,9	11,0	72,9	2,49	1,67	0,82	0,33	18	26	08:07:39	109
5:04	0	158	32,7	2338	1686	0,72	22	1973	43,0	11,1	72,8	2,75	1,84	0,91	0,33	18	26	08:07:43	109
5:08	0	159	32,7	2337	1686	0,72	22	1973	43,0	11,1	72,8	2,75	1,84	0,91	0,33	18	26	08:07:47	109
5:11	0	160	32,9	2353	1722	0,73	21	2148	44,2	11,2	72,1	2,92	1,95	0,97	0,33	19	26	08:07:50	110
5:14	0	160	32,5	2322	1685	0,73	21	2033	42,9	11,0	72,9	2,85	1,92	0,92	0,32	18	25	08:07:53	111
5:18	0	161	32,0	2291	1687	0,74	19	2253	43,0	10,9	72,8	3,14	2,09	1,05	0,34	19	25	08:07:57	111
5:20	0	162	31,5	2254	1672	0,74	19	2271	42,6	10,7	73,1	3,20	2,13	1,06	0,33	19	26	08:07:59	112
5:22	0	162	30,8	2204	1643	0,75	20	2152	42,3	10,5	73,3	3,05	2,02	1,03	0,34	19	26	08:08:01	112
5:25	0	163	29,7	2121	1554	0,73	20	1915	38,8	10,1	75,4	2,96	2,01	0,94	0,32	18	25	08:08:04	112
5:27	0	163	30,8	2199	1601	0,73	22	1855	40,8	10,4	74,2	2,73	1,86	0,86	0,32	19	25	08:08:06	112
5:30	0	164	30,8	2199	1601	0,73	22	1855	40,8	10,4	74,2	2,73	1,86	0,86	0,32	19	25	08:08:09	112
5:33	0	164	31,8	2273	1664	0,73	21	2018	42,3	10,8	73,2	2,86	1,88	0,98	0,34	19	25	08:08:12	111
5:35	0	164	32,2	2304	1656	0,72	24	1768	42,6	10,9	73,0	2,49	1,65	0,84	0,34	19	26	08:08:14	111
5:39	0	164	30,1	2152	1545	0,72	22	1807	39,4	10,2	75,1	2,75	1,94	0,81	0,30	18	26	08:08:18	111
5:41	0	165	29,8	2134	1510	0,71	23	1689	38,5	10,1	75,7	2,63	1,90	0,73	0,28	18	26	08:08:20	111
5:44	0	165	33,5	2398	1685	0,70	25	1744	43,3	11,3	72,6	2,42	1,62	0,79	0,33	18	26	08:08:23	111
5:48	0	166	32,0	2287	1630	0,71	22	1888	41,0	10,8	74,1	2,76	1,87	0,90	0,32	18	25	08:08:27	111
5:51	0	167	32,0	2287	1642	0,72	21	1939	40,9	10,8	74,2	2,85	1,92	0,92	0,32	18	25	08:08:30	111
5:54	0	167	31,9	2278	1617	0,71	22	1784	40,0	10,8	74,7	2,67	1,89	0,79	0,29	18	25	08:08:33	112
5:57	0	168	33,0	2362	1693	0,72	20	2024	41,2	11,2	73,9	2,95	2,04	0,91	0,31	17	24	08:08:36	113
6:00	0	169	34,8	2485	1790	0,72	22	1982	44,5	11,8	71,8	2,67	1,78	0,89	0,33	18	25	08:08:39	114
6:01	0	169	35,8	2562	1864	0,73	22	2114	46,4	12,2	70,7	2,73	1,80	0,93	0,34	18	25	08:08:40	114
6:04	0	169	35,1	2511	1829	0,73	21	2169	45,1	11,9	71,5	2,88	1,95	0,94	0,32	18	25	08:08:43	115
6:07	0	170	35,8	2563	1864	0,73	22	2114	46,4	12,2	70,7	2,73	1,80	0,93	0,34	18	25	08:08:46	115
6:09	0	170	35,5	2538	1852	0,73	23	2020	46,5	12,1	70,6	2,61	1,70	0,91	0,35	18	25	08:08:48	115
6:12	0	171	36,1	2581	1892	0,73	23	2020	47,3	12,3	70,1	2,56	1,65	0,91	0,36	18	25	08:08:51	115
6:14	0	172	35,9	2566	1893	0,74	26	1877	48,0	12,2	69,7	2,35	1,53	0,82	0,35	19	25	08:08:53	115
6:16	0	172	36,2	2586	1923	0,74	27	1823	49,4	12,3	68,8	2,21	1,46	0,75	0,34	19	26	08:08:55	115
6:20	0	173	35,9	2567	1964	0,76	24	2109	50,3	12,3	68,2	2,52	1,67	0,85	0,34	20	26	08:08:59	115
6:22	0	173	35,9	2568	1983	0,77	24	2103	51,1	12,3	67,7	2,47	1,66	0,81	0,33	20	26	08:09:01	115
6:24	0	173	35,3	2522	1944	0,77	25	2030	50,5	12,1	68,1	2,41	1,60	0,81	0,34	20	26	08:09:03	117
6:26	0	174	35,4	2530	1957	0,77	25	2034	50,8	12,1	67,9	2,40	1,61	0,80	0,33	20	26	08:09:05	117
6:29	0	174	35,4	2530	1957	0,77	25	2034	50,8	12,1	67,9	2,40	1,61	0,80	0,33	20	26	08:09:08	117
6:31	0	175	34,9	2492	1925	0,77	25	2008	49,8	12,0	68,5	2,42	1,64	0,78	0,32	20	26	08:09:10	119
6:33	0	175	35,1	2510	1928	0,77	25	1991	49,5	12,0	68,7	2,41	1,63	0,78	0,32	20	26	08:09:12	120
6:37	0	176	35,7	2549	1947	0,76	25	1993	49,8	12,2	68,5	2,40	1,60	0,80	0,33	20	26	08:09:16	120
6:40	0	177	35,4	2528	1920	0,76	25	1946	48,7	12,1	69,2	2,40	1,58	0,81	0,34	19	25	08:09:19	120
6:42	0	177	36,5	2612	1981	0,76	24	2087	49,8	12,5	68,5	2,51	1,66	0,85	0,34	19	25	08:09:21	120
6:46	0	178	37,0	2643	2029	0,77	22	2288	51,3	12,7	67,6	2,68	1,76	0,91	0,34	19	25	08:09:25	121
6:48	0	178	36,3	2598	1985	0,76	24	2104	50,4	12,4	68,2	2,51	1,68	0,82	0,33	19	25	08:09:27	122
6:50	0	179	37,2	2659	2046	0,77	22	2342	51,8	12,7	67,3	2,71	1,78	0,94	0,35	19	25	08:09:29	122
6:53	0	179	37,2	2660	2057	0,77	22	2401	52,3	12,8	67,0	2,76	1,79	0,96	0,35	20	25	08:09:32	122
6:55	0	250	37,2	2663	2047	0,77	24	2216	52,1	12,8	67,1	2,55	1,68	0,87	0,34	20	25	08:09:34	122
Départ Exercice																			
6:57	0	250	37,6	2690	2062	0,77	24	2152	52,4	12,9	66,9	2,46	1,63	0,83	0,34	19	25	08:09:36	123
6:59	0	250	37,0	2645	2032	0,77	26	2037	52,3	12,7	67,0	2,34	1,56	0,78	0,33	20	26	08:09:38	123
7:03	0	250	37,1	2652	2036	0,77	26	2027	52,1	12,7	67,1	2,33	1,55	0,78	0,34	20	26	08:09:42	123
7:05	0	250	37,1	2652	2036	0,77	26	2027	52,1	12,7	67,1	2,33	1,55	0,78	0,34	20	26	08:09:44	124
7:08	0	250	37,1	2652	2022	0,76	25	2024	51,4	12,7	67,5	2,36	1,57	0,80	0,34	19	25	08:09:47	125
7:11	0	250	37,2	2661	2025	0,76	23	2180	50,6	12,7	68,0	2,59	1,70	0,88	0,34	19	25	08:09:50	126
7:15	0	250	37,2	2657	2009	0,76	22	2228	49,6	12,7	68,7	2,70	1,76	0,94	0,35	19	25	08:09:54	126
7:17	0	250	37,1	2655	1991	0,75	21	2283	48,7	12,7	69,2	2,81	1,84	0,97	0,34	18	24	08:09:56	127
7:20	0	250	37,5	2678	2031	0,76	20	2506	49,7	12,8	68,6	3,03	1,97	1,06	0,35	19	24	08:09:59	127
7:23	0	250	37,3	2670	1990	0,75	20	2394	48,3	12,7	69,5	2,97	1,95	1,02	0,34	18	24	08:10:02	127
7:26	0	250	38,1	2726	2024	0,74	20	2470	49,1	13,0	69,0	3,02	1,94	1,08	0,36	18	24	08:10:05	126
7:28	0	250	38,5	2754	2038	0,74	20	2530	49,3	13,1	68,8	3,08	1,98	1,10	0,36	18	24	08:10:07	126
7:31	0	250	39,4	2817	2068	0,73	20	2519	50,2	13,4	68,3	3,01	1,94	1,08	0,36	18	24	08:10:10	126
7:34	0	250	39,8	2845	2063	0,73	21	2406	49,9	13,5	68,5	2,89	1,88	1,01	0,35	18	24	08:10:13	126
7:38	0	250	39,8	2844	2063	0,73	21	2406	49,9	13,5	68,5	2,89	1,88	1,01	0,35	18	24	08:10:17	126
7:41	0	250	40,8	2919	2100	0,72	20	2492	50,1	13,8	68,3	2,99	1,94	1,04	0,35	17	24	08:10:20	127
7:44	0	250	42,3	3024	2171	0,72	20	2607	51,5	14,3	67,4	3,04	1,95	1,08	0,36	17	24	08:10:23	128
7:47	0	250	42,3	3021	2180	0,72	19	2651	51,6	14,3	67,4	3,08	2,01	1,08	0,35	17	24	08:10:26	128
7:50	0	250	41,9	2999	2162	0,72	20	2563	51,1	14,2	67,7	3,01	1,98	1,03	0,34	17	24	08:10:29	128
7:52	0	250	42,6	3049	2189	0,72	20	2607	51,4	14,4	67,5	3,04	2,00	1,04	0,34	17	23	08:10:31	128
7:55	0	250	43,9	3139	2242	0,71	20	2588	52,7	14,9	66,7	2,95	1,93	1,01	0,34	17	23	08:10:34	128
7:58	0	250	45,3	3236	2303	0,71	21	2590	53,9	15,3	65,9	2,88	1,89	1,00	0,35	17	23	08:10:37	128
8:00	0	250	45,5	3255	2340	0,72	22	2567	55,3	15,4	65,1	2,79	1,84	0,95	0,34	17	24	08:10:39	128
8:03	0	250	46,0	3288	2385	0,73	22	2551	56,2	15,6	64,5	2,72	1,80	0,92	0,34	17	24	08:10:42	129
8:06	0	250	46,7	3340	2437	0,73	23	2529	57,4	15,9	63,7	2,64	1,75	0,89	0,34	17	24	08:10:45	129
8:09	0	250	46,9	3355	2470	0,74	22	2605	58,0	16,0	63,3	2,69	1,79	0,91	0,34	17	23	08:10:48	130
8:11	0	250	46,9	3355	2470	0,74	22	2605	58,0	16,0	63,3	2,69	1,79	0,91	0,34	17	23	08:10:50	131
8:15	0	250	46,5	3322	2462	0,74	22	2628	57,8	15,8	63,5	2,73	1,82	0,91	0,33	17	23	08:10:54	131
8:17	0	250	46,3	3309	2455	0,74	22	2636	57,2	15,8	63,8	2,76	1,83	0,93	0,34	17	23	08:10:56	132
8:20	0	250	46,3	3309	2455	0,74	22	2636	57,2	15,8	63,8	2,76	1,83	0,93	0,34	17	23	08:10:59	132
8:23	0	250	46,3	3310	2455	0,74	22	2589	57,4	15,8	63,7	2,71	1,79	0,92	0,34	17	23	08:11:02	132
8:25	0	250	46,5	3326	2475	0,74	22	2637	57,9	15,9	63,4	2,73	1,81	0,92	0,34	17	23	08:11:04	132
8:28	0	250	46,4	3320	2491	0,75	22	2669	58,4	15,8	63,1	2,74	1,80	0,94	0,34	18	23	08:11:07	132
8:39	0	250	45,9	3283	2465	0,75	21	2692	57,5	15,7	63,6	2,81	1,83	0,98	0,35	18	23	08:11:18	132
8:41	0	250	46,4	3318	2493	0,75	23	2575	58,4	15,8	63,1	2,65	1,73	0,91	0,35	18	23	08:11:20	132
8:44	0	250	46,9	3355	2534	0,76	23	2619	59,2	16,0	62,6	2,65	1,73	0,93	0,35	18	23	08:11:23	134
8:46	0	250	47,2	3378	2550	0,75	23	2585	59,6	16,1	62,3	2,60	1,71	0,89	0,34	18	23	08:11:25	134
8:49	0	250	46,6	3334	2531	0,76	23	2596	59,2	15,9	62,6	2,63	1,74	0,89	0,34	18	23	08:11:28	135
8:52	0	250	46,5	3327	2540	0,76	22	2692	59,1	15,9	62,7	2,73	1,80	0,94	0,34	18	23	08:11:31	135
8:54	0	250	46,9	3355	2559	0,76	22	2662	59,6	16,1	62,4	2,68	1,77	0,91	0,34	18	23	08:11:33	135
8:57	0	250	47,5	3393	2600	0,77	22	2741	60,8	16,3	61,6	2,71	1,77	0,94	0,35	18	23	08:11:36	135
9:00	0	250	47,5	3394	2600	0,77	22	2741	60,8	16,3	61,6	2,71	1,77	0,94	0,35	18	23	08:11:39	135
9:03	0	250	46,7	3340	2559	0,77	22	2667	59,9	16,0	62,1	2,67	1,77	0,90	0,34	18	23	08:11:42	135
9:05	0	250	46,0	3287	2511	0,76	22	2626	58,7	15,7	62,9	2,69	1,80	0,89	0,33	18	23	08:11:44	135
9:08	0	250	47,1	3366	2566	0,76	22	2670	59,8	16,1	62,2	2,68	1,76	0,92	0,34	18	23	08:11:47	136
9:10	0	250	46,9	3354	2550	0,76	23	2562	59,9	16,0	62,1	2,57	1,69	0,88	0,34	18	23	08:11:49	136
9:12	0	250	46,8	3345	2540	0,76	24	2467	59,9	16,0	62,1	2,47	1,64	0,83	0,34	18	24	08:11:51	136
9:14	0	250	46,4	3317	2523	0,76	25	2399	60,1	15,9	62,0	2,39	1,60	0,80	0,33	18	24	08:11:53	136
9:17	0	250	46,7	3342	2561	0,77	25	2449	60,9	16,0	61,5	2,41	1,61	0,80	0,33	18	24	08:11:56	136
9:20	0	250	47,2	3378	2594	0,77	25	2463	61,7	16,2	61,0	2,39	1,60	0,79	0,33	18	24	08:11:59	136
9:22	0	250	48,2	3444	2632	0,76	25	2473	62,6	16,5	60,4	2,37	1,56	0,81	0,34	18	24	08:12:01	136
9:24	0	250	48,1	3442	2625	0,76	26	2408	62,4	16,5	60,5	2,31	1,53	0,79	0,34	18	24	08:12:03	136
9:27	0	250	47,9	3422	2627	0,77	25	2486	62,1	16,4	60,7	2,40	1,60	0,80	0,33	18	24	08:12:06	137
9:29	0	250	48,1	3442	2645	0,77	25	2516	62,6	16,5	60,4	2,41	1,60	0,81	0,33	18	24	08:12:08	137
9:32	0	250	47,7	3414	2630	0,77	25	2533	62,1	16,4	60,8	2,45	1,63	0,82	0,34	18	24	08:12:11	137
9:34	0	250	48,3	3456	2648	0,77	26	2436	62,8	16,6	60,3	2,33	1,55	0,78	0,33	18	24	08:12:13	137
9:36	0	250	48,8	3488	2675	0,77	26	2431	64,1	16,7	59,5	2,28	1,50	0,77	0,34	18	24	08:12:15	137
9:39	0	250	47,9	3422	2638	0,77	26	2403	63,5	16,4	59,8	2,27	1,52	0,75	0,33	19	24	08:12:18	137
9:42	0	250	47,6	3406	2640	0,78	25	2546	62,9	16,3	60,3	2,43	1,62	0,81	0,33	18	24	08:12:21	137
9:43	0	250	48,2	3447	2646	0,77	26	2408	63,1	16,5	60,1	2,29	1,53	0,76	0,33	18	24	08:12:22	138
9:46	0	250	48,0	3433	2631	0,77	26	2379	62,8	16,4	60,3	2,27	1,53	0,75	0,33	18	24	08:12:25	138
9:48	0	250	47,8	3418	2627	0,77	26	2422	62,7	16,4	60,4	2,32	1,56	0,75	0,33	18	24	08:12:27	138
9:51	0	250	47,7	3413	2627	0,77	25	2505	62,4	16,4	60,6	2,41	1,60	0,81	0,33	18	24	08:12:30	138
9:53	0	250	47,7	3412	2627	0,77	25	2505	62,4	16,4	60,6	2,41	1,60	0,81	0,33	18	24	08:12:32	138
9:55	0	250	48,4	3458	2642	0,76	27	2349	62,9	16,6	60,3	2,24	1,50	0,74	0,33	18	24	08:12:34	138
9:57	0	250	48,7	3484	2650	0,76	28	2239	63,4	16,7	59,9	2,12	1,44	0,68	0,32	18	24	08:12:36	138
10:00	0	250	48,2	3443	2648	0,77	26	2411	63,3	16,5	60,0	2,29	1,55	0,74	0,32	18	24	08:12:39	138
10:03	0	250	48,0	3429	2641	0,77	26	2453	62,8	16,4	60,3	2,34	1,59	0,76	0,32	18	24	08:12:42	138
10:05	0	250	48,5	3465	2648	0,76	27	2329	63,0	16,6	60,2	2,22	1,52	0,70	0,32	18	24	08:12:44	138
10:08	0	250	47,8	3420	2622	0,77	26	2351	62,2	16,4	60,7	2,27	1,55	0,71	0,31	18	24	08:12:47	138
10:10	0	250	47,6	3405	2613	0,77	25	2445	61,5	16,3	61,1	2,39	1,61	0,77	0,32	18	24	08:12:49	138
10:13	0	250	47,3	3379	2595	0,77	24	2519	60,8	16,2	61,6	2,49	1,66	0,82	0,33	18	23	08:12:52	138
10:16	0	250	47,3	3379	2595	0,77	24	2519	60,8	16,2	61,6	2,49	1,66	0,82	0,33	18	23	08:12:55	138
10:18	0	250	47,9	3425	2631	0,77	25	2508	61,8	16,4	60,9	2,43	1,62	0,82	0,34	18	23	08:12:57	138
10:20	0	250	48,3	3450	2650	0,77	25	2511	62,3	16,5	60,6	2,42	1,60	0,81	0,34	18	24	08:12:59	138
10:21	0	250	48,5	3470	2648	0,76	26	2396	62,3	16,6	60,6	2,31	1,53	0,78	0,34	18	24	08:13:00	138
10:23	0	250	48,5	3469	2648	0,76	26	2396	62,3	16,6	60,6	2,31	1,53	0,78	0,34	18	24	08:13:02	139
10:26	0	250	47,6	3403	2574	0,76	28	2187	60,7	16,3	61,6	2,16	1,45	0,71	0,33	18	24	08:13:05	139
10:28	0	250	48,7	3480	2612	0,75	28	2220	61,6	16,6	61,0	2,16	1,44	0,72	0,33	18	24	08:13:07	139
10:31	0	250	48,3	3455	2591	0,75	27	2259	60,9	16,5	61,5	2,22	1,47	0,76	0,34	18	24	08:13:10	139
10:33	0	250	48,7	3483	2588	0,74	28	2160	61,2	16,6	61,3	2,12	1,42	0,70	0,33	18	24	08:13:12	139
10:36	0	250	47,8	3420	2555	0,75	27	2222	60,6	16,3	61,7	2,20	1,47	0,73	0,33	18	24	08:13:15	137
10:38	0	250	46,7	3340	2522	0,76	25	2410	59,5	16,0	62,4	2,43	1,61	0,82	0,34	18	24	08:13:17	137
10:41	0	250	46,5	3323	2533	0,76	23	2598	59,4	15,9	62,5	2,63	1,74	0,89	0,34	18	23	08:13:20	134
10:44	0	250	47,0	3363	2551	0,76	23	2633	59,6	16,1	62,3	2,65	1,75	0,91	0,34	18	23	08:13:23	134
10:46	0	250	46,4	3320	2517	0,76	23	2580	58,5	15,9	63,0	2,64	1,75	0,89	0,34	18	23	08:13:25	134
10:49	0	250	46,5	3328	2517	0,76	23	2578	58,2	15,9	63,2	2,66	1,74	0,91	0,34	18	23	08:13:28	136
10:52	0	250	46,5	3328	2516	0,76	23	2578	58,2	15,9	63,2	2,66	1,74	0,91	0,34	18	23	08:13:31	136
10:55	0	250	47,1	3365	2549	0,76	22	2657	58,3	16,1	63,1	2,73	1,78	0,95	0,35	17	23	08:13:34	136
10:57	0	250	47,6	3405	2579	0,76	22	2677	58,7	16,3	62,9	2,74	1,79	0,94	0,34	17	23	08:13:36	137
11:00	0	250	48,2	3444	2623	0,76	22	2720	59,8	16,5	62,2	2,73	1,80	0,93	0,34	17	23	08:13:39	137
11:03	0	250	48,2	3444	2623	0,76	22	2720	59,8	16,5	62,2	2,73	1,80	0,93	0,34	17	23	08:13:42	137
11:06	0	250	48,0	3431	2628	0,77	21	2811	59,8	16,4	62,2	2,82	1,85	0,97	0,34	17	23	08:13:45	137
11:08	0	250	48,2	3450	2643	0,77	22	2777	59,9	16,5	62,1	2,78	1,85	0,93	0,34	17	23	08:13:47	137
11:11	0	250	48,0	3429	2616	0,76	22	2664	59,2	16,4	62,6	2,70	1,81	0,89	0,33	17	23	08:13:50	137
11:13	0	250	48,0	3429	2617	0,76	22	2664	59,2	16,4	62,6	2,70	1,81	0,89	0,33	17	23	08:13:52	137
11:16	0	250	47,6	3407	2595	0,76	22	2635	58,5	16,3	63,0	2,70	1,80	0,90	0,33	17	23	08:13:55	137
11:18	0	250	48,5	3471	2633	0,76	23	2618	59,5	16,6	62,4	2,64	1,75	0,89	0,34	17	23	08:13:57	137
11:21	0	250	49,6	3543	2696	0,76	23	2650	61,4	17,0	61,2	2,59	1,71	0,88	0,34	17	23	08:14:00	137
11:23	0	250	49,9	3568	2720	0,76	25	2553	62,6	17,1	60,4	2,45	1,62	0,83	0,34	18	23	08:14:02	137
11:25	0	250	50,0	3572	2728	0,76	26	2465	63,5	17,1	59,9	2,33	1,57	0,76	0,33	18	23	08:14:04	137
11:28	0	250	50,6	3614	2774	0,77	25	2549	64,7	17,3	59,1	2,36	1,59	0,78	0,33	18	23	08:14:07	139
11:31	0	250	49,5	3541	2738	0,77	25	2576	63,9	17,0	59,6	2,42	1,62	0,80	0,33	18	23	08:14:10	139
11:33	0	250	49,5	3538	2739	0,77	25	2579	64,0	17,0	59,5	2,42	1,63	0,78	0,32	18	23	08:14:12	139
11:36	0	250	49,5	3538	2739	0,77	25	2579	64,0	17,0	59,5	2,42	1,63	0,78	0,32	18	23	08:14:15	139
11:38	0	250	49,4	3529	2727	0,77	26	2463	64,1	16,9	59,5	2,31	1,57	0,73	0,32	18	23	08:14:17	140
11:40	0	250	49,6	3546	2746	0,77	26	2483	64,4	17,0	59,3	2,31	1,58	0,74	0,32	18	23	08:14:19	140
11:43	0	250	49,6	3549	2772	0,78	25	2613	65,0	17,1	58,9	2,41	1,63	0,78	0,32	18	23	08:14:22	140
11:45	0	250	49,2	3515	2751	0,78	25	2625	64,4	16,9	59,3	2,45	1,64	0,80	0,33	18	23	08:14:24	140
11:48	0	250	49,0	3502	2750	0,79	24	2648	64,4	16,9	59,3	2,47	1,66	0,81	0,33	18	23	08:14:27	140
11:50	0	250	49,5	3540	2780	0,79	25	2651	65,4	17,0	58,7	2,43	1,61	0,82	0,34	18	24	08:14:29	140
11:53	0	250	49,1	3507	2748	0,78	25	2575	64,6	16,9	59,2	2,39	1,60	0,80	0,33	18	24	08:14:32	140
11:56	0	250	48,2	3446	2717	0,79	23	2739	63,7	16,6	59,7	2,58	1,69	0,89	0,35	18	23	08:14:35	140
11:58	0	250	48,6	3473	2725	0,78	24	2708	63,7	16,7	59,7	2,55	1,69	0,86	0,34	18	23	08:14:37	141
12:01	0	250	49,3	3522	2746	0,78	24	2706	64,0	16,9	59,5	2,54	1,67	0,86	0,34	18	23	08:14:40	141
12:03	0	250	49,7	3551	2748	0,77	25	2550	64,7	17,0	59,1	2,36	1,57	0,79	0,34	18	24	08:14:42	140
12:05	0	250	49,3	3525	2740	0,78	24	2655	65,0	16,9	58,9	2,45	1,62	0,83	0,34	18	24	08:14:44	140
12:08	0	250	48,6	3473	2706	0,78	24	2623	64,2	16,7	59,4	2,45	1,63	0,83	0,34	18	24	08:14:47	140
12:10	0	250	49,2	3521	2736	0,78	25	2587	64,9	16,9	59,0	2,39	1,61	0,79	0,33	18	24	08:14:49	140
12:13	0	250	50,1	3584	2785	0,78	25	2649	65,8	17,2	58,4	2,42	1,63	0,79	0,33	18	24	08:14:52	140
12:15	0	250	49,6	3547	2757	0,78	25	2582	65,3	17,0	58,7	2,37	1,61	0,77	0,32	18	24	08:14:54	140
12:18	0	250	49,2	3516	2724	0,77	26	2466	64,5	16,9	59,2	2,29	1,55	0,74	0,32	18	24	08:14:57	140
12:20	0	250	49,5	3538	2759	0,78	24	2662	65,0	17,0	58,9	2,46	1,66	0,80	0,32	18	24	08:14:59	140
12:21	0	250	49,7	3553	2762	0,78	26	2566	65,8	17,1	58,4	2,34	1,59	0,75	0,32	19	24	08:15:00	140
12:23	0	250	49,8	3562	2765	0,78	26	2520	66,0	17,1	58,3	2,29	1,55	0,74	0,32	19	24	08:15:02	140
12:26	0	250	50,0	3578	2785	0,78	26	2579	66,5	17,2	58,0	2,33	1,56	0,76	0,33	19	24	08:15:05	140
12:28	0	250	49,6	3550	2746	0,77	27	2396	65,9	17,0	58,4	2,18	1,46	0,72	0,33	19	24	08:15:07	140
12:30	0	250	49,8	3557	2748	0,77	28	2339	66,4	17,1	58,0	2,11	1,42	0,70	0,33	19	24	08:15:09	140
12:33	0	250	50,3	3595	2794	0,78	27	2482	67,3	17,3	57,4	2,21	1,48	0,73	0,33	19	24	08:15:12	140
12:35	0	250	49,8	3557	2765	0,78	27	2475	66,5	17,1	58,0	2,23	1,49	0,75	0,33	19	24	08:15:14	140
12:37	0	250	49,2	3521	2749	0,78	26	2537	65,9	16,9	58,3	2,31	1,53	0,78	0,34	19	24	08:15:16	140
12:40	0	250	48,5	3471	2716	0,78	24	2667	64,5	16,7	59,3	2,48	1,65	0,83	0,33	19	24	08:15:19	140
12:43	0	250	47,7	3407	2662	0,78	23	2668	62,6	16,4	60,4	2,56	1,72	0,84	0,33	18	24	08:15:22	140
12:46	0	250	47,9	3424	2678	0,78	22	2792	62,7	16,5	60,4	2,67	1,79	0,88	0,33	18	23	08:15:25	140
12:48	0	250	47,4	3392	2644	0,78	23	2708	62,1	16,3	60,7	2,62	1,76	0,86	0,33	18	23	08:15:27	140
12:50	0	250	47,3	3380	2634	0,78	23	2683	61,7	16,2	61,0	2,61	1,76	0,85	0,32	18	23	08:15:29	140
12:52	0	250	47,3	3382	2635	0,78	23	2725	61,3	16,3	61,2	2,67	1,80	0,87	0,32	18	23	08:15:31	139
12:55	0	250	47,5	3399	2652	0,78	23	2723	61,9	16,3	60,8	2,64	1,75	0,88	0,34	18	23	08:15:34	139
12:58	0	250	48,3	3451	2675	0,78	24	2609	62,7	16,6	60,4	2,50	1,66	0,83	0,33	18	23	08:15:37	139
13:00	0	250	48,6	3476	2678	0,77	25	2510	63,2	16,7	60,0	2,38	1,60	0,78	0,33	18	24	08:15:39	139
13:03	0	250	48,0	3435	2656	0,77	25	2544	62,4	16,5	60,6	2,45	1,63	0,82	0,34	18	23	08:15:42	140
13:05	0	250	48,0	3435	2656	0,77	25	2544	62,4	16,5	60,6	2,45	1,63	0,82	0,34	18	23	08:15:44	142
13:08	0	250	48,2	3446	2659	0,77	24	2611	62,2	16,5	60,7	2,52	1,67	0,84	0,34	18	23	08:15:47	142
13:10	0	250	48,8	3489	2687	0,77	24	2641	63,1	16,7	60,1	2,51	1,68	0,83	0,33	18	23	08:15:49	142
13:13	0	250	49,2	3518	2703	0,77	25	2586	64,0	16,9	59,5	2,42	1,65	0,77	0,32	18	24	08:15:52	142
13:15	0	250	49,1	3509	2703	0,77	25	2582	64,5	16,8	59,2	2,40	1,63	0,77	0,32	18	24	08:15:54	142
13:17	0	250	50,2	3588	2752	0,77	25	2612	65,5	17,2	58,6	2,39	1,62	0,77	0,32	18	24	08:15:56	142
13:19	0	250	50,9	3643	2801	0,77	26	2601	67,2	17,5	57,5	2,32	1,56	0,76	0,33	18	24	08:15:58	142
13:21	0	250	49,8	3562	2754	0,77	25	2615	66,0	17,1	58,3	2,38	1,62	0,76	0,32	19	24	08:16:00	143
13:24	0	250	49,5	3537	2730	0,77	26	2520	65,6	17,0	58,5	2,30	1,55	0,75	0,33	19	24	08:16:03	143
13:26	0	250	49,4	3531	2722	0,77	26	2529	65,2	16,9	58,8	2,33	1,56	0,77	0,33	18	24	08:16:05	143
13:28	0	250	49,9	3570	2740	0,77	26	2498	65,6	17,1	58,5	2,28	1,52	0,77	0,34	18	24	08:16:07	143
13:31	0	250	50,2	3587	2755	0,77	26	2530	65,6	17,2	58,5	2,31	1,54	0,78	0,34	18	24	08:16:10	143
13:33	0	250	49,5	3537	2724	0,77	25	2580	64,4	17,0	59,3	2,40	1,61	0,79	0,33	18	24	08:16:12	143
13:36	0	250	49,2	3516	2713	0,77	25	2577	64,1	16,9	59,5	2,41	1,64	0,78	0,32	18	24	08:16:15	143
13:38	0	250	49,6	3548	2744	0,77	25	2624	64,8	17,0	59,1	2,43	1,65	0,78	0,32	18	24	08:16:17	142
13:41	0	250	49,6	3548	2744	0,77	25	2624	64,8	17,0	59,1	2,43	1,65	0,78	0,32	18	24	08:16:20	142
13:43	0	250	49,9	3565	2754	0,77	25	2586	65,1	17,1	58,9	2,38	1,61	0,77	0,32	18	24	08:16:22	142
13:46	0	250	49,5	3541	2744	0,77	25	2632	64,8	17,0	59,1	2,44	1,65	0,79	0,32	18	24	08:16:25	142
13:48	0	250	48,7	3481	2698	0,78	24	2618	64,0	16,7	59,6	2,46	1,68	0,78	0,32	18	24	08:16:27	142
13:51	0	250	48,7	3484	2690	0,77	25	2578	63,6	16,7	59,8	2,43	1,64	0,79	0,33	18	24	08:16:30	142
13:53	0	250	48,6	3476	2680	0,77	24	2599	63,3	16,7	60,0	2,46	1,66	0,80	0,32	18	24	08:16:32	142
13:56	0	250	48,3	3456	2665	0,77	24	2632	63,0	16,6	60,2	2,51	1,69	0,81	0,32	18	24	08:16:35	142
13:58	0	250	49,8	3563	2742	0,77	24	2711	64,4	17,1	59,3	2,52	1,68	0,84	0,33	18	24	08:16:37	141
14:00	0	250	48,5	3468	2669	0,77	25	2560	63,3	16,6	60,0	2,43	1,62	0,80	0,33	18	24	08:16:39	141
14:03	0	250	47,8	3415	2624	0,77	25	2494	62,5	16,4	60,5	2,40	1,63	0,77	0,32	18	24	08:16:42	141
14:05	0	250	48,3	3454	2647	0,77	25	2482	62,6	16,5	60,4	2,38	1,60	0,78	0,33	18	24	08:16:44	141
14:07	0	250	48,4	3463	2640	0,76	26	2389	62,7	16,6	60,4	2,29	1,55	0,74	0,32	18	24	08:16:46	141
14:09	0	250	48,6	3477	2642	0,76	27	2305	63,1	16,6	60,1	2,19	1,47	0,72	0,33	18	24	08:16:48	141
14:12	0	250	48,9	3494	2658	0,76	27	2322	63,6	16,7	59,8	2,19	1,47	0,72	0,33	18	24	08:16:51	141
14:14	0	250	48,9	3494	2658	0,76	27	2322	63,6	16,7	59,8	2,19	1,47	0,72	0,33	18	24	08:16:53	141
14:16	0	250	49,8	3561	2715	0,76	27	2415	64,9	17,0	59,0	2,23	1,50	0,74	0,33	18	24	08:16:55	141
14:18	0	250	50,1	3580	2745	0,77	27	2447	66,1	17,2	58,2	2,22	1,49	0,73	0,33	18	24	08:16:57	141
14:20	0	250	50,2	3591	2755	0,77	28	2374	66,7	17,2	57,8	2,14	1,43	0,71	0,33	19	24	08:16:59	141
14:22	0	250	49,9	3571	2755	0,77	27	2472	66,7	17,1	57,9	2,22	1,48	0,74	0,33	19	24	08:17:01	142
14:25	0	250	49,9	3567	2767	0,78	26	2575	66,6	17,1	57,9	2,32	1,55	0,77	0,33	19	24	08:17:04	142
14:28	0	250	49,8	3564	2756	0,77	27	2441	66,6	17,1	57,9	2,20	1,49	0,71	0,32	19	24	08:17:07	142
14:31	0	250	48,6	3475	2691	0,77	25	2531	64,1	16,7	59,5	2,37	1,57	0,80	0,34	18	24	08:17:10	142
14:33	0	250	48,5	3471	2668	0,77	26	2470	63,4	16,6	59,9	2,34	1,57	0,77	0,33	18	24	08:17:12	142
14:35	0	250	48,5	3471	2668	0,77	26	2470	63,4	16,6	59,9	2,34	1,57	0,77	0,33	18	24	08:17:14	142
14:37	0	250	49,1	3513	2673	0,76	26	2412	63,5	16,8	59,9	2,28	1,54	0,74	0,32	18	24	08:17:16	141
14:39	0	250	48,6	3473	2652	0,76	24	2547	62,2	16,6	60,7	2,46	1,65	0,81	0,33	18	23	08:17:18	140
14:42	0	250	48,7	3480	2639	0,76	25	2508	62,2	16,6	60,7	2,42	1,62	0,80	0,33	18	24	08:17:21	141
14:44	0	250	49,1	3512	2653	0,76	26	2463	63,1	16,8	60,1	2,34	1,57	0,77	0,33	18	24	08:17:23	141
14:46	0	250	49,5	3539	2651	0,75	28	2298	63,7	16,9	59,7	2,16	1,49	0,67	0,31	18	24	08:17:25	141
14:48	0	250	49,5	3541	2647	0,75	28	2295	63,6	16,9	59,8	2,17	1,47	0,70	0,32	18	24	08:17:27	140
14:51	0	250	46,8	3349	2496	0,75	27	2222	59,4	16,0	62,5	2,25	1,56	0,69	0,31	18	24	08:17:30	141
14:53	0	250	46,8	3348	2496	0,75	27	2222	59,4	16,0	62,5	2,25	1,56	0,69	0,31	18	24	08:17:32	142
14:55	0	250	49,8	3559	2657	0,75	27	2375	63,4	17,0	59,9	2,25	1,50	0,75	0,33	18	24	08:17:34	142
14:58	0	250	49,1	3512	2635	0,75	26	2396	62,9	16,8	60,3	2,29	1,52	0,76	0,33	18	24	08:17:37	142
15:00	0	250	49,4	3530	2653	0,75	26	2391	63,2	16,9	60,1	2,27	1,52	0,75	0,33	18	24	08:17:39	141
15:03	0	250	49,5	3536	2673	0,76	25	2498	63,5	16,9	59,9	2,36	1,56	0,80	0,34	18	24	08:17:42	141
15:05	0	250	49,2	3519	2670	0,76	25	2521	63,2	16,8	60,0	2,39	1,61	0,79	0,33	18	24	08:17:44	140
15:07	0	250	49,9	3566	2705	0,76	26	2491	64,4	17,1	59,3	2,32	1,57	0,75	0,32	18	24	08:17:46	140
15:09	0	250	49,6	3546	2715	0,77	26	2503	64,9	17,0	59,0	2,32	1,59	0,73	0,32	18	24	08:17:48	140
15:12	0	250	48,8	3489	2687	0,77	25	2555	64,2	16,7	59,4	2,39	1,62	0,77	0,32	18	24	08:17:51	141
15:14	0	250	48,9	3496	2694	0,77	26	2483	64,4	16,8	59,3	2,31	1,57	0,74	0,32	18	24	08:17:53	141
15:17	0	250	48,6	3475	2681	0,77	25	2529	64,0	16,7	59,6	2,37	1,60	0,77	0,33	18	24	08:17:56	141
15:20	0	250	48,1	3438	2666	0,78	25	2541	63,9	16,5	59,6	2,39	1,63	0,76	0,32	19	24	08:17:59	142
15:22	0	250	48,7	3485	2706	0,78	25	2578	65,1	16,7	58,8	2,38	1,61	0,76	0,32	19	24	08:18:01	142
15:24	0	250	49,2	3520	2743	0,78	25	2626	66,4	16,9	58,0	2,37	1,61	0,77	0,32	19	24	08:18:03	142
15:26	0	250	49,1	3510	2748	0,78	25	2645	67,1	16,9	57,6	2,37	1,60	0,77	0,32	19	24	08:18:05	142
15:28	0	250	49,6	3544	2768	0,78	27	2544	68,1	17,0	56,9	2,24	1,52	0,72	0,32	19	25	08:18:07	142
15:30	0	250	49,5	3541	2785	0,79	26	2645	68,6	17,0	56,6	2,31	1,56	0,75	0,33	19	25	08:18:09	142
15:32	0	250	51,3	3671	2877	0,78	28	2551	71,3	17,7	54,9	2,15	1,43	0,71	0,33	19	25	08:18:11	142
15:34	0	250	52,3	3740	2906	0,78	30	2397	72,3	18,0	54,3	1,99	1,33	0,66	0,33	19	25	08:18:13	142
15:36	0	250	52,0	3717	2885	0,78	30	2371	72,1	17,8	54,4	1,97	1,31	0,66	0,33	19	25	08:18:15	143
15:38	0	250	51,4	3677	2866	0,78	31	2329	71,8	17,7	54,6	1,95	1,28	0,67	0,34	20	25	08:18:17	144
15:40	0	250	50,6	3616	2829	0,78	30	2364	70,5	17,4	55,4	2,01	1,32	0,70	0,35	19	25	08:18:19	144
15:43	0	250	50,0	3572	2798	0,78	29	2373	69,6	17,2	56,0	2,05	1,34	0,70	0,34	19	25	08:18:22	145
15:45	0	250	50,3	3595	2792	0,78	30	2270	69,2	17,3	56,3	1,97	1,30	0,67	0,34	19	25	08:18:24	145
15:47	0	250	50,1	3580	2768	0,77	31	2250	68,7	17,2	56,6	1,97	1,30	0,67	0,34	19	25	08:18:26	145
15:49	0	250	49,3	3524	2732	0,78	29	2338	67,9	16,9	57,1	2,07	1,37	0,70	0,34	19	25	08:18:28	145
15:51	0	250	48,2	3445	2654	0,77	28	2324	65,8	16,5	58,4	2,12	1,43	0,69	0,33	19	25	08:18:30	144
15:53	0	250	47,9	3424	2646	0,77	27	2378	65,4	16,4	58,7	2,18	1,47	0,72	0,33	19	25	08:18:32	144
15:55	0	250	48,1	3438	2635	0,77	28	2313	65,2	16,5	58,8	2,13	1,44	0,69	0,33	19	25	08:18:34	144
15:58	0	250	48,1	3438	2635	0,77	28	2313	65,2	16,5	58,8	2,13	1,44	0,69	0,33	19	25	08:18:37	143
16:00	0	250	47,9	3427	2604	0,76	29	2251	64,4	16,4	59,3	2,10	1,41	0,68	0,33	19	25	08:18:39	143
16:02	0	250	47,7	3410	2572	0,75	28	2242	63,1	16,3	60,1	2,13	1,44	0,69	0,32	19	25	08:18:41	143
16:05	0	250	47,1	3371	2545	0,76	26	2339	61,1	16,1	61,4	2,30	1,53	0,77	0,34	18	24	08:18:44	143
16:07	0	250	47,3	3385	2520	0,74	27	2225	60,1	16,1	62,0	2,22	1,48	0,74	0,33	18	24	08:18:46	142
16:09	0	250	47,7	3410	2523	0,74	26	2266	59,6	16,2	62,3	2,28	1,51	0,77	0,34	17	24	08:18:48	142
16:11	0	250	47,6	3403	2527	0,74	26	2311	59,7	16,2	62,3	2,32	1,53	0,79	0,34	18	24	08:18:50	142
16:14	0	250	47,8	3420	2517	0,74	27	2218	60,0	16,3	62,1	2,22	1,50	0,71	0,32	18	24	08:18:53	142
16:16	0	250	47,9	3423	2527	0,74	26	2323	59,9	16,3	62,1	2,33	1,56	0,76	0,33	18	24	08:18:55	142
16:19	0	250	48,3	3453	2541	0,74	26	2305	60,1	16,4	62,0	2,30	1,54	0,76	0,33	17	24	08:18:58	141
16:22	0	250	48,3	3453	2541	0,74	26	2305	60,1	16,4	62,0	2,30	1,54	0,76	0,33	17	24	08:19:01	141
16:24	0	250	49,0	3501	2597	0,74	25	2432	61,5	16,7	61,1	2,37	1,57	0,80	0,34	18	24	08:19:03	141
16:26	0	250	49,8	3564	2645	0,74	25	2525	62,3	17,0	60,6	2,43	1,63	0,81	0,33	17	24	08:19:05	141
16:29	0	250	50,5	3608	2697	0,75	25	2551	64,0	17,2	59,6	2,39	1,60	0,79	0,33	18	24	08:19:08	141
16:30	0	250	51,6	3692	2765	0,75	26	2514	66,2	17,6	58,1	2,28	1,52	0,76	0,33	18	24	08:19:09	143
16:32	0	250	52,0	3719	2792	0,75	28	2434	67,6	17,8	57,3	2,16	1,47	0,69	0,32	18	24	08:19:11	143
16:35	0	250	52,4	3743	2824	0,75	28	2439	68,8	17,9	56,5	2,13	1,45	0,67	0,32	18	24	08:19:14	143
16:37	0	250	52,1	3722	2838	0,76	27	2598	69,1	17,8	56,3	2,25	1,52	0,74	0,33	19	24	08:19:16	143
16:39	0	250	51,1	3652	2807	0,77	28	2480	69,5	17,5	56,1	2,14	1,45	0,69	0,32	19	25	08:19:18	143
16:41	0	250	50,4	3601	2777	0,77	28	2478	68,6	17,3	56,7	2,17	1,47	0,69	0,32	19	25	08:19:20	144
16:44	0	250	49,9	3567	2765	0,78	26	2572	67,7	17,1	57,2	2,28	1,54	0,73	0,32	19	24	08:19:23	144
16:46	0	250	49,8	3558	2756	0,77	26	2554	67,1	17,1	57,6	2,28	1,55	0,73	0,32	19	24	08:19:25	144
16:48	0	250	50,2	3591	2786	0,78	26	2621	67,4	17,2	57,4	2,33	1,57	0,76	0,33	19	24	08:19:27	145
16:51	0	250	49,9	3566	2785	0,78	25	2724	67,7	17,1	57,2	2,41	1,60	0,82	0,34	19	24	08:19:30	145
16:54	0	250	49,7	3551	2761	0,78	26	2583	67,0	17,1	57,7	2,31	1,54	0,77	0,33	19	24	08:19:33	145
16:56	0	292	50,5	3610	2798	0,78	26	2631	67,6	17,3	57,3	2,34	1,55	0,78	0,33	19	24	08:19:35	145
16:58	0	292	51,2	3661	2825	0,77	26	2642	68,1	17,6	57,0	2,33	1,55	0,78	0,34	19	24	08:19:37	145
17:00	0	292	50,7	3628	2797	0,77	25	2651	67,4	17,4	57,4	2,36	1,57	0,79	0,33	19	24	08:19:39	145
17:03	0	292	50,9	3640	2812	0,77	25	2704	68,1	17,5	57,0	2,38	1,57	0,81	0,34	19	24	08:19:42	145
17:05	0	292	50,8	3636	2807	0,77	26	2678	68,5	17,4	56,7	2,35	1,55	0,80	0,34	19	24	08:19:44	145
17:06	0	292	51,2	3663	2801	0,76	27	2507	68,5	17,5	56,7	2,19	1,48	0,72	0,33	19	24	08:19:45	145
17:09	0	292	52,0	3716	2850	0,77	28	2520	69,9	17,8	55,8	2,16	1,42	0,74	0,34	19	25	08:19:48	145
17:11	0	292	51,7	3697	2839	0,77	28	2484	69,8	17,7	55,9	2,13	1,39	0,74	0,35	19	25	08:19:50	145
17:13	0	292	51,4	3677	2827	0,77	27	2529	69,4	17,6	56,1	2,19	1,43	0,76	0,35	19	25	08:19:52	146
17:15	0	292	51,7	3697	2839	0,77	28	2484	69,8	17,7	55,9	2,13	1,39	0,74	0,35	19	25	08:19:54	146
17:17	0	292	51,5	3685	2816	0,76	29	2400	69,6	17,6	56,0	2,07	1,35	0,72	0,35	19	25	08:19:56	146
17:19	0	292	51,3	3671	2810	0,77	28	2442	69,2	17,6	56,2	2,12	1,37	0,75	0,35	19	25	08:19:58	146
17:22	0	292	51,2	3660	2814	0,77	27	2557	69,2	17,5	56,2	2,22	1,42	0,79	0,36	19	25	08:20:01	147
17:24	0	292	51,2	3662	2792	0,76	28	2440	68,9	17,5	56,4	2,12	1,39	0,73	0,35	19	25	08:20:03	147
17:26	0	292	50,5	3609	2752	0,76	28	2430	67,7	17,3	57,2	2,15	1,42	0,73	0,34	19	25	08:20:05	147
17:29	0	292	51,1	3656	2780	0,76	27	2469	67,9	17,5	57,1	2,18	1,44	0,74	0,34	19	24	08:20:08	147
17:31	0	292	50,7	3625	2769	0,76	27	2529	67,6	17,4	57,3	2,25	1,47	0,77	0,34	19	24	08:20:10	147
17:34	0	292	50,1	3583	2741	0,77	25	2610	66,2	17,2	58,1	2,36	1,56	0,80	0,34	18	24	08:20:13	147
17:36	0	292	50,7	3622	2759	0,76	25	2609	66,2	17,3	58,1	2,36	1,57	0,79	0,34	18	24	08:20:15	147
17:38	0	292	52,0	3719	2814	0,76	25	2629	67,0	17,8	57,7	2,36	1,56	0,79	0,34	18	24	08:20:17	147
SV1																			
17:40	0	292	53,2	3805	2860	0,75	27	2548	68,5	18,2	56,7	2,23	1,49	0,74	0,33	18	24	08:20:19	147
17:42	0	292	53,9	3856	2904	0,75	28	2530	69,9	18,4	55,8	2,17	1,46	0,71	0,33	18	24	08:20:21	147
17:44	0	292	53,9	3853	2913	0,76	27	2559	69,8	18,4	55,9	2,20	1,48	0,72	0,33	18	24	08:20:23	149
17:47	0	292	54,7	3908	2962	0,76	28	2579	71,0	18,7	55,1	2,18	1,48	0,70	0,32	18	24	08:20:26	149
17:49	0	292	55,5	3966	3006	0,76	28	2600	71,9	19,0	54,6	2,17	1,46	0,71	0,33	18	24	08:20:28	149
17:51	0	292	54,3	3881	2955	0,76	28	2524	70,9	18,6	55,2	2,14	1,45	0,68	0,32	18	24	08:20:30	149
17:53	0	292	54,3	3881	2955	0,76	28	2524	70,9	18,6	55,2	2,14	1,45	0,68	0,32	18	24	08:20:32	149
17:56	0	292	54,3	3882	2989	0,77	26	2705	71,5	18,6	54,8	2,27	1,53	0,74	0,32	18	24	08:20:35	149
17:58	0	292	54,3	3882	2989	0,77	26	2705	71,5	18,6	54,8	2,27	1,53	0,74	0,32	18	24	08:20:37	149
18:00	0	292	54,8	3921	3032	0,77	27	2736	72,8	18,8	54,0	2,26	1,52	0,74	0,33	19	24	08:20:39	149
18:02	0	292	54,2	3872	3010	0,78	26	2776	71,9	18,6	54,6	2,32	1,53	0,79	0,34	19	24	08:20:41	149
18:04	0	292	54,4	3890	3009	0,77	27	2635	72,2	18,7	54,3	2,19	1,45	0,74	0,34	19	24	08:20:43	149
18:06	0	292	55,6	3973	3085	0,78	27	2710	74,5	19,1	52,9	2,18	1,43	0,75	0,34	19	24	08:20:45	149
18:08	0	292	55,9	3996	3096	0,77	29	2628	75,3	19,2	52,4	2,09	1,37	0,72	0,35	19	24	08:20:47	149
18:10	0	292	56,2	4022	3114	0,77	30	2572	75,9	19,3	52,0	2,03	1,33	0,71	0,35	19	24	08:20:49	150
18:12	0	292	56,5	4039	3123	0,77	31	2479	76,8	19,4	51,4	1,94	1,29	0,65	0,33	19	25	08:20:51	150
18:14	0	292	56,6	4048	3141	0,78	31	2521	77,2	19,4	51,2	1,96	1,30	0,66	0,34	19	25	08:20:53	152
18:16	0	292	57,9	4138	3204	0,77	31	2518	78,6	19,9	50,3	1,92	1,28	0,64	0,33	19	25	08:20:55	152
18:19	0	292	56,4	4033	3129	0,78	31	2494	76,4	19,4	51,7	1,96	1,31	0,65	0,33	19	24	08:20:58	153
18:21	0	292	56,6	4049	3141	0,78	29	2608	75,6	19,4	52,2	2,07	1,38	0,69	0,33	19	24	08:21:00	153
18:23	0	292	56,4	4031	3130	0,78	28	2647	75,4	19,4	52,3	2,11	1,41	0,70	0,33	19	24	08:21:02	153
18:26	0	292	55,8	3992	3102	0,78	28	2679	74,2	19,2	53,1	2,17	1,46	0,71	0,33	19	24	08:21:05	153
18:28	0	292	56,9	4072	3159	0,78	28	2677	75,5	19,5	52,3	2,13	1,44	0,69	0,32	19	24	08:21:07	153
18:30	0	292	55,8	3988	3119	0,78	26	2825	74,1	19,2	53,1	2,29	1,56	0,73	0,32	19	24	08:21:09	153
18:33	0	292	55,0	3933	3076	0,78	25	2891	72,5	18,9	54,2	2,39	1,63	0,76	0,32	18	24	08:21:12	152
18:36	0	292	55,0	3932	3076	0,78	25	2891	72,5	18,9	54,2	2,39	1,63	0,76	0,32	18	24	08:21:15	152
18:38	0	292	54,0	3858	3021	0,78	25	2869	71,3	18,6	54,9	2,41	1,65	0,76	0,32	18	24	08:21:17	152
18:40	0	292	53,5	3828	2994	0,78	25	2841	70,4	18,4	55,5	2,42	1,65	0,77	0,32	18	24	08:21:19	152
18:42	0	292	53,9	3850	2995	0,78	25	2781	70,3	18,5	55,5	2,37	1,60	0,77	0,33	18	23	08:21:21	152
18:45	0	292	53,9	3850	2995	0,78	25	2781	70,3	18,5	55,5	2,37	1,60	0,77	0,33	18	23	08:21:24	152
18:47	0	292	54,5	3900	3016	0,77	26	2733	70,8	18,7	55,2	2,32	1,54	0,78	0,34	18	23	08:21:26	152
18:49	0	292	55,2	3943	3046	0,77	27	2675	72,0	18,9	54,5	2,23	1,47	0,76	0,34	18	24	08:21:28	152
18:51	0	292	55,9	3995	3086	0,77	28	2616	73,5	19,2	53,6	2,14	1,40	0,74	0,34	18	24	08:21:30	152
18:53	0	292	55,9	3996	3086	0,77	28	2616	73,5	19,2	53,6	2,14	1,40	0,74	0,34	18	24	08:21:32	152
18:55	0	292	56,7	4055	3130	0,77	28	2619	74,6	19,5	52,8	2,11	1,37	0,73	0,35	18	24	08:21:34	152
18:57	0	292	56,8	4058	3149	0,78	28	2664	75,4	19,5	52,3	2,12	1,40	0,72	0,34	19	24	08:21:36	152
18:59	0	292	57,6	4115	3191	0,78	29	2597	76,5	19,8	51,6	2,04	1,34	0,70	0,34	19	24	08:21:38	154
19:00	0	292	58,3	4169	3239	0,78	29	2654	77,5	20,0	51,0	2,05	1,34	0,72	0,35	19	24	08:21:39	154
19:03	0	292	58,7	4199	3282	0,78	29	2731	78,8	20,2	50,2	2,08	1,36	0,72	0,35	19	24	08:21:42	154
19:05	0	292	57,5	4114	3234	0,79	28	2774	77,6	19,8	50,9	2,14	1,41	0,74	0,34	19	24	08:21:44	154
19:07	0	292	58,8	4204	3301	0,79	28	2788	79,0	20,2	50,1	2,12	1,39	0,73	0,34	19	24	08:21:46	154
19:09	0	292	58,5	4186	3290	0,79	29	2723	79,1	20,1	50,0	2,07	1,38	0,69	0,33	19	24	08:21:48	154
19:11	0	292	58,7	4198	3295	0,78	30	2648	79,5	20,2	49,8	2,00	1,34	0,66	0,33	19	24	08:21:50	155
19:13	0	292	58,8	4201	3318	0,79	29	2761	80,0	20,2	49,4	2,07	1,38	0,69	0,33	19	24	08:21:52	155
19:15	0	292	58,5	4184	3293	0,79	30	2625	79,6	20,1	49,7	1,98	1,32	0,66	0,33	19	24	08:21:54	155
19:16	0	292	58,4	4179	3265	0,78	32	2457	79,4	20,1	49,8	1,86	1,24	0,62	0,33	19	24	08:21:55	155
19:18	0	292	58,4	4179	3266	0,78	32	2457	79,4	20,1	49,8	1,86	1,24	0,62	0,33	19	24	08:21:57	155
19:21	0	292	58,2	4159	3248	0,78	33	2411	79,4	20,0	49,8	1,82	1,21	0,61	0,33	19	24	08:22:00	155
19:23	0	292	57,3	4098	3198	0,78	33	2391	78,0	19,7	50,7	1,84	1,22	0,62	0,33	19	24	08:22:02	155
19:25	0	292	57,4	4101	3202	0,78	32	2424	77,9	19,7	50,8	1,87	1,24	0,63	0,34	19	24	08:22:04	155
19:27	0	292	56,5	4038	3149	0,78	31	2449	76,4	19,4	51,7	1,92	1,28	0,64	0,33	19	24	08:22:06	155
19:29	0	292	55,3	3956	3085	0,78	30	2461	74,4	19,0	53,0	1,98	1,33	0,65	0,33	19	24	08:22:08	155
19:31	0	292	54,8	3920	3043	0,78	30	2444	73,2	18,8	53,7	2,00	1,33	0,67	0,33	19	24	08:22:10	155
19:33	0	292	55,1	3941	3043	0,77	30	2458	72,7	18,9	54,0	2,03	1,35	0,67	0,33	18	24	08:22:12	155
19:36	0	292	55,1	3941	3042	0,77	30	2458	72,7	18,9	54,0	2,03	1,35	0,67	0,33	18	24	08:22:15	155
19:38	0	292	55,4	3964	3059	0,77	30	2448	73,4	19,0	53,6	2,00	1,35	0,66	0,33	19	24	08:22:17	155
19:40	0	292	54,7	3910	3021	0,77	29	2524	72,3	18,8	54,3	2,10	1,39	0,70	0,33	18	24	08:22:19	154
19:42	0	292	55,1	3937	3031	0,77	29	2506	72,6	18,9	54,1	2,07	1,39	0,68	0,33	18	24	08:22:21	153
19:44	0	292	55,8	3991	3082	0,77	28	2594	73,8	19,1	53,3	2,11	1,41	0,70	0,33	19	24	08:22:23	152
19:46	0	292	56,3	4022	3112	0,77	29	2590	75,1	19,3	52,5	2,07	1,38	0,69	0,33	19	24	08:22:25	152
19:48	0	292	55,9	3995	3089	0,77	30	2498	75,0	19,2	52,6	2,00	1,34	0,66	0,33	19	24	08:22:27	152
19:50	0	292	57,1	4079	3157	0,77	31	2488	76,9	19,6	51,4	1,94	1,30	0,64	0,33	19	24	08:22:29	152
19:52	0	292	56,5	4043	3119	0,77	31	2428	76,2	19,4	51,8	1,91	1,29	0,62	0,33	19	24	08:22:31	152
19:54	0	292	56,5	4043	3119	0,77	31	2428	76,2	19,4	51,8	1,91	1,29	0,62	0,33	19	24	08:22:33	154
19:56	0	292	56,8	4063	3153	0,78	31	2514	76,9	19,5	51,4	1,96	1,31	0,66	0,33	19	24	08:22:35	153
19:58	0	292	56,5	4038	3128	0,77	31	2433	76,4	19,4	51,7	1,91	1,28	0,63	0,33	19	24	08:22:37	153
20:00	0	292	55,9	3996	3118	0,78	30	2521	75,9	19,2	52,0	1,99	1,34	0,66	0,33	19	24	08:22:39	154
20:02	0	292	55,8	3987	3125	0,78	29	2608	75,8	19,2	52,1	2,06	1,38	0,68	0,33	19	24	08:22:41	154
20:05	0	292	55,5	3968	3110	0,78	29	2590	75,2	19,1	52,5	2,07	1,38	0,69	0,33	19	24	08:22:44	154
20:07	0	292	55,9	3999	3140	0,79	28	2660	75,7	19,2	52,1	2,11	1,40	0,71	0,34	19	24	08:22:46	154
20:09	0	292	56,5	4040	3169	0,78	29	2660	76,4	19,4	51,7	2,09	1,39	0,70	0,34	19	24	08:22:48	155
20:11	0	292	55,6	3979	3132	0,79	28	2651	75,4	19,2	52,3	2,11	1,41	0,70	0,33	19	24	08:22:50	155
20:13	0	292	56,0	4002	3155	0,79	28	2726	75,6	19,3	52,2	2,16	1,45	0,72	0,33	19	24	08:22:52	155
20:15	0	292	56,5	4041	3175	0,79	28	2702	76,1	19,4	51,9	2,13	1,43	0,70	0,33	19	24	08:22:54	155
20:17	0	292	56,8	4059	3187	0,79	28	2725	76,5	19,5	51,6	2,14	1,42	0,72	0,34	19	24	08:22:56	155
20:20	0	292	56,8	4059	3185	0,78	28	2699	76,4	19,5	51,7	2,12	1,41	0,71	0,33	19	24	08:22:59	155
20:22	0	292	56,8	4059	3185	0,78	28	2699	76,4	19,5	51,7	2,12	1,41	0,71	0,33	19	24	08:23:01	155
20:24	0	292	56,8	4063	3177	0,78	29	2641	76,4	19,5	51,7	2,07	1,38	0,69	0,33	19	24	08:23:03	155
20:26	0	292	56,8	4063	3177	0,78	29	2641	76,4	19,5	51,7	2,07	1,38	0,69	0,33	19	24	08:23:05	155
20:28	0	292	56,5	4041	3155	0,78	29	2598	76,3	19,4	51,8	2,04	1,36	0,68	0,33	19	24	08:23:07	155
20:30	0	292	56,6	4050	3149	0,78	29	2575	75,7	19,5	52,2	2,04	1,36	0,68	0,33	19	24	08:23:09	155
20:32	0	292	57,0	4078	3161	0,78	30	2571	76,1	19,6	51,9	2,03	1,35	0,67	0,33	19	24	08:23:11	156
20:34	0	292	57,2	4090	3160	0,77	31	2512	76,9	19,6	51,4	1,96	1,32	0,64	0,33	19	24	08:23:13	156
20:36	0	292	56,6	4045	3128	0,77	31	2437	75,9	19,4	52,0	1,93	1,31	0,62	0,32	19	24	08:23:15	156
20:38	0	292	56,8	4059	3143	0,77	31	2486	76,1	19,5	51,9	1,96	1,32	0,64	0,33	19	24	08:23:17	156
20:40	0	292	56,4	4035	3137	0,78	30	2509	75,7	19,4	52,1	1,99	1,33	0,66	0,33	19	24	08:23:19	156
20:42	0	292	56,7	4051	3151	0,78	30	2537	76,1	19,5	51,9	2,00	1,34	0,66	0,33	19	24	08:23:21	156
20:45	0	292	56,1	4008	3130	0,78	30	2537	75,9	19,3	52,0	2,01	1,35	0,66	0,33	19	24	08:23:24	156
20:47	0	292	55,8	3990	3120	0,78	29	2576	75,1	19,2	52,5	2,06	1,38	0,68	0,33	19	24	08:23:26	156
20:49	0	292	55,5	3966	3101	0,78	29	2562	74,6	19,1	52,8	2,06	1,39	0,67	0,33	19	24	08:23:28	156
20:51	0	292	55,2	3944	3093	0,78	29	2595	74,3	19,0	53,0	2,10	1,41	0,69	0,33	19	24	08:23:30	156
20:53	0	292	54,9	3928	3067	0,78	28	2590	73,4	18,9	53,6	2,12	1,42	0,69	0,33	19	24	08:23:32	156
20:56	0	292	54,8	3915	3052	0,78	28	2601	73,0	18,8	53,9	2,14	1,45	0,69	0,32	19	24	08:23:35	156
20:58	0	292	55,1	3942	3053	0,77	28	2578	72,9	18,9	53,9	2,12	1,44	0,69	0,32	18	24	08:23:37	156
21:00	0	292	55,5	3967	3075	0,78	28	2603	73,6	19,0	53,5	2,12	1,43	0,69	0,32	19	24	08:23:39	156
21:02	0	292	55,5	3965	3070	0,77	29	2581	73,9	19,0	53,3	2,10	1,42	0,68	0,32	19	24	08:23:41	156
21:04	0	292	55,5	3969	3072	0,77	29	2586	74,0	19,0	53,2	2,10	1,42	0,68	0,32	19	24	08:23:43	156
21:06	0	292	56,4	4029	3110	0,77	29	2603	75,2	19,3	52,4	2,08	1,40	0,68	0,33	19	24	08:23:45	156
21:08	0	292	56,2	4018	3109	0,77	29	2608	75,2	19,3	52,5	2,08	1,37	0,71	0,34	19	24	08:23:47	156
21:10	0	292	56,2	4018	3110	0,77	29	2608	75,2	19,3	52,5	2,08	1,37	0,71	0,34	19	24	08:23:49	156
21:13	0	292	56,6	4050	3133	0,77	29	2586	76,0	19,4	52,0	2,04	1,35	0,69	0,34	19	24	08:23:52	155
21:15	0	292	57,4	4104	3174	0,77	30	2602	76,9	19,7	51,4	2,03	1,34	0,69	0,34	19	24	08:23:54	157
21:16	0	292	58,7	4200	3234	0,77	29	2668	77,5	20,1	51,0	2,06	1,36	0,71	0,34	18	24	08:23:55	157
21:18	0	292	58,7	4197	3228	0,77	29	2634	77,4	20,1	51,1	2,04	1,34	0,70	0,34	18	24	08:23:57	157
21:20	0	292	58,5	4182	3231	0,77	29	2652	77,8	20,1	50,8	2,05	1,34	0,70	0,34	19	24	08:23:59	157
21:23	0	292	58,9	4215	3271	0,78	29	2692	79,0	20,2	50,1	2,04	1,36	0,68	0,33	19	24	08:24:02	157
21:25	0	292	58,9	4215	3271	0,78	29	2692	79,0	20,2	50,1	2,04	1,36	0,68	0,33	19	24	08:24:04	157
21:27	0	292	57,7	4129	3218	0,78	30	2608	78,5	19,8	50,4	1,99	1,33	0,66	0,33	19	24	08:24:06	157
21:29	0	292	57,3	4096	3207	0,78	30	2621	78,2	19,7	50,6	2,01	1,35	0,66	0,33	19	24	08:24:08	157
21:31	0	292	56,9	4068	3184	0,78	30	2620	77,5	19,6	51,0	2,03	1,37	0,66	0,33	19	24	08:24:10	157
21:32	0	292	57,3	4094	3207	0,78	30	2620	78,5	19,7	50,4	2,00	1,35	0,66	0,33	19	24	08:24:11	157
21:35	0	292	57,3	4099	3219	0,79	29	2673	78,9	19,7	50,1	2,03	1,36	0,67	0,33	19	25	08:24:14	157
21:36	0	292	58,0	4145	3233	0,78	31	2547	80,1	19,9	49,4	1,91	1,28	0,63	0,33	19	25	08:24:15	157
21:38	0	292	58,0	4146	3234	0,78	31	2547	80,1	19,9	49,4	1,91	1,28	0,63	0,33	19	25	08:24:17	157
21:40	0	292	58,1	4154	3259	0,78	30	2645	80,6	20,0	49,1	1,97	1,31	0,66	0,33	19	25	08:24:19	157
21:42	0	292	57,7	4126	3233	0,78	31	2575	80,2	19,8	49,3	1,93	1,29	0,64	0,33	19	25	08:24:21	157
21:44	0	292	58,7	4199	3287	0,78	32	2581	81,7	20,2	48,4	1,90	1,26	0,64	0,34	19	25	08:24:23	157
21:46	0	292	58,8	4207	3303	0,79	31	2615	82,2	20,2	48,0	1,91	1,27	0,64	0,34	20	25	08:24:25	158
21:47	0	292	58,8	4205	3282	0,78	33	2477	82,0	20,2	48,2	1,81	1,21	0,60	0,33	20	25	08:24:26	158
21:50	0	292	58,0	4148	3267	0,79	31	2634	80,9	20,0	48,9	1,95	1,29	0,67	0,34	19	25	08:24:29	158
21:51	0	292	58,8	4203	3284	0,78	32	2522	81,7	20,2	48,4	1,85	1,24	0,61	0,33	19	25	08:24:30	158
21:53	0	292	58,8	4202	3279	0,78	33	2488	81,6	20,2	48,4	1,83	1,23	0,60	0,33	19	25	08:24:32	158
21:56	0	292	58,6	4189	3290	0,79	31	2599	81,5	20,2	48,5	1,91	1,27	0,65	0,34	19	25	08:24:35	158
21:57	0	292	58,0	4149	3244	0,78	32	2509	80,2	19,9	49,3	1,88	1,25	0,63	0,33	19	25	08:24:36	158
21:59	0	292	57,5	4108	3213	0,78	32	2493	79,4	19,8	49,8	1,88	1,25	0,63	0,33	19	25	08:24:38	160
22:01	0	292	56,9	4066	3197	0,79	30	2590	78,5	19,6	50,4	1,98	1,31	0,67	0,34	19	25	08:24:40	160
22:03	0	292	56,7	4055	3165	0,78	31	2519	77,5	19,5	51,0	1,95	1,32	0,63	0,33	19	24	08:24:42	160
22:05	0	292	56,7	4055	3169	0,78	30	2591	77,4	19,5	51,1	2,01	1,35	0,66	0,33	19	24	08:24:44	160
22:07	0	292	57,0	4076	3171	0,78	30	2569	77,5	19,6	51,0	1,99	1,33	0,65	0,33	19	24	08:24:46	160
22:10	0	292	56,4	4032	3136	0,78	29	2588	76,3	19,4	51,7	2,03	1,38	0,66	0,32	19	24	08:24:49	160
22:12	0	292	56,4	4032	3136	0,78	29	2588	76,3	19,4	51,7	2,03	1,38	0,66	0,32	19	24	08:24:51	159
22:14	0	292	57,2	4091	3186	0,78	29	2664	77,8	19,7	50,8	2,05	1,39	0,67	0,32	19	24	08:24:53	159
22:15	0	292	59,4	4245	3290	0,78	31	2608	81,5	20,4	48,5	1,92	1,29	0,63	0,33	19	25	08:24:54	159
22:17	0	292	60,2	4306	3344	0,78	32	2601	83,7	20,7	47,1	1,86	1,24	0,62	0,33	19	25	08:24:56	159
22:19	0	292	59,9	4281	3339	0,78	32	2610	83,8	20,6	47,0	1,87	1,24	0,62	0,33	20	25	08:24:58	159
22:21	0	292	59,6	4258	3338	0,78	32	2646	84,0	20,5	46,9	1,89	1,25	0,64	0,34	20	25	08:25:00	159
22:23	0	292	59,7	4270	3348	0,78	32	2646	84,3	20,5	46,7	1,88	1,24	0,65	0,34	20	25	08:25:02	159
22:25	0	292	58,6	4190	3302	0,79	31	2701	82,5	20,2	47,8	1,96	1,29	0,67	0,34	20	25	08:25:04	159
22:27	0	292	57,6	4118	3244	0,79	30	2660	80,9	19,8	48,8	1,97	1,30	0,68	0,34	20	25	08:25:06	160
22:29	0	292	57,6	4118	3244	0,79	30	2660	80,9	19,8	48,8	1,97	1,30	0,68	0,34	20	25	08:25:08	160
22:31	0	292	57,1	4081	3212	0,79	30	2662	79,8	19,6	49,6	2,00	1,33	0,68	0,34	20	25	08:25:10	160
22:33	0	292	57,3	4098	3216	0,78	30	2660	80,0	19,7	49,5	2,00	1,33	0,67	0,34	20	25	08:25:12	160
22:35	0	292	57,6	4119	3214	0,78	31	2576	80,2	19,8	49,3	1,93	1,29	0,63	0,33	19	25	08:25:14	160
22:37	0	292	56,7	4053	3154	0,78	31	2569	78,4	19,5	50,4	1,97	1,33	0,63	0,32	19	25	08:25:16	160
22:39	0	292	56,7	4052	3154	0,78	31	2569	78,4	19,5	50,4	1,97	1,33	0,63	0,32	19	25	08:25:18	160
22:41	0	292	57,1	4080	3170	0,78	30	2612	78,6	19,6	50,3	1,99	1,35	0,64	0,32	19	25	08:25:20	160
22:43	0	292	56,2	4018	3125	0,78	29	2663	77,0	19,3	51,3	2,07	1,40	0,67	0,32	19	25	08:25:22	160
22:45	0	292	56,3	4024	3114	0,77	29	2623	76,8	19,3	51,4	2,05	1,38	0,67	0,33	19	25	08:25:24	160
22:47	0	292	56,0	4007	3091	0,77	29	2599	75,9	19,2	52,0	2,05	1,39	0,67	0,33	19	25	08:25:26	160
22:49	0	292	55,6	3979	3058	0,77	30	2522	75,1	19,1	52,5	2,01	1,36	0,65	0,32	19	25	08:25:28	160
22:51	0	292	56,5	4039	3091	0,77	30	2539	75,7	19,3	52,1	2,01	1,35	0,67	0,33	19	25	08:25:30	160
22:53	0	292	57,2	4088	3119	0,76	31	2505	76,8	19,6	51,5	1,96	1,31	0,65	0,33	19	25	08:25:32	160
22:55	0	292	57,2	4088	3119	0,76	31	2505	76,8	19,6	51,5	1,96	1,31	0,65	0,33	19	25	08:25:34	160
22:57	0	292	57,2	4088	3119	0,76	31	2505	76,8	19,6	51,5	1,96	1,31	0,65	0,33	19	25	08:25:36	160
22:59	0	292	57,1	4085	3109	0,76	31	2495	76,2	19,5	51,9	1,97	1,32	0,65	0,33	19	24	08:25:38	160
23:02	0	292	57,4	4103	3118	0,76	30	2519	76,1	19,6	51,9	1,99	1,33	0,65	0,33	19	24	08:25:41	159
23:04	0	292	57,6	4118	3137	0,76	30	2588	76,4	19,7	51,7	2,03	1,34	0,70	0,34	19	24	08:25:43	159
23:06	0	292	57,2	4091	3123	0,76	29	2608	75,7	19,6	52,1	2,07	1,35	0,71	0,35	19	24	08:25:45	159
23:09	0	292	57,2	4089	3109	0,76	28	2674	74,2	19,6	53,1	2,16	1,42	0,74	0,34	18	24	08:25:48	159
23:11	0	292	56,5	4038	3065	0,76	27	2697	72,6	19,3	54,1	2,23	1,44	0,79	0,36	18	24	08:25:50	159
23:14	0	292	54,1	3870	2884	0,75	26	2550	66,8	18,4	57,8	2,29	1,54	0,75	0,33	17	23	08:25:53	159
23:16	0	292	54,4	3893	2908	0,75	26	2605	67,4	18,6	57,4	2,32	1,57	0,75	0,32	17	23	08:25:55	159
23:18	0	292	54,9	3927	2919	0,74	26	2599	67,8	18,7	57,1	2,30	1,54	0,76	0,33	17	23	08:25:57	159
23:20	0	292	55,3	3956	2932	0,74	26	2601	68,0	18,8	57,0	2,30	1,56	0,74	0,32	17	23	08:25:59	159
23:22	0	292	58,1	4151	3114	0,75	28	2655	73,8	19,8	53,3	2,16	1,42	0,74	0,34	18	24	08:26:01	159
23:24	0	292	58,3	4165	3131	0,75	29	2609	75,1	19,9	52,5	2,08	1,37	0,71	0,34	18	24	08:26:03	159
23:26	0	292	59,0	4221	3184	0,75	30	2600	77,2	20,2	51,2	2,02	1,35	0,67	0,33	18	24	08:26:05	159
23:28	0	292	59,0	4222	3184	0,75	30	2600	77,2	20,2	51,2	2,02	1,35	0,67	0,33	18	24	08:26:07	159
23:30	0	292	57,7	4123	3135	0,76	29	2618	75,7	19,7	52,1	2,07	1,41	0,66	0,32	18	24	08:26:09	159
23:32	0	292	57,7	4128	3139	0,76	29	2621	75,5	19,7	52,3	2,08	1,41	0,67	0,32	18	24	08:26:11	160
23:34	0	292	57,7	4128	3139	0,76	29	2621	75,5	19,7	52,3	2,08	1,41	0,67	0,32	18	24	08:26:13	158
23:36	0	292	58,2	4164	3176	0,76	29	2660	77,0	19,9	51,3	2,07	1,39	0,68	0,33	19	24	08:26:15	158
23:38	0	292	58,5	4183	3205	0,77	29	2713	77,7	20,0	50,9	2,10	1,41	0,69	0,33	19	24	08:26:17	158
23:40	0	292	58,2	4165	3196	0,77	29	2680	77,4	20,0	51,1	2,08	1,40	0,67	0,32	19	24	08:26:19	158
23:42	0	292	59,3	4238	3251	0,77	29	2681	78,6	20,3	50,3	2,05	1,36	0,68	0,33	19	24	08:26:21	158
23:44	0	292	59,5	4251	3254	0,77	29	2676	78,6	20,4	50,3	2,04	1,36	0,69	0,34	18	24	08:26:23	158
23:46	0	292	59,8	4273	3286	0,77	30	2677	79,9	20,5	49,5	2,01	1,34	0,67	0,33	19	24	08:26:25	158
23:48	0	292	59,3	4241	3245	0,77	31	2550	79,2	20,3	49,9	1,93	1,30	0,63	0,33	19	24	08:26:27	158
23:50	0	292	59,4	4250	3253	0,77	31	2519	79,2	20,4	49,9	1,91	1,29	0,62	0,32	19	24	08:26:29	158
23:52	0	292	59,3	4239	3253	0,77	32	2506	79,6	20,3	49,7	1,89	1,26	0,63	0,33	19	24	08:26:31	159
23:53	0	292	59,9	4283	3277	0,77	33	2447	81,0	20,5	48,8	1,81	1,21	0,60	0,33	19	25	08:26:32	159
23:56	0	292	59,4	4249	3261	0,77	33	2451	81,1	20,4	48,7	1,81	1,20	0,61	0,34	19	25	08:26:35	159
23:58	0	292	59,5	4253	3264	0,77	34	2422	81,2	20,4	48,7	1,79	1,19	0,60	0,33	19	25	08:26:37	159
24:00	0	292	58,9	4209	3237	0,77	33	2469	80,3	20,2	49,2	1,84	1,24	0,61	0,33	19	25	08:26:39	159
24:02	0	292	58,5	4183	3239	0,77	31	2595	80,0	20,1	49,4	1,95	1,29	0,65	0,34	19	25	08:26:41	160
24:04	0	292	58,4	4177	3249	0,78	30	2668	79,8	20,1	49,6	2,01	1,34	0,67	0,33	19	25	08:26:43	160
24:06	0	292	58,1	4152	3236	0,78	29	2723	78,8	20,0	50,2	2,07	1,37	0,70	0,34	19	24	08:26:45	160
24:08	0	292	57,4	4104	3193	0,78	29	2686	77,7	19,7	50,9	2,07	1,38	0,70	0,34	19	24	08:26:47	160
24:10	0	292	57,5	4115	3182	0,77	29	2631	77,1	19,7	51,2	2,05	1,37	0,68	0,33	19	24	08:26:49	160
24:12	0	292	57,1	4084	3141	0,77	30	2574	76,1	19,6	51,9	2,03	1,35	0,67	0,33	19	24	08:26:51	160
24:14	0	292	58,0	4149	3168	0,76	29	2598	76,1	19,9	51,9	2,05	1,37	0,68	0,33	18	24	08:26:53	160
24:17	0	292	58,5	4183	3182	0,76	30	2533	76,7	20,0	51,5	1,98	1,35	0,63	0,32	18	24	08:26:56	160
24:19	0	292	58,0	4148	3148	0,76	29	2572	75,6	19,8	52,2	2,04	1,38	0,66	0,32	18	24	08:26:58	160
24:21	0	292	57,8	4133	3139	0,76	28	2658	75,2	19,8	52,5	2,12	1,43	0,69	0,33	18	24	08:27:00	160
24:24	0	292	57,6	4120	3135	0,76	27	2761	74,4	19,7	53,0	2,23	1,52	0,71	0,32	18	24	08:27:03	160
24:26	0	292	57,3	4096	3115	0,76	26	2790	73,6	19,6	53,5	2,28	1,55	0,72	0,32	18	24	08:27:05	160
24:28	0	292	58,6	4189	3176	0,76	27	2792	75,4	20,0	52,3	2,22	1,49	0,73	0,33	18	24	08:27:07	160
SV2																			
24:30	0	292	58,6	4188	3195	0,76	28	2774	76,8	20,0	51,5	2,17	1,45	0,72	0,33	18	24	08:27:09	160
24:31	0	292	59,4	4249	3240	0,76	29	2740	78,4	20,3	50,5	2,10	1,41	0,69	0,33	18	24	08:27:10	159
24:34	0	292	58,8	4205	3230	0,77	28	2773	77,5	20,2	51,0	2,15	1,43	0,72	0,33	18	24	08:27:13	159
24:36	0	292	58,6	4192	3217	0,77	28	2770	76,8	20,1	51,5	2,16	1,45	0,71	0,33	18	24	08:27:15	159
24:38	0	292	60,6	4335	3327	0,77	30	2712	81,0	20,8	48,8	2,01	1,33	0,68	0,34	19	24	08:27:17	159
24:39	0	292	63,1	4513	3456	0,77	32	2656	85,3	21,6	46,1	1,87	1,23	0,63	0,34	19	25	08:27:18	159
24:41	0	292	62,1	4439	3418	0,77	32	2662	84,6	21,3	46,5	1,89	1,25	0,64	0,34	19	25	08:27:20	160
24:43	0	292	58,9	4215	3231	0,77	30	2601	78,4	20,2	50,4	1,99	1,35	0,64	0,32	19	24	08:27:22	160
24:45	0	292	59,1	4229	3243	0,77	30	2630	78,2	20,3	50,6	2,02	1,37	0,64	0,32	18	24	08:27:24	161
24:47	0	292	61,8	4417	3358	0,76	33	2526	82,8	21,1	47,7	1,83	1,25	0,58	0,31	19	25	08:27:26	162
V02 Max																			
24:49	0	292	66,0	4720	3615	0,77	35	2590	91,5	22,6	42,1	1,70	1,12	0,58	0,34	19	25	08:27:28	163
24:50	0	292	65,0	4647	3585	0,77	34	2631	90,7	22,3	42,7	1,74	1,15	0,59	0,34	20	25	08:27:29	163
24:52	0	292	63,7	4558	3543	0,78	34	2636	90,3	21,9	42,9	1,75	1,15	0,60	0,34	20	25	08:27:31	163
24:53	0	292	63,7	4556	3547	0,78	36	2557	90,9	21,9	42,6	1,69	1,11	0,58	0,34	20	26	08:27:32	163
24:55	0	292	63,8	4565	3567	0,78	35	2626	90,9	21,9	42,6	1,73	1,13	0,60	0,35	20	25	08:27:34	163
24:57	0	292	63,2	4516	3532	0,78	36	2525	90,7	21,7	42,6	1,67	1,08	0,59	0,35	20	26	08:27:36	163
24:58	0	292	62,2	4444	3479	0,78	36	2483	89,4	21,4	43,5	1,67	1,08	0,58	0,35	20	26	08:27:37	163
25:00	0	292	61,7	4414	3444	0,78	37	2413	88,5	21,2	44,1	1,64	1,07	0,57	0,35	20	26	08:27:39	164
25:02	0	292	60,8	4346	3399	0,78	36	2422	86,6	20,9	45,3	1,68	1,10	0,58	0,35	20	25	08:27:41	164
25:04	0	292	59,7	4269	3348	0,78	34	2490	84,5	20,5	46,6	1,77	1,16	0,61	0,34	20	25	08:27:43	164
25:06	0	292	59,5	4252	3323	0,78	33	2508	83,2	20,4	47,4	1,81	1,20	0,61	0,34	20	25	08:27:45	164
25:08	0	292	59,1	4228	3282	0,78	33	2489	82,0	20,3	48,2	1,82	1,22	0,60	0,33	19	25	08:27:47	164
25:10	0	292	59,0	4216	3261	0,77	33	2496	81,1	20,2	48,7	1,85	1,24	0,61	0,33	19	25	08:27:49	164
25:12	0	292	58,4	4177	3235	0,77	32	2524	80,2	20,0	49,3	1,89	1,26	0,63	0,33	19	25	08:27:51	163
25:14	0	292	58,5	4183	3235	0,77	30	2624	79,6	20,1	49,7	1,98	1,32	0,66	0,33	19	25	08:27:53	163
25:16	0	292	58,5	4182	3235	0,77	30	2624	79,6	20,1	49,7	1,98	1,32	0,66	0,33	19	25	08:27:55	163
25:19	0	292	58,8	4206	3237	0,77	29	2674	78,8	20,2	50,2	2,04	1,36	0,67	0,33	19	24	08:27:58	163
25:21	0	292	58,9	4212	3246	0,77	29	2697	79,2	20,2	49,9	2,04	1,36	0,69	0,34	19	24	08:28:00	163
25:22	0	292	59,3	4241	3256	0,77	29	2706	79,2	20,3	49,9	2,05	1,36	0,69	0,34	19	24	08:28:01	162
25:25	0	292	58,0	4150	3188	0,77	28	2745	76,9	19,9	51,4	2,14	1,43	0,71	0,33	19	24	08:28:04	162
25:26	0	292	59,4	4246	3232	0,76	29	2667	78,3	20,3	50,5	2,04	1,37	0,67	0,33	18	24	08:28:05	162
25:28	0	292	60,2	4302	3265	0,76	30	2647	79,5	20,6	49,8	2,00	1,34	0,66	0,33	18	24	08:28:07	162
25:30	0	292	61,9	4427	3356	0,76	31	2647	82,5	21,2	47,9	1,93	1,28	0,65	0,34	19	25	08:28:09	162
25:32	0	292	62,2	4447	3383	0,76	32	2619	84,2	21,3	46,8	1,87	1,23	0,63	0,34	19	25	08:28:11	162
25:34	0	292	61,8	4422	3377	0,76	33	2592	84,7	21,2	46,4	1,84	1,21	0,62	0,34	19	25	08:28:13	162
25:36	0	292	60,7	4342	3356	0,77	31	2711	84,0	20,8	46,9	1,94	1,28	0,66	0,34	19	25	08:28:15	162
25:38	0	292	60,7	4342	3356	0,77	31	2711	84,0	20,8	46,9	1,94	1,28	0,66	0,34	19	25	08:28:17	162
25:40	0	292	59,9	4280	3322	0,78	31	2689	83,4	20,6	47,3	1,93	1,28	0,65	0,34	19	25	08:28:19	162
25:42	0	292	59,5	4251	3296	0,78	32	2630	83,0	20,4	47,6	1,90	1,26	0,64	0,34	20	25	08:28:21	162
25:43	0	292	59,5	4251	3296	0,78	32	2630	83,0	20,4	47,6	1,90	1,26	0,64	0,34	20	25	08:28:22	162
25:45	0	292	59,0	4220	3263	0,77	32	2573	82,4	20,2	47,9	1,87	1,24	0,63	0,34	20	25	08:28:24	163
25:47	0	292	58,9	4211	3244	0,77	33	2500	81,7	20,2	48,4	1,84	1,22	0,62	0,34	19	25	08:28:26	163
25:49	0	292	58,4	4173	3194	0,77	34	2386	80,2	20,0	49,3	1,78	1,18	0,60	0,34	19	25	08:28:28	163
25:50	0	292	58,1	4157	3155	0,76	35	2275	79,5	19,9	49,7	1,72	1,14	0,58	0,34	19	25	08:28:29	163
25:52	0	292	58,3	4167	3143	0,75	36	2213	79,7	19,9	49,6	1,67	1,11	0,56	0,33	19	25	08:28:31	163
25:54	0	292	58,1	4156	3137	0,75	35	2243	79,3	19,9	49,9	1,70	1,13	0,57	0,34	19	25	08:28:33	163
25:56	0	292	58,1	4156	3137	0,75	35	2243	79,3	19,9	49,9	1,70	1,13	0,57	0,34	19	25	08:28:35	162
25:57	0	292	58,5	4182	3164	0,76	35	2290	80,0	20,0	49,4	1,72	1,13	0,58	0,34	19	25	08:28:36	162
25:59	0	292	58,8	4207	3211	0,76	34	2414	81,3	20,1	48,6	1,78	1,17	0,61	0,34	19	25	08:28:38	162
26:01	0	292	58,9	4212	3223	0,77	34	2433	81,7	20,2	48,3	1,79	1,17	0,61	0,34	19	25	08:28:40	162
26:03	0	292	58,9	4211	3237	0,77	33	2467	82,2	20,2	48,0	1,80	1,18	0,62	0,34	20	25	08:28:42	162
26:05	0	292	58,9	4212	3237	0,77	33	2467	82,2	20,2	48,0	1,80	1,18	0,62	0,34	20	25	08:28:44	162
26:06	0	292	58,5	4183	3222	0,77	33	2454	82,1	20,1	48,1	1,79	1,18	0,62	0,34	20	25	08:28:45	162
26:08	0	292	58,2	4160	3198	0,77	33	2448	81,3	19,9	48,6	1,81	1,18	0,62	0,34	20	25	08:28:47	162
26:10	0	292	57,3	4095	3127	0,76	34	2341	79,4	19,6	49,8	1,77	1,16	0,61	0,35	19	25	08:28:49	162
26:13	0	292	57,1	4084	3120	0,76	33	2384	78,3	19,6	50,5	1,83	1,20	0,63	0,34	19	25	08:28:52	162
26:15	0	292	57,2	4091	3114	0,76	32	2414	77,4	19,6	51,1	1,87	1,23	0,65	0,35	19	25	08:28:54	162
26:16	0	292	57,2	4090	3114	0,76	32	2414	77,4	19,6	51,1	1,87	1,23	0,65	0,35	19	25	08:28:55	162
26:18	0	292	57,4	4107	3110	0,76	32	2417	77,1	19,6	51,3	1,88	1,24	0,65	0,34	19	25	08:28:57	163
26:20	0	292	58,4	4172	3147	0,75	32	2447	77,8	19,9	50,8	1,89	1,24	0,65	0,34	19	25	08:28:59	162
26:22	0	292	56,6	4048	3065	0,76	30	2507	74,5	19,4	52,9	2,02	1,31	0,71	0,35	18	24	08:29:01	161
26:24	0	292	57,5	4112	3096	0,75	31	2469	75,7	19,6	52,1	1,96	1,26	0,70	0,36	18	24	08:29:03	161
26:26	0	292	60,5	4323	3229	0,75	34	2380	80,4	20,6	49,2	1,78	1,16	0,62	0,35	19	25	08:29:05	161
26:27	0	292	61,6	4405	3296	0,75	35	2399	83,1	21,0	47,5	1,73	1,13	0,60	0,35	19	25	08:29:06	161
26:29	0	292	60,9	4356	3269	0,75	35	2368	83,1	20,8	47,5	1,71	1,13	0,58	0,34	19	25	08:29:08	161
26:31	0	292	60,5	4329	3271	0,76	35	2395	83,2	20,7	47,4	1,73	1,14	0,59	0,34	19	25	08:29:10	162
26:33	0	292	59,7	4265	3243	0,76	34	2428	82,6	20,4	47,8	1,76	1,16	0,61	0,34	19	25	08:29:12	162
26:35	0	292	60,1	4297	3250	0,76	35	2349	83,0	20,5	47,5	1,70	1,12	0,58	0,34	19	26	08:29:14	162
26:37	0	292	58,8	4205	3198	0,76	34	2388	80,7	20,1	49,0	1,78	1,17	0,60	0,34	19	25	08:29:16	162
26:38	0	292	58,2	4161	3177	0,76	34	2385	80,1	19,9	49,3	1,79	1,19	0,60	0,34	19	25	08:29:17	162
26:40	0	292	57,8	4133	3165	0,77	33	2435	79,7	19,8	49,6	1,83	1,22	0,61	0,33	19	25	08:29:19	162
26:42	0	292	57,6	4120	3163	0,77	32	2479	79,1	19,7	50,0	1,88	1,24	0,64	0,34	19	25	08:29:21	162
26:44	0	292	57,6	4120	3163	0,77	32	2479	79,1	19,7	50,0	1,88	1,24	0,64	0,34	19	25	08:29:23	162
26:46	0	292	57,4	4107	3143	0,77	32	2431	78,3	19,7	50,5	1,86	1,24	0,62	0,33	19	25	08:29:25	162
26:48	0	292	57,3	4095	3140	0,77	31	2494	77,8	19,6	50,8	1,92	1,28	0,64	0,33	19	25	08:29:27	162
26:50	0	292	57,6	4121	3149	0,76	32	2457	78,4	19,7	50,4	1,88	1,25	0,63	0,34	19	25	08:29:29	162
26:52	0	292	57,6	4121	3149	0,76	32	2457	78,4	19,7	50,4	1,88	1,25	0,63	0,34	19	25	08:29:31	162
