TEMPS	Vitesse	PUIS.	VO2/KG	VO2	VCO2	Q.R	FR	Vt	VE	KCal	Rés.V.	Ttot	Te	Ti	Ti/Ttot	VE/VO2	VE/VCO2	Horloge	FC
(min)	(RPM)	(Watts)	(mL/kg/min)	(mL/min)	(mL/min)		(br/min)	(mL)	(L/min)	(KCal/min)	(%)	(sec)	(sec)	(sec)				(Minuterie)	(BPM)
0:13	0	100	15,0	1028	795	0,77	15	1355	20,6	4,9	85,9	3,94	3,24	0,70	0,18	20	26	10:28:24	99
0:17	0	100	12,5	853	699	0,82	14	1474	20,8	4,1	85,8	4,26	3,01	1,25	0,29	24	30	10:28:28	98
0:21	0	100	15,0	1027	796	0,77	15	1355	20,6	4,9	85,9	3,94	3,24	0,70	0,18	20	26	10:28:32	99
0:25	0	100	15,6	1065	809	0,76	15	1405	21,7	5,1	85,2	3,88	2,76	1,12	0,29	20	27	10:28:36	102
0:30	0	100	16,2	1109	850	0,77	15	1567	22,9	5,3	84,4	4,11	2,81	1,30	0,32	21	27	10:28:41	104
0:37	0	100	15,3	1043	812	0,78	14	1544	22,3	5,0	84,8	4,14	2,86	1,28	0,31	21	28	10:28:48	107
0:42	0	100	16,2	1108	861	0,78	14	1713	23,5	5,3	83,9	4,37	2,96	1,41	0,32	21	27	10:28:53	107
0:49	0	100	16,6	1133	862	0,76	12	1906	23,1	5,4	84,3	4,96	3,17	1,79	0,36	20	27	10:29:00	107
0:54	0	100	18,2	1243	924	0,74	11	2093	24,0	5,9	83,7	5,24	3,29	1,95	0,37	19	26	10:29:05	108
0:58	0	100	19,0	1300	955	0,73	11	2179	24,6	6,2	83,2	5,32	3,41	1,91	0,36	19	26	10:29:09	108
1:05	0	100	19,0	1296	958	0,74	10	2349	24,2	6,2	83,5	5,83	3,78	2,05	0,35	19	25	10:29:16	108
1:09	0	100	19,4	1325	977	0,74	11	2266	24,3	6,3	83,4	5,60	3,62	1,98	0,35	18	25	10:29:20	108
1:13	0	100	20,9	1432	1058	0,74	12	2204	26,5	6,8	82,0	5,00	3,25	1,74	0,35	18	25	10:29:24	108
1:16	0	100	20,9	1430	1076	0,75	13	2138	26,8	6,8	81,7	4,79	3,04	1,74	0,36	19	25	10:29:27	108
1:22	0	100	21,1	1444	1106	0,77	13	2104	27,5	6,9	81,2	4,58	2,84	1,75	0,38	19	25	10:29:33	107
1:26	0	100	21,7	1486	1161	0,78	14	2057	29,3	7,1	80,0	4,22	2,60	1,62	0,38	20	25	10:29:37	109
1:30	0	100	21,0	1436	1161	0,81	14	2064	29,3	6,9	80,0	4,22	2,62	1,60	0,38	20	25	10:29:41	109
1:34	0	100	22,4	1531	1240	0,81	15	2051	31,5	7,4	78,5	3,91	2,49	1,42	0,36	21	25	10:29:45	112
1:37	0	100	22,2	1517	1259	0,83	16	2064	32,2	7,4	78,0	3,84	2,45	1,39	0,36	21	26	10:29:48	115
1:42	0	100	21,8	1489	1264	0,85	15	2090	32,0	7,3	78,2	3,92	2,50	1,42	0,36	21	25	10:29:53	114
1:46	0	100	21,0	1436	1239	0,86	15	2138	31,3	7,0	78,6	4,09	2,59	1,50	0,37	22	25	10:29:57	116
1:51	0	100	21,0	1436	1239	0,86	15	2138	31,3	7,0	78,6	4,09	2,59	1,50	0,37	22	25	10:30:02	116
1:56	0	100	20,6	1411	1200	0,85	14	2151	30,1	6,9	79,5	4,29	2,67	1,62	0,38	21	25	10:30:07	116
1:59	0	100	20,8	1423	1188	0,84	14	2109	29,6	6,9	79,8	4,27	2,59	1,69	0,39	21	25	10:30:10	115
2:02	0	100	20,3	1387	1137	0,82	15	1900	28,4	6,7	80,7	4,02	2,46	1,56	0,39	20	25	10:30:13	115
2:06	0	100	20,1	1377	1108	0,80	15	1785	27,4	6,7	81,3	3,91	2,44	1,47	0,38	20	25	10:30:17	114
2:10	0	100	20,1	1376	1108	0,80	15	1785	27,4	6,7	81,3	3,91	2,44	1,47	0,38	20	25	10:30:21	115
2:14	0	100	20,6	1408	1118	0,79	16	1769	27,4	6,8	81,3	3,87	2,42	1,45	0,37	19	25	10:30:25	112
2:19	0	100	20,7	1418	1122	0,79	14	1883	27,1	6,8	81,5	4,17	2,52	1,65	0,40	19	24	10:30:30	110
2:24	0	100	21,1	1445	1146	0,79	15	1875	27,9	7,0	81,0	4,04	2,46	1,58	0,39	19	24	10:30:35	110
2:27	0	100	21,5	1471	1179	0,80	14	2057	28,7	7,1	80,4	4,30	2,67	1,63	0,38	20	24	10:30:38	110
2:31	0	100	21,5	1473	1190	0,81	14	2045	29,3	7,1	80,0	4,19	2,65	1,54	0,37	20	25	10:30:42	110
2:35	0	100	22,0	1506	1225	0,81	14	2117	30,1	7,3	79,5	4,23	2,64	1,59	0,38	20	25	10:30:46	114
2:37	0	100	21,5	1469	1189	0,81	14	2060	28,7	7,1	80,4	4,30	2,64	1,66	0,39	20	24	10:30:48	116
2:41	0	100	22,5	1537	1242	0,81	15	2031	29,9	7,4	79,6	4,08	2,49	1,58	0,39	19	24	10:30:52	115
2:44	0	100	22,8	1561	1284	0,82	15	2061	31,4	7,6	78,6	3,94	2,49	1,45	0,37	20	24	10:30:55	116
2:49	0	100	22,2	1520	1259	0,83	15	1982	30,5	7,4	79,2	3,90	2,43	1,47	0,38	20	24	10:31:00	116
2:54	0	100	22,4	1529	1283	0,84	15	2112	31,1	7,4	78,8	4,07	2,51	1,56	0,38	20	24	10:31:05	115
2:57	0	100	22,9	1565	1320	0,84	15	2116	32,1	7,6	78,1	3,95	2,48	1,48	0,37	21	24	10:31:08	115
3:00	0	100	23,2	1585	1343	0,85	15	2211	33,0	7,7	77,5	4,03	2,51	1,51	0,38	21	25	10:31:11	112
3:03	0	100	23,9	1635	1409	0,86	16	2188	35,6	8,0	75,7	3,69	2,35	1,34	0,36	22	25	10:31:14	112
3:06	0	100	22,5	1537	1329	0,87	15	2160	33,1	7,5	77,4	3,92	2,49	1,43	0,37	22	25	10:31:17	112
3:10	0	100	22,0	1505	1310	0,87	16	2060	32,8	7,4	77,6	3,76	2,39	1,38	0,37	22	25	10:31:21	112
3:14	0	100	22,5	1538	1350	0,88	16	2110	33,9	7,6	76,9	3,73	2,37	1,36	0,37	22	25	10:31:25	112
3:19	0	100	21,4	1462	1287	0,88	15	2078	32,1	7,2	78,1	3,89	2,44	1,44	0,37	22	25	10:31:30	113
3:22	0	100	20,5	1404	1240	0,88	16	1975	31,2	6,9	78,7	3,80	2,37	1,43	0,38	22	25	10:31:33	113
3:26	0	100	20,5	1404	1240	0,88	16	1975	31,2	6,9	78,7	3,80	2,37	1,43	0,38	22	25	10:31:37	115
3:28	0	100	20,5	1401	1214	0,87	16	1863	30,1	6,9	79,5	3,71	2,31	1,40	0,38	22	25	10:31:39	115
3:32	0	100	21,6	1474	1291	0,88	15	2095	32,3	7,2	78,0	3,89	2,43	1,46	0,38	22	25	10:31:43	116
3:36	0	100	22,5	1539	1363	0,89	15	2293	34,0	7,6	76,8	4,05	2,51	1,53	0,38	22	25	10:31:47	117
3:39	0	100	22,0	1507	1322	0,88	16	2035	32,8	7,4	77,6	3,72	2,39	1,33	0,36	22	25	10:31:50	117
3:42	0	100	22,8	1557	1350	0,87	19	1831	33,9	7,6	76,9	3,24	2,16	1,08	0,33	22	25	10:31:53	117
3:45	0	100	24,5	1675	1456	0,87	18	2014	36,8	8,2	74,9	3,28	2,14	1,14	0,35	22	25	10:31:56	117
3:48	0	100	23,2	1588	1403	0,88	18	1958	36,0	7,8	75,4	3,26	2,12	1,14	0,35	23	26	10:31:59	117
3:51	0	100	23,1	1580	1407	0,89	18	1959	36,0	7,8	75,4	3,26	2,12	1,14	0,35	23	26	10:32:02	117
3:54	0	100	22,7	1550	1366	0,88	20	1755	34,9	7,6	76,2	3,01	1,96	1,06	0,35	23	26	10:32:05	117
Départ Exercice																			
3:56	0	175	22,6	1546	1358	0,88	21	1632	34,8	7,6	76,2	2,81	1,85	0,96	0,34	23	26	10:32:07	117
3:59	0	175	22,7	1556	1383	0,89	21	1676	35,7	7,7	75,7	2,82	1,84	0,98	0,35	23	26	10:32:10	117
4:02	0	175	23,2	1584	1413	0,89	21	1774	36,5	7,8	75,1	2,92	1,86	1,06	0,36	23	26	10:32:13	117
4:05	0	175	22,9	1563	1403	0,90	20	1768	36,2	7,7	75,3	2,93	1,91	1,03	0,35	23	26	10:32:16	116
4:09	0	175	23,3	1593	1426	0,90	21	1782	36,6	7,9	75,0	2,92	1,87	1,05	0,36	23	26	10:32:20	116
4:12	0	175	23,2	1584	1416	0,89	21	1752	36,3	7,8	75,3	2,90	1,85	1,04	0,36	23	26	10:32:23	120
4:15	0	175	23,8	1630	1471	0,90	19	1954	37,6	8,1	74,4	3,12	1,95	1,17	0,37	23	26	10:32:26	122
4:18	0	175	24,1	1648	1475	0,90	19	2005	37,4	8,1	74,5	3,22	1,99	1,23	0,38	23	25	10:32:29	129
4:22	0	175	24,7	1689	1507	0,89	18	2114	37,9	8,3	74,1	3,34	2,07	1,27	0,38	22	25	10:32:33	129
4:26	0	175	25,0	1707	1518	0,89	17	2205	37,8	8,4	74,3	3,50	2,19	1,31	0,37	22	25	10:32:37	133
4:29	0	175	25,9	1773	1553	0,88	17	2252	38,2	8,7	74,0	3,54	2,17	1,37	0,39	22	25	10:32:40	135
4:32	0	175	26,6	1820	1575	0,87	18	2171	38,2	8,9	73,9	3,41	2,12	1,29	0,38	21	24	10:32:43	135
4:36	0	175	27,7	1892	1631	0,86	18	2246	39,5	9,3	73,1	3,41	2,08	1,34	0,39	21	24	10:32:47	137
4:39	0	175	27,2	1858	1614	0,87	17	2261	39,1	9,1	73,3	3,47	2,11	1,36	0,39	21	24	10:32:50	137
4:43	0	175	27,2	1858	1621	0,87	17	2247	39,2	9,1	73,3	3,44	2,10	1,34	0,39	21	24	10:32:54	137
4:48	0	175	27,1	1852	1621	0,88	17	2328	39,0	9,1	73,4	3,58	2,17	1,41	0,39	21	24	10:32:59	138
4:53	0	175	27,9	1912	1611	0,84	16	2455	38,5	9,3	73,7	3,83	2,39	1,44	0,38	20	24	10:33:04	138
4:56	0	175	28,3	1937	1647	0,85	16	2494	39,6	9,5	73,0	3,78	2,40	1,38	0,36	20	24	10:33:07	139
4:59	0	175	28,4	1941	1664	0,86	16	2531	39,9	9,5	72,8	3,80	2,40	1,41	0,37	21	24	10:33:10	139
5:02	0	175	28,4	1941	1666	0,86	16	2493	39,9	9,5	72,8	3,75	2,40	1,35	0,36	21	24	10:33:13	139
5:06	0	175	28,2	1928	1662	0,86	16	2448	39,5	9,4	73,1	3,72	2,42	1,30	0,35	20	24	10:33:17	139
5:09	0	175	29,4	2010	1720	0,86	17	2488	41,1	9,8	72,0	3,64	2,28	1,35	0,37	20	24	10:33:20	139
SV1																			
5:11	0	175	30,1	2057	1842	0,90	18	2391	44,1	10,1	69,9	3,25	1,96	1,29	0,40	21	24	10:33:22	140
5:15	0	175	30,7	2098	1896	0,90	19	2474	45,9	10,4	68,7	3,24	1,94	1,30	0,40	22	24	10:33:26	140
5:17	0	175	30,9	2111	1901	0,90	20	2243	45,4	10,4	69,0	2,96	1,89	1,08	0,36	22	24	10:33:28	140
5:19	0	175	31,3	2138	1932	0,90	21	2255	46,9	10,6	68,0	2,88	1,84	1,04	0,36	22	24	10:33:30	140
5:24	0	175	30,4	2082	1885	0,91	20	2237	45,5	10,3	68,9	2,95	1,86	1,09	0,37	22	24	10:33:35	140
5:27	0	175	31,2	2132	1926	0,90	20	2307	46,2	10,5	68,5	2,99	1,83	1,16	0,39	22	24	10:33:38	140
5:30	0	175	31,1	2125	1915	0,90	20	2243	45,6	10,5	68,9	2,95	1,80	1,15	0,39	21	24	10:33:41	140
5:33	0	175	31,1	2125	1915	0,90	20	2243	45,6	10,5	68,9	2,95	1,80	1,15	0,39	21	24	10:33:44	141
5:37	0	175	31,1	2128	1903	0,89	20	2257	44,7	10,5	69,5	3,03	1,79	1,25	0,41	21	23	10:33:48	141
5:40	0	175	31,4	2148	1952	0,91	18	2529	46,3	10,6	68,5	3,28	1,89	1,39	0,42	22	24	10:33:51	141
5:43	0	175	31,7	2166	1972	0,91	19	2489	46,4	10,7	68,4	3,22	1,90	1,31	0,41	21	24	10:33:54	141
5:45	0	175	32,5	2226	2043	0,92	19	2515	48,7	11,0	66,8	3,10	1,87	1,23	0,40	22	24	10:33:56	141
5:48	0	175	32,5	2226	2043	0,92	19	2515	48,7	11,0	66,8	3,10	1,87	1,23	0,40	22	24	10:33:59	143
5:51	0	175	33,0	2259	2105	0,93	20	2552	50,8	11,2	65,4	3,01	1,84	1,18	0,39	22	24	10:34:02	143
5:54	0	175	32,2	2200	2074	0,94	20	2510	50,0	11,0	65,9	3,01	1,88	1,13	0,37	23	24	10:34:05	143
5:57	0	175	32,3	2206	2086	0,95	21	2433	50,7	11,0	65,5	2,88	1,88	1,01	0,35	23	24	10:34:08	143
6:00	0	175	31,0	2122	2002	0,94	21	2284	47,8	10,6	67,4	2,87	1,84	1,02	0,36	23	24	10:34:11	143
6:04	0	175	31,5	2158	2001	0,93	20	2333	46,4	10,7	68,4	3,02	1,89	1,13	0,37	22	23	10:34:15	143
6:06	0	175	31,7	2168	1976	0,91	20	2283	45,5	10,7	69,0	3,01	1,88	1,13	0,38	21	23	10:34:17	144
6:09	0	175	32,9	2249	2052	0,91	20	2430	47,6	11,1	67,6	3,07	1,93	1,14	0,37	21	23	10:34:20	145
6:12	0	175	32,9	2249	2052	0,91	20	2430	47,6	11,1	67,6	3,07	1,93	1,14	0,37	21	23	10:34:23	145
6:15	0	175	34,1	2334	2106	0,90	20	2415	48,8	11,5	66,7	2,97	1,80	1,17	0,39	21	23	10:34:26	146
6:17	0	175	34,5	2361	2138	0,91	21	2376	49,9	11,7	65,9	2,85	1,75	1,10	0,39	21	23	10:34:28	146
6:20	0	175	34,3	2347	2169	0,92	21	2425	51,5	11,7	64,9	2,83	1,73	1,10	0,39	22	24	10:34:31	146
6:24	0	175	34,3	2348	2169	0,92	21	2425	51,5	11,7	64,9	2,83	1,73	1,10	0,39	22	24	10:34:35	146
6:26	0	175	34,4	2350	2192	0,93	21	2456	52,2	11,7	64,4	2,82	1,74	1,08	0,38	22	24	10:34:37	146
6:30	0	175	33,5	2290	2143	0,94	21	2433	50,8	11,4	65,4	2,88	1,79	1,08	0,38	22	24	10:34:41	146
6:32	0	175	33,2	2270	2139	0,94	22	2384	51,3	11,3	65,0	2,79	1,78	1,01	0,36	23	24	10:34:43	146
6:36	0	175	32,8	2243	2111	0,94	20	2502	50,2	11,2	65,8	2,99	1,89	1,10	0,37	22	24	10:34:47	146
6:38	0	175	33,1	2263	2123	0,94	20	2525	50,0	11,3	65,9	3,03	1,87	1,16	0,38	22	24	10:34:49	146
6:42	0	175	33,1	2262	2120	0,94	20	2527	49,9	11,3	66,0	3,04	1,91	1,12	0,37	22	24	10:34:53	146
6:44	0	175	33,8	2312	2172	0,94	20	2539	51,8	11,5	64,7	2,94	1,83	1,11	0,38	22	24	10:34:55	146
6:48	0	175	32,8	2240	2122	0,95	19	2614	50,6	11,2	65,5	3,10	1,93	1,16	0,38	23	24	10:34:59	146
6:52	0	175	32,8	2240	2122	0,95	19	2614	50,6	11,2	65,5	3,10	1,93	1,16	0,38	23	24	10:35:03	146
6:56	0	175	32,3	2207	2055	0,93	18	2626	48,0	11,0	67,3	3,28	2,03	1,26	0,38	22	23	10:35:07	145
7:00	0	175	31,9	2183	1980	0,91	17	2606	44,9	10,8	69,4	3,48	2,03	1,45	0,42	21	23	10:35:11	144
7:04	0	175	32,2	2203	1964	0,89	16	2709	43,7	10,9	70,2	3,72	2,12	1,60	0,43	20	22	10:35:15	144
7:08	0	175	31,7	2166	1893	0,87	15	2674	41,4	10,6	71,8	3,88	2,11	1,76	0,45	19	22	10:35:19	144
7:10	0	175	31,7	2165	1893	0,87	15	2674	41,4	10,6	71,8	3,88	2,11	1,76	0,45	19	22	10:35:21	144
7:14	0	175	32,2	2199	1906	0,87	15	2674	41,4	10,8	71,8	3,87	2,10	1,77	0,46	19	22	10:35:25	145
7:18	0	175	32,1	2199	1905	0,87	15	2674	41,4	10,8	71,8	3,87	2,10	1,77	0,46	19	22	10:35:29	144
7:22	0	175	32,7	2235	1930	0,86	15	2698	41,7	10,9	71,5	3,88	2,08	1,80	0,46	19	22	10:35:33	145
7:25	0	175	33,5	2289	1986	0,87	17	2615	43,7	11,2	70,2	3,59	1,99	1,60	0,45	19	22	10:35:36	145
7:29	0	175	33,1	2266	1983	0,88	17	2622	44,1	11,1	70,0	3,57	2,11	1,46	0,41	19	22	10:35:40	146
7:32	0	175	33,7	2304	2036	0,88	17	2639	45,6	11,3	68,9	3,47	2,15	1,32	0,38	20	22	10:35:43	146
7:36	0	175	33,4	2281	2037	0,89	17	2735	45,6	11,2	68,9	3,60	2,25	1,34	0,37	20	22	10:35:47	146
7:38	0	175	33,7	2306	2034	0,88	17	2652	45,3	11,3	69,1	3,51	2,17	1,35	0,38	20	22	10:35:49	146
7:42	0	175	33,7	2306	2051	0,89	17	2626	45,7	11,4	68,8	3,45	2,04	1,40	0,41	20	22	10:35:53	147
7:45	0	175	33,3	2279	2043	0,90	18	2620	46,2	11,2	68,5	3,41	2,14	1,26	0,37	20	23	10:35:56	147
7:47	0	175	34,0	2323	2103	0,91	18	2661	47,7	11,5	67,5	3,35	2,12	1,22	0,37	21	23	10:35:58	146
7:50	0	175	33,8	2315	2112	0,91	19	2586	48,0	11,5	67,3	3,23	1,98	1,26	0,39	21	23	10:36:01	147
7:54	0	175	33,9	2317	2130	0,92	19	2591	48,3	11,5	67,1	3,22	1,93	1,29	0,40	21	23	10:36:05	149
7:57	0	175	34,0	2324	2147	0,92	19	2517	48,9	11,5	66,7	3,09	1,87	1,22	0,39	21	23	10:36:08	150
8:00	0	175	33,6	2300	2137	0,93	19	2539	48,4	11,4	67,0	3,15	1,92	1,22	0,39	21	23	10:36:11	150
8:03	0	175	34,0	2327	2176	0,94	20	2533	49,4	11,6	66,3	3,08	1,90	1,17	0,38	21	23	10:36:14	150
8:06	0	175	34,2	2337	2197	0,94	19	2597	49,9	11,6	66,0	3,12	1,95	1,17	0,37	21	23	10:36:17	151
8:09	0	175	34,1	2330	2193	0,94	19	2606	49,7	11,6	66,1	3,15	1,98	1,17	0,37	21	23	10:36:20	151
8:13	0	175	34,1	2330	2193	0,94	19	2606	49,7	11,6	66,1	3,15	1,98	1,17	0,37	21	23	10:36:24	152
8:16	0	175	34,5	2359	2210	0,94	20	2543	50,3	11,7	65,7	3,03	1,90	1,13	0,37	21	23	10:36:27	152
8:19	0	175	34,9	2387	2238	0,94	20	2574	50,6	11,9	65,5	3,05	1,86	1,19	0,39	21	23	10:36:30	152
8:22	0	175	34,8	2381	2232	0,94	20	2561	50,7	11,9	65,4	3,03	1,82	1,21	0,40	21	23	10:36:33	151
8:25	0	175	34,6	2367	2225	0,94	19	2606	50,7	11,8	65,4	3,09	1,84	1,24	0,40	21	23	10:36:36	151
8:28	0	175	34,6	2367	2225	0,94	20	2582	50,7	11,8	65,4	3,06	1,82	1,24	0,41	21	23	10:36:39	151
8:31	0	175	34,6	2364	2213	0,94	20	2513	50,5	11,8	65,5	2,98	1,76	1,22	0,41	21	23	10:36:42	152
8:33	0	175	34,6	2364	2213	0,94	20	2513	50,5	11,8	65,5	2,98	1,76	1,22	0,41	21	23	10:36:44	152
8:36	0	175	34,7	2372	2231	0,94	20	2560	51,0	11,8	65,2	3,01	1,78	1,23	0,41	21	23	10:36:47	151
8:39	0	175	34,2	2338	2177	0,93	20	2437	49,1	11,6	66,5	2,98	1,81	1,17	0,39	21	23	10:36:50	152
8:42	0	175	33,7	2304	2139	0,93	20	2398	48,3	11,5	67,0	2,98	1,83	1,14	0,38	21	23	10:36:53	152
8:45	0	175	34,2	2341	2144	0,92	20	2363	48,4	11,6	67,0	2,93	1,78	1,15	0,39	21	23	10:36:56	152
8:49	0	175	34,6	2364	2161	0,91	20	2387	48,9	11,7	66,7	2,93	1,76	1,16	0,40	21	23	10:37:00	151
8:52	0	175	34,0	2327	2137	0,92	20	2456	48,3	11,5	67,1	3,05	1,87	1,19	0,39	21	23	10:37:03	150
8:55	0	175	34,7	2373	2205	0,93	20	2604	50,9	11,8	65,3	3,07	1,82	1,25	0,41	21	23	10:37:06	150
8:58	0	175	33,4	2287	2118	0,93	19	2551	48,6	11,4	66,9	3,15	1,86	1,29	0,41	21	23	10:37:09	150
9:01	0	175	34,7	2373	2205	0,93	20	2604	50,9	11,8	65,3	3,07	1,82	1,25	0,41	21	23	10:37:12	150
9:04	0	175	34,7	2376	2221	0,93	20	2638	51,5	11,8	64,9	3,07	1,81	1,26	0,41	22	23	10:37:15	150
9:07	0	175	34,9	2388	2255	0,94	20	2647	52,6	11,9	64,2	3,02	1,83	1,19	0,39	22	23	10:37:18	150
9:10	0	175	34,3	2345	2218	0,95	20	2603	51,8	11,7	64,7	3,01	1,80	1,22	0,40	22	23	10:37:21	150
9:13	0	175	34,4	2355	2233	0,95	20	2605	52,4	11,8	64,3	2,98	1,78	1,20	0,40	22	23	10:37:24	150
9:16	0	175	34,7	2377	2251	0,95	20	2602	52,8	11,9	64,0	2,95	1,79	1,17	0,40	22	23	10:37:27	151
9:19	0	175	35,2	2409	2276	0,94	20	2605	53,0	12,0	63,9	2,95	1,77	1,18	0,40	22	23	10:37:30	152
9:22	0	175	34,0	2328	2213	0,95	20	2601	51,4	11,6	65,0	3,04	1,85	1,19	0,39	22	23	10:37:33	152
9:25	0	175	33,4	2287	2172	0,95	20	2561	50,3	11,4	65,7	3,05	1,82	1,23	0,40	22	23	10:37:36	152
9:28	0	175	33,4	2285	2147	0,94	19	2560	49,4	11,4	66,3	3,11	1,85	1,26	0,41	22	23	10:37:39	152
9:31	0	175	34,9	2384	2223	0,93	20	2606	51,2	11,9	65,1	3,05	1,85	1,20	0,39	21	23	10:37:42	152
9:34	0	175	35,1	2402	2226	0,93	20	2524	51,4	11,9	65,0	2,95	1,75	1,19	0,41	21	23	10:37:45	153
9:37	0	175	33,6	2302	2154	0,94	20	2505	49,8	11,5	66,0	3,02	1,82	1,20	0,40	22	23	10:37:48	153
9:40	0	175	33,8	2315	2166	0,94	20	2557	50,5	11,5	65,6	3,04	1,88	1,16	0,38	22	23	10:37:51	152
9:43	0	175	35,0	2395	2207	0,92	20	2521	51,6	11,9	64,8	2,93	1,79	1,14	0,39	22	23	10:37:54	152
9:45	0	175	36,6	2500	2283	0,91	21	2539	53,2	12,4	63,7	2,86	1,72	1,14	0,40	21	23	10:37:56	153
9:48	0	175	36,6	2502	2313	0,92	21	2570	55,0	12,4	62,5	2,80	1,69	1,11	0,40	22	24	10:37:59	153
9:51	0	175	35,0	2394	2236	0,93	21	2552	53,3	11,9	63,7	2,87	1,76	1,12	0,39	22	24	10:38:02	154
9:54	0	175	34,9	2387	2248	0,94	20	2625	53,8	11,9	63,3	2,93	1,82	1,11	0,38	23	24	10:38:05	154
9:56	0	175	35,9	2459	2315	0,94	21	2621	55,4	12,3	62,2	2,84	1,75	1,08	0,38	23	24	10:38:07	154
9:59	0	175	35,7	2443	2309	0,95	21	2599	55,9	12,2	61,9	2,79	1,74	1,05	0,38	23	24	10:38:10	154
10:03	0	175	34,7	2370	2268	0,96	21	2609	54,6	11,9	62,7	2,86	1,80	1,07	0,37	23	24	10:38:14	154
10:05	0	175	34,5	2362	2248	0,95	21	2587	53,7	11,8	63,4	2,89	1,79	1,10	0,38	23	24	10:38:16	154
10:08	0	175	33,9	2319	2206	0,95	20	2567	52,1	11,6	64,5	2,96	1,83	1,12	0,38	22	24	10:38:19	154
10:11	0	175	34,5	2363	2233	0,95	21	2531	53,3	11,8	63,6	2,85	1,79	1,06	0,37	23	24	10:38:22	154
10:14	0	175	34,2	2339	2206	0,94	21	2497	52,2	11,7	64,4	2,87	1,83	1,04	0,36	22	24	10:38:25	156
10:17	0	175	34,2	2339	2204	0,94	21	2526	52,4	11,7	64,3	2,89	1,83	1,06	0,37	22	24	10:38:28	155
10:19	0	175	34,5	2363	2225	0,94	21	2494	53,0	11,8	63,9	2,82	1,79	1,03	0,37	22	24	10:38:30	156
10:22	0	175	34,8	2380	2249	0,95	21	2521	53,9	11,9	63,2	2,80	1,78	1,03	0,37	23	24	10:38:33	157
10:25	0	175	35,0	2397	2262	0,94	21	2521	54,1	12,0	63,1	2,80	1,77	1,02	0,37	23	24	10:38:36	157
10:28	0	175	35,0	2397	2262	0,94	21	2521	54,1	12,0	63,1	2,80	1,77	1,02	0,37	23	24	10:38:39	157
10:31	0	175	34,2	2339	2221	0,95	21	2548	52,9	11,7	63,9	2,89	1,85	1,04	0,36	23	24	10:38:42	157
10:35	0	175	34,0	2322	2193	0,94	21	2489	52,4	11,6	64,3	2,85	1,79	1,06	0,37	23	24	10:38:46	157
10:38	0	175	34,1	2332	2197	0,94	22	2414	52,6	11,6	64,1	2,75	1,73	1,02	0,37	23	24	10:38:49	157
10:41	0	175	33,4	2282	2131	0,93	21	2438	50,2	11,4	65,8	2,91	1,86	1,05	0,36	22	24	10:38:52	157
10:43	0	175	34,5	2361	2154	0,91	21	2401	50,7	11,7	65,4	2,84	1,80	1,04	0,37	21	24	10:38:54	157
10:46	0	175	33,9	2319	2123	0,92	21	2417	49,9	11,5	66,0	2,91	1,85	1,05	0,36	22	24	10:38:57	157
10:49	0	175	34,2	2339	2139	0,91	21	2376	50,1	11,6	65,8	2,84	1,82	1,03	0,36	21	23	10:39:00	157
10:52	0	175	34,6	2364	2167	0,92	20	2470	50,5	11,7	65,6	2,93	1,88	1,06	0,36	21	23	10:39:03	157
10:55	0	175	35,3	2417	2215	0,92	21	2441	51,5	12,0	64,9	2,84	1,77	1,08	0,38	21	23	10:39:06	157
10:58	0	175	34,6	2369	2197	0,93	21	2462	51,1	11,8	65,1	2,89	1,83	1,06	0,37	22	23	10:39:09	157
11:00	0	175	34,6	2369	2197	0,93	21	2462	51,1	11,8	65,1	2,89	1,83	1,06	0,37	22	23	10:39:11	157
11:02	0	175	34,6	2369	2197	0,93	21	2462	51,1	11,8	65,1	2,89	1,83	1,06	0,37	22	23	10:39:13	157
11:05	0	175	34,4	2356	2183	0,93	21	2439	51,4	11,7	65,0	2,85	1,82	1,03	0,36	22	24	10:39:16	157
11:07	0	175	34,6	2367	2200	0,93	21	2458	52,1	11,8	64,4	2,83	1,75	1,08	0,38	22	24	10:39:18	157
11:10	0	175	35,0	2394	2218	0,93	23	2302	53,2	11,9	63,7	2,59	1,67	0,92	0,35	22	24	10:39:21	157
11:12	0	175	34,6	2367	2202	0,93	24	2255	53,7	11,8	63,4	2,52	1,69	0,83	0,33	23	24	10:39:23	157
11:15	0	175	34,9	2384	2228	0,93	25	2221	55,1	11,9	62,5	2,42	1,61	0,81	0,33	23	25	10:39:26	157
11:16	0	175	34,9	2384	2228	0,93	25	2221	55,1	11,9	62,5	2,42	1,61	0,81	0,33	23	25	10:39:27	157
11:19	0	175	33,0	2257	2104	0,93	26	2048	52,7	11,2	64,1	2,33	1,55	0,78	0,34	23	25	10:39:30	156
11:21	0	175	34,0	2327	2165	0,93	26	2084	53,9	11,6	63,2	2,32	1,52	0,80	0,35	23	25	10:39:32	154
11:23	0	175	34,5	2363	2193	0,93	26	2111	55,1	11,7	62,4	2,30	1,51	0,79	0,34	23	25	10:39:34	153
11:27	0	175	33,6	2299	2126	0,93	24	2202	52,0	11,4	64,5	2,54	1,55	0,99	0,39	23	24	10:39:38	153
11:29	0	175	35,5	2425	2238	0,92	24	2237	54,8	12,0	62,6	2,45	1,46	0,99	0,40	23	24	10:39:40	153
11:31	0	175	35,4	2424	2246	0,93	24	2248	54,7	12,0	62,7	2,47	1,49	0,98	0,40	23	24	10:39:42	153
11:33	0	175	36,9	2522	2350	0,93	24	2374	56,6	12,5	61,4	2,52	1,54	0,98	0,39	22	24	10:39:44	153
11:36	0	175	38,2	2613	2470	0,95	26	2385	61,3	13,0	58,2	2,33	1,48	0,86	0,37	23	25	10:39:47	155
11:39	0	175	35,6	2437	2339	0,96	24	2401	57,7	12,2	60,7	2,50	1,59	0,90	0,36	24	25	10:39:50	155
11:42	0	175	34,8	2383	2292	0,96	23	2378	55,3	11,9	62,3	2,58	1,63	0,95	0,37	23	24	10:39:53	155
11:45	0	175	36,4	2488	2357	0,95	23	2401	56,4	12,4	61,6	2,56	1,57	0,99	0,39	23	24	10:39:56	155
11:48	0	175	35,6	2436	2298	0,94	22	2407	53,9	12,1	63,3	2,68	1,59	1,09	0,41	22	23	10:39:59	155
11:50	0	175	35,1	2399	2257	0,94	21	2452	52,6	12,0	64,1	2,80	1,62	1,18	0,42	22	23	10:40:01	156
11:53	0	175	35,1	2398	2257	0,94	21	2452	52,6	12,0	64,1	2,80	1,62	1,18	0,42	22	23	10:40:04	157
11:55	0	175	35,0	2396	2246	0,94	21	2437	51,8	11,9	64,7	2,82	1,62	1,20	0,42	22	23	10:40:06	157
11:58	0	175	34,8	2382	2239	0,94	21	2483	52,2	11,9	64,4	2,85	1,68	1,17	0,41	22	23	10:40:09	157
12:01	0	175	35,7	2438	2274	0,93	22	2435	52,7	12,1	64,1	2,77	1,61	1,16	0,42	22	23	10:40:12	157
12:04	0	175	35,3	2412	2261	0,94	21	2479	52,4	12,0	64,3	2,84	1,67	1,17	0,41	22	23	10:40:15	156
12:07	0	175	36,1	2469	2315	0,94	22	2461	54,6	12,3	62,8	2,71	1,64	1,06	0,39	22	24	10:40:18	157
12:11	0	175	35,5	2431	2296	0,94	22	2506	54,1	12,1	63,1	2,78	1,73	1,05	0,38	22	24	10:40:22	157
12:13	0	175	35,7	2440	2308	0,95	21	2595	54,3	12,2	62,9	2,87	1,77	1,10	0,38	22	24	10:40:24	157
12:16	0	175	35,2	2410	2282	0,95	20	2638	53,6	12,0	63,5	2,95	1,81	1,14	0,39	22	23	10:40:27	157
12:19	0	175	36,5	2496	2347	0,94	21	2590	55,5	12,4	62,2	2,80	1,70	1,10	0,39	22	24	10:40:30	157
12:21	0	175	36,5	2498	2365	0,95	21	2628	56,5	12,5	61,5	2,79	1,71	1,08	0,39	23	24	10:40:32	158
12:24	0	175	36,6	2505	2381	0,95	23	2513	57,8	12,5	60,6	2,61	1,62	0,99	0,38	23	24	10:40:35	159
12:26	0	175	36,4	2488	2380	0,96	24	2470	58,2	12,4	60,3	2,55	1,60	0,95	0,37	23	24	10:40:37	159
12:29	0	175	36,4	2488	2380	0,96	24	2470	58,2	12,4	60,3	2,55	1,60	0,95	0,37	23	24	10:40:40	159
12:32	0	175	35,4	2422	2297	0,95	23	2442	55,1	12,1	62,4	2,66	1,61	1,05	0,40	23	24	10:40:43	159
12:35	0	175	36,3	2484	2345	0,94	23	2436	56,6	12,4	61,4	2,58	1,59	0,99	0,38	23	24	10:40:46	158
12:38	0	175	35,1	2402	2273	0,95	22	2468	54,5	12,0	62,8	2,72	1,67	1,04	0,38	23	24	10:40:49	157
12:40	0	175	34,9	2388	2244	0,94	22	2434	53,3	11,9	63,7	2,74	1,69	1,05	0,38	22	24	10:40:51	158
12:43	0	175	35,4	2424	2269	0,94	21	2543	53,6	12,1	63,4	2,85	1,74	1,10	0,39	22	24	10:40:54	158
12:46	0	175	34,8	2382	2238	0,94	21	2514	53,5	11,9	63,5	2,82	1,75	1,07	0,38	22	24	10:40:57	158
12:49	0	175	34,8	2382	2238	0,94	21	2514	53,5	11,9	63,5	2,82	1,75	1,07	0,38	22	24	10:41:00	158
12:53	0	175	34,3	2346	2218	0,95	21	2505	53,7	11,7	63,4	2,80	1,76	1,04	0,37	23	24	10:41:04	158
12:56	0	175	33,9	2320	2169	0,93	20	2555	51,8	11,5	64,7	2,96	1,81	1,15	0,39	22	24	10:41:07	158
12:59	0	175	34,7	2371	2195	0,93	21	2541	52,4	11,8	64,3	2,91	1,79	1,12	0,38	22	24	10:41:10	158
13:02	0	175	34,9	2385	2200	0,92	20	2581	52,2	11,8	64,4	2,97	1,82	1,15	0,39	22	24	10:41:13	158
13:05	0	175	34,9	2385	2200	0,92	20	2581	52,2	11,8	64,4	2,97	1,82	1,15	0,39	22	24	10:41:16	159
13:08	0	175	34,7	2374	2182	0,92	20	2567	51,1	11,8	65,2	3,02	1,79	1,23	0,41	22	23	10:41:19	160
13:10	0	175	36,0	2465	2249	0,91	20	2625	52,5	12,2	64,2	3,00	1,79	1,21	0,40	21	23	10:41:21	160
13:12	0	175	36,7	2512	2323	0,92	22	2554	55,4	12,5	62,2	2,77	1,68	1,08	0,39	22	24	10:41:23	160
13:15	0	175	37,5	2563	2388	0,93	22	2561	57,5	12,7	60,8	2,67	1,67	1,00	0,37	22	24	10:41:26	160
13:17	0	175	37,7	2578	2437	0,95	23	2560	59,1	12,9	59,7	2,60	1,62	0,98	0,38	23	24	10:41:28	160
13:20	0	175	37,6	2574	2471	0,96	24	2558	61,6	12,9	58,0	2,49	1,54	0,95	0,38	24	25	10:41:31	160
13:22	0	175	36,9	2526	2466	0,98	25	2494	62,5	12,7	57,4	2,40	1,50	0,89	0,37	25	25	10:41:33	160
13:24	0	175	36,9	2526	2466	0,98	25	2494	62,5	12,7	57,4	2,40	1,50	0,89	0,37	25	25	10:41:35	160
13:27	0	175	36,1	2472	2425	0,98	25	2476	61,3	12,4	58,2	2,42	1,51	0,91	0,37	25	25	10:41:38	160
13:29	0	175	36,1	2468	2404	0,97	25	2434	61,0	12,4	58,4	2,39	1,48	0,92	0,38	25	25	10:41:40	160
13:32	0	175	35,0	2396	2336	0,98	24	2435	59,0	12,0	59,7	2,47	1,54	0,93	0,38	25	25	10:41:43	160
13:34	0	175	35,0	2395	2336	0,98	24	2435	59,0	12,0	59,7	2,47	1,54	0,93	0,38	25	25	10:41:45	160
13:37	0	175	34,7	2375	2298	0,97	24	2382	57,4	11,9	60,8	2,49	1,60	0,88	0,36	24	25	10:41:48	160
13:39	0	175	34,8	2380	2260	0,95	24	2346	56,0	11,9	61,8	2,51	1,60	0,92	0,37	24	25	10:41:50	159
13:42	0	175	35,5	2431	2280	0,94	24	2346	56,2	12,1	61,7	2,51	1,60	0,91	0,36	23	25	10:41:53	160
13:45	0	175	35,6	2438	2271	0,93	23	2367	55,5	12,1	62,2	2,56	1,61	0,95	0,37	23	24	10:41:56	162
13:47	0	175	36,2	2476	2292	0,93	24	2352	55,8	12,3	61,9	2,53	1,60	0,93	0,37	23	24	10:41:58	162
13:50	0	175	36,2	2476	2292	0,93	24	2352	55,8	12,3	61,9	2,53	1,60	0,93	0,37	23	24	10:42:01	163
13:52	0	175	36,2	2476	2292	0,93	24	2352	55,8	12,3	61,9	2,53	1,60	0,93	0,37	23	24	10:42:03	165
13:54	0	175	38,6	2638	2417	0,92	24	2400	58,2	13,1	60,3	2,47	1,52	0,96	0,39	22	24	10:42:05	165
13:56	0	225	39,7	2714	2514	0,93	26	2399	61,6	13,5	58,0	2,34	1,44	0,90	0,38	23	24	10:42:07	165
13:58	0	225	39,1	2676	2539	0,95	25	2466	62,5	13,4	57,4	2,37	1,47	0,90	0,38	23	25	10:42:09	165
14:01	0	225	40,2	2750	2630	0,96	27	2399	65,8	13,8	55,1	2,19	1,36	0,83	0,38	24	25	10:42:12	165
14:03	0	225	38,4	2627	2566	0,98	26	2461	64,0	13,2	56,4	2,31	1,47	0,83	0,36	24	25	10:42:14	165
14:06	0	225	40,0	2739	2643	0,97	27	2444	65,9	13,7	55,1	2,23	1,39	0,83	0,37	24	25	10:42:17	165
14:09	0	225	37,5	2562	2506	0,98	26	2446	62,9	12,9	57,1	2,33	1,48	0,85	0,36	25	25	10:42:20	166
14:11	0	225	36,6	2505	2429	0,97	24	2491	59,5	12,6	59,4	2,51	1,58	0,94	0,37	24	24	10:42:22	168
14:14	0	225	36,6	2504	2428	0,97	24	2491	59,5	12,6	59,4	2,51	1,58	0,94	0,37	24	24	10:42:25	168
14:17	0	225	36,0	2459	2377	0,97	23	2487	57,8	12,3	60,6	2,58	1,62	0,96	0,37	24	24	10:42:28	168
14:20	0	225	35,5	2429	2335	0,96	22	2547	56,1	12,2	61,7	2,72	1,72	1,00	0,37	23	24	10:42:31	168
14:23	0	225	37,1	2541	2393	0,94	22	2548	56,9	12,7	61,2	2,69	1,65	1,04	0,39	22	24	10:42:34	168
14:25	0	225	37,2	2548	2394	0,94	22	2541	56,6	12,7	61,4	2,69	1,65	1,05	0,39	22	24	10:42:36	168
14:27	0	225	38,4	2629	2474	0,94	23	2523	58,6	13,1	60,0	2,58	1,59	1,00	0,39	22	24	10:42:38	168
14:30	0	225	38,6	2639	2499	0,95	24	2474	60,0	13,2	59,1	2,48	1,57	0,91	0,37	23	24	10:42:41	170
14:32	0	225	38,6	2639	2499	0,95	24	2474	60,0	13,2	59,1	2,48	1,57	0,91	0,37	23	24	10:42:43	169
14:34	0	225	40,0	2734	2594	0,95	26	2439	63,1	13,7	57,0	2,32	1,49	0,83	0,36	23	24	10:42:45	169
14:36	0	225	40,8	2787	2660	0,95	25	2548	64,8	13,9	55,8	2,36	1,48	0,88	0,37	23	24	10:42:47	169
14:39	0	225	39,6	2708	2621	0,97	26	2483	64,9	13,6	55,7	2,29	1,48	0,81	0,35	24	25	10:42:50	169
14:41	0	225	39,8	2719	2646	0,97	27	2488	66,1	13,6	54,9	2,26	1,46	0,80	0,36	24	25	10:42:52	169
14:43	0	225	39,5	2700	2626	0,97	27	2461	66,0	13,6	55,0	2,24	1,43	0,80	0,36	24	25	10:42:54	169
14:46	0	225	40,8	2790	2700	0,97	27	2493	67,6	14,0	53,9	2,21	1,39	0,82	0,37	24	25	10:42:57	169
14:48	0	225	40,6	2780	2706	0,97	27	2536	67,6	14,0	53,9	2,25	1,42	0,83	0,37	24	25	10:42:59	169
14:51	0	225	40,0	2735	2682	0,98	26	2604	66,5	13,8	54,7	2,35	1,46	0,89	0,38	24	25	10:43:02	169
14:53	0	225	40,2	2747	2677	0,97	26	2523	65,9	13,8	55,1	2,30	1,42	0,88	0,38	24	25	10:43:04	169
14:55	0	225	40,5	2773	2691	0,97	27	2479	66,4	13,9	54,7	2,24	1,39	0,85	0,38	24	25	10:43:06	171
14:57	0	225	40,0	2737	2679	0,98	27	2495	66,3	13,8	54,8	2,26	1,42	0,84	0,37	24	25	10:43:08	171
15:00	0	225	40,3	2758	2708	0,98	26	2538	66,6	13,9	54,6	2,29	1,43	0,86	0,38	24	25	10:43:11	171
15:02	0	225	40,3	2758	2708	0,98	26	2538	66,6	13,9	54,6	2,29	1,43	0,86	0,38	24	25	10:43:13	171
15:04	0	225	40,5	2769	2705	0,98	27	2456	66,6	13,9	54,6	2,21	1,37	0,84	0,38	24	25	10:43:15	171
15:06	0	225	41,0	2806	2757	0,98	27	2514	67,8	14,1	53,8	2,22	1,38	0,84	0,38	24	25	10:43:17	171
15:08	0	225	40,5	2773	2735	0,99	27	2542	67,6	14,0	53,9	2,26	1,41	0,84	0,37	24	25	10:43:19	171
15:10	0	225	41,2	2817	2780	0,99	27	2530	69,1	14,2	52,9	2,20	1,39	0,81	0,37	25	25	10:43:21	171
15:13	0	225	40,7	2785	2757	0,99	27	2543	68,6	14,0	53,3	2,23	1,42	0,80	0,36	25	25	10:43:24	170
15:15	0	225	40,2	2748	2721	0,99	28	2437	68,3	13,8	53,4	2,14	1,37	0,77	0,36	25	25	10:43:26	171
15:19	0	225	39,1	2673	2670	1,00	27	2491	66,8	13,5	54,4	2,24	1,44	0,80	0,36	25	25	10:43:30	172
15:28	0	225	39,4	2698	2707	1,00	26	2557	67,4	13,6	54,1	2,28	1,46	0,82	0,36	25	25	10:43:39	172
15:31	0	225	39,3	2688	2675	1,00	26	2545	66,2	13,6	54,8	2,31	1,45	0,85	0,37	25	25	10:43:42	173
15:33	0	225	39,7	2716	2711	1,00	25	2653	66,0	13,7	55,0	2,41	1,52	0,89	0,37	24	24	10:43:44	174
15:35	0	225	39,3	2685	2671	1,00	25	2610	64,6	13,5	55,9	2,42	1,51	0,91	0,38	24	24	10:43:46	174
15:38	0	225	40,3	2759	2749	1,00	25	2646	66,0	13,9	55,0	2,41	1,48	0,93	0,39	24	24	10:43:49	174
15:40	0	225	42,1	2880	2873	1,00	26	2686	69,3	14,5	52,8	2,33	1,43	0,89	0,38	24	24	10:43:51	174
15:42	0	225	42,1	2880	2873	1,00	26	2686	69,3	14,5	52,8	2,33	1,43	0,89	0,38	24	24	10:43:53	174
15:44	0	225	42,1	2880	2873	1,00	26	2686	69,3	14,5	52,8	2,33	1,43	0,89	0,38	24	24	10:43:55	176
15:46	0	225	43,0	2944	2974	1,01	27	2710	72,2	14,9	50,8	2,25	1,41	0,84	0,37	25	24	10:43:57	176
15:48	0	225	43,2	2953	2989	1,01	27	2690	73,0	14,9	50,2	2,21	1,39	0,82	0,37	25	24	10:43:59	176
15:51	0	225	43,7	2991	3041	1,02	27	2717	74,0	15,1	49,5	2,20	1,38	0,82	0,37	25	24	10:44:02	176
15:53	0	225	44,5	3044	3087	1,01	28	2709	75,7	15,4	48,4	2,15	1,34	0,81	0,38	25	25	10:44:04	176
15:55	0	225	43,8	2997	3056	1,02	28	2687	75,9	15,1	48,2	2,12	1,32	0,80	0,38	25	25	10:44:06	176
15:56	0	225	44,7	3055	3129	1,02	29	2710	79,2	15,4	46,0	2,05	1,29	0,76	0,37	26	25	10:44:07	178
15:59	0	225	42,8	2931	3043	1,04	29	2691	77,2	14,8	47,3	2,09	1,33	0,76	0,37	26	25	10:44:10	178
16:01	0	225	43,0	2944	3043	1,03	29	2654	77,4	14,9	47,2	2,06	1,31	0,75	0,37	26	25	10:44:12	178
16:03	0	225	43,7	2990	3077	1,03	29	2681	78,3	15,1	46,6	2,05	1,30	0,76	0,37	26	25	10:44:14	178
16:05	0	225	43,6	2985	3089	1,03	30	2661	80,3	15,1	45,2	1,99	1,27	0,72	0,36	27	26	10:44:16	178
16:07	0	225	42,6	2916	3043	1,04	30	2652	78,9	14,7	46,2	2,02	1,29	0,73	0,36	27	26	10:44:18	178
16:09	0	225	43,4	2971	3078	1,04	30	2663	78,9	15,0	46,2	2,03	1,28	0,75	0,37	27	26	10:44:20	178
16:11	0	225	42,3	2894	3018	1,04	29	2656	76,7	14,6	47,7	2,08	1,32	0,76	0,36	26	25	10:44:22	178
16:13	0	225	43,2	2955	3046	1,03	29	2648	77,0	14,9	47,5	2,06	1,31	0,76	0,37	26	25	10:44:24	178
16:16	0	225	41,7	2852	2962	1,04	28	2678	74,7	14,4	49,0	2,15	1,35	0,80	0,37	26	25	10:44:27	178
16:17	0	225	42,3	2894	3003	1,04	29	2647	76,1	14,6	48,1	2,09	1,32	0,77	0,37	26	25	10:44:28	178
16:19	0	225	42,5	2910	3005	1,03	29	2647	76,4	14,7	47,9	2,08	1,32	0,76	0,36	26	25	10:44:30	178
16:21	0	225	43,6	2983	3057	1,02	30	2638	78,8	15,1	46,3	2,01	1,27	0,73	0,37	26	26	10:44:32	178
16:23	0	225	42,6	2915	2964	1,02	28	2660	75,6	14,7	48,5	2,11	1,33	0,78	0,37	26	25	10:44:34	178
16:26	0	225	43,1	2948	2976	1,01	29	2623	75,5	14,9	48,5	2,08	1,33	0,75	0,36	26	25	10:44:37	178
16:28	0	225	43,5	2973	2987	1,00	29	2651	75,8	15,0	48,3	2,10	1,31	0,78	0,37	26	25	10:44:39	179
16:31	0	225	42,7	2921	2976	1,02	29	2648	76,9	14,8	47,6	2,07	1,33	0,74	0,36	26	26	10:44:42	179
16:33	0	225	42,6	2916	2928	1,00	28	2657	74,1	14,7	49,5	2,15	1,35	0,81	0,37	25	25	10:44:44	179
16:35	0	225	42,9	2935	2927	1,00	27	2679	73,4	14,8	50,0	2,19	1,39	0,80	0,36	25	25	10:44:46	179
16:37	0	225	42,9	2935	2926	1,00	27	2679	73,4	14,8	50,0	2,19	1,39	0,80	0,36	25	25	10:44:48	179
16:39	0	225	44,2	3021	2982	0,99	28	2671	74,2	15,2	49,4	2,16	1,35	0,81	0,37	25	25	10:44:50	179
16:41	0	225	44,5	3045	3007	0,99	28	2697	75,1	15,3	48,8	2,15	1,33	0,82	0,38	25	25	10:44:52	179
16:44	0	225	44,5	3046	3029	0,99	27	2751	75,6	15,4	48,5	2,18	1,37	0,81	0,37	25	25	10:44:55	179
16:46	0	225	44,5	3046	3029	0,99	27	2751	75,6	15,4	48,5	2,18	1,37	0,81	0,37	25	25	10:44:57	179
16:48	0	225	44,3	3029	3044	1,00	28	2753	77,5	15,3	47,1	2,13	1,40	0,73	0,34	26	25	10:44:59	179
16:50	0	225	43,5	2976	3022	1,02	28	2720	77,2	15,0	47,4	2,11	1,38	0,73	0,35	26	26	10:45:01	179
16:52	0	225	43,5	2978	3036	1,02	28	2729	76,6	15,0	47,8	2,14	1,40	0,74	0,35	26	25	10:45:03	179
16:54	0	225	43,6	2983	3038	1,02	28	2749	75,9	15,1	48,3	2,17	1,42	0,75	0,34	25	25	10:45:05	179
16:57	0	225	43,6	2983	3036	1,02	27	2753	75,7	15,1	48,4	2,18	1,44	0,75	0,34	25	25	10:45:08	179
16:59	0	225	43,8	2999	3036	1,01	28	2706	75,4	15,1	48,6	2,15	1,42	0,74	0,34	25	25	10:45:10	179
17:01	0	225	43,8	2998	3042	1,01	28	2708	75,4	15,1	48,6	2,16	1,42	0,73	0,34	25	25	10:45:12	179
17:03	0	225	43,8	2998	3042	1,01	28	2708	75,4	15,1	48,6	2,16	1,42	0,73	0,34	25	25	10:45:14	180
17:05	0	225	44,6	3052	3063	1,00	28	2719	75,4	15,4	48,6	2,16	1,39	0,77	0,36	25	25	10:45:16	180
17:07	0	225	45,1	3088	3104	1,01	29	2702	78,3	15,6	46,6	2,07	1,31	0,76	0,37	25	25	10:45:18	180
17:09	0	225	45,2	3090	3134	1,01	30	2673	80,4	15,6	45,2	1,99	1,26	0,73	0,37	26	26	10:45:20	180
17:11	0	225	45,1	3083	3134	1,02	31	2662	81,3	15,6	44,6	1,96	1,22	0,74	0,38	26	26	10:45:22	180
17:13	0	225	44,4	3036	3110	1,02	30	2681	80,7	15,3	44,9	1,99	1,24	0,75	0,38	27	26	10:45:24	180
17:15	0	225	44,9	3069	3147	1,03	32	2630	83,4	15,5	43,1	1,89	1,18	0,71	0,38	27	27	10:45:26	180
17:17	0	225	44,8	3063	3180	1,04	32	2629	85,3	15,5	41,9	1,85	1,17	0,68	0,37	28	27	10:45:28	179
17:19	0	225	43,5	2972	3086	1,04	31	2620	80,8	15,0	44,9	1,95	1,22	0,73	0,37	27	26	10:45:30	179
17:21	0	225	42,5	2908	3004	1,03	29	2639	77,5	14,7	47,2	2,04	1,26	0,78	0,38	27	26	10:45:32	179
17:23	0	225	42,3	2891	2953	1,02	28	2649	75,4	14,6	48,6	2,11	1,31	0,80	0,38	26	26	10:45:34	179
17:25	0	225	42,1	2879	2925	1,02	28	2633	74,2	14,5	49,4	2,13	1,33	0,80	0,38	26	25	10:45:36	179
17:28	0	225	42,2	2889	2921	1,01	28	2624	74,7	14,6	49,1	2,11	1,31	0,80	0,38	26	26	10:45:39	179
17:30	0	225	42,1	2880	2897	1,01	28	2639	73,2	14,5	50,1	2,16	1,32	0,85	0,39	25	25	10:45:41	180
17:32	0	225	42,1	2880	2896	1,01	28	2639	73,2	14,5	50,1	2,16	1,32	0,85	0,39	25	25	10:45:43	180
17:34	0	225	42,6	2914	2907	1,00	27	2670	73,0	14,7	50,2	2,19	1,37	0,83	0,38	25	25	10:45:45	180
17:36	0	225	43,1	2949	2938	1,00	28	2651	74,7	14,9	49,1	2,13	1,34	0,79	0,37	25	25	10:45:47	180
17:38	0	225	43,8	2997	2991	1,00	29	2652	76,1	15,1	48,1	2,09	1,29	0,80	0,38	25	25	10:45:49	181
17:40	0	225	44,6	3051	3063	1,00	29	2686	78,0	15,4	46,8	2,07	1,31	0,76	0,37	26	25	10:45:51	181
17:42	0	225	45,3	3101	3118	1,01	30	2664	80,4	15,7	45,2	1,99	1,24	0,75	0,38	26	26	10:45:53	181
17:43	0	225	45,3	3097	3133	1,01	31	2627	81,8	15,6	44,3	1,93	1,24	0,69	0,36	26	26	10:45:54	181
17:46	0	225	44,8	3066	3090	1,01	31	2602	79,9	15,5	45,5	1,95	1,27	0,69	0,35	26	26	10:45:57	181
17:48	0	225	44,9	3073	3097	1,01	31	2577	80,5	15,5	45,1	1,92	1,21	0,71	0,37	26	26	10:45:59	181
17:50	0	225	44,5	3047	3065	1,01	30	2596	79,1	15,4	46,1	1,97	1,23	0,74	0,38	26	26	10:46:01	181
17:53	0	225	43,8	2999	3020	1,01	30	2601	77,2	15,1	47,4	2,02	1,26	0,77	0,38	26	26	10:46:04	181
17:54	0	225	43,6	2984	3021	1,01	30	2631	77,8	15,1	47,0	2,03	1,26	0,77	0,38	26	26	10:46:05	181
17:56	0	225	43,5	2976	2990	1,00	29	2627	76,3	15,0	48,0	2,07	1,30	0,77	0,37	26	26	10:46:07	181
17:58	0	225	44,3	3032	3027	1,00	28	2686	76,4	15,3	47,9	2,11	1,30	0,80	0,38	25	25	10:46:09	181
18:00	0	225	45,1	3088	3069	0,99	29	2689	77,7	15,6	47,0	2,08	1,32	0,75	0,36	25	25	10:46:11	181
18:02	0	225	46,0	3150	3129	0,99	30	2697	80,1	15,9	45,4	2,02	1,29	0,73	0,36	25	26	10:46:13	181
18:04	0	225	46,5	3182	3166	0,99	30	2713	80,9	16,1	44,8	2,01	1,28	0,73	0,36	25	26	10:46:15	181
18:06	0	225	47,3	3234	3221	1,00	30	2732	83,2	16,3	43,3	1,97	1,30	0,67	0,34	26	26	10:46:17	181
18:08	0	225	46,7	3197	3199	1,00	30	2751	82,5	16,1	43,7	2,00	1,32	0,68	0,34	26	26	10:46:19	181
18:10	0	225	46,6	3187	3209	1,01	30	2779	82,9	16,1	43,5	2,01	1,29	0,72	0,36	26	26	10:46:21	181
18:12	0	225	46,8	3202	3219	1,01	30	2756	84,0	16,2	42,7	1,97	1,26	0,71	0,36	26	26	10:46:23	181
18:14	0	225	47,3	3237	3272	1,01	31	2775	86,3	16,3	41,2	1,93	1,22	0,71	0,37	27	26	10:46:25	181
18:16	0	225	46,9	3210	3264	1,02	31	2792	85,9	16,2	41,4	1,95	1,26	0,69	0,35	27	26	10:46:27	181
18:18	0	225	47,9	3279	3317	1,01	32	2724	87,4	16,6	40,4	1,87	1,24	0,63	0,34	27	26	10:46:29	181
18:19	0	225	47,3	3232	3291	1,02	32	2689	86,8	16,3	40,8	1,86	1,21	0,65	0,35	27	26	10:46:30	181
18:21	0	225	47,5	3250	3321	1,02	33	2671	87,8	16,4	40,1	1,83	1,19	0,63	0,35	27	26	10:46:32	182
18:23	0	225	47,5	3250	3321	1,02	33	2671	87,8	16,4	40,1	1,83	1,19	0,63	0,35	27	26	10:46:34	182
18:25	0	225	46,8	3200	3276	1,02	32	2697	86,8	16,2	40,8	1,86	1,22	0,65	0,35	27	27	10:46:36	182
18:27	0	225	46,9	3206	3267	1,02	33	2658	87,1	16,2	40,6	1,83	1,18	0,65	0,35	27	27	10:46:38	182
18:29	0	225	46,6	3187	3235	1,02	33	2608	86,8	16,1	40,8	1,80	1,14	0,66	0,37	27	27	10:46:40	182
18:30	0	225	46,2	3157	3224	1,02	33	2600	87,0	15,9	40,7	1,79	1,15	0,64	0,36	28	27	10:46:41	182
18:32	0	225	46,1	3155	3220	1,02	33	2602	87,0	15,9	40,6	1,79	1,14	0,65	0,36	28	27	10:46:43	182
18:34	0	225	46,3	3169	3227	1,02	33	2625	87,2	16,0	40,5	1,81	1,14	0,67	0,37	28	27	10:46:45	182
18:36	0	225	46,3	3168	3227	1,02	33	2625	87,2	16,0	40,5	1,81	1,14	0,67	0,37	28	27	10:46:47	183
18:38	0	225	46,5	3179	3246	1,02	34	2615	87,9	16,1	40,1	1,79	1,14	0,65	0,36	28	27	10:46:49	183
18:40	0	225	45,3	3097	3155	1,02	32	2611	84,7	15,6	42,3	1,85	1,16	0,69	0,37	27	27	10:46:51	183
18:42	0	225	45,4	3103	3161	1,02	32	2638	84,6	15,7	42,3	1,87	1,18	0,69	0,37	27	27	10:46:53	183
18:43	0	225	45,2	3094	3141	1,01	33	2584	84,5	15,6	42,4	1,83	1,14	0,70	0,38	27	27	10:46:54	183
18:45	0	225	44,1	3017	3051	1,01	33	2500	82,4	15,2	43,8	1,82	1,14	0,68	0,38	27	27	10:46:56	182
18:47	0	225	43,3	2959	2921	0,99	33	2334	76,9	14,9	47,6	1,82	1,20	0,62	0,34	26	26	10:46:58	182
18:49	0	225	44,6	3051	3002	0,98	34	2334	79,6	15,4	45,7	1,76	1,14	0,62	0,35	26	27	10:47:00	182
18:50	0	225	43,9	3002	2943	0,98	34	2317	78,9	15,1	46,2	1,76	1,14	0,62	0,35	26	27	10:47:01	182
18:52	0	225	44,2	3025	2953	0,98	35	2278	80,1	15,2	45,4	1,71	1,14	0,57	0,33	26	27	10:47:03	182
18:54	0	225	44,3	3032	2941	0,97	35	2261	79,6	15,2	45,7	1,70	1,15	0,56	0,33	26	27	10:47:05	182
18:56	0	225	44,1	3020	2932	0,97	33	2346	78,0	15,2	46,8	1,80	1,22	0,58	0,32	26	27	10:47:07	182
18:58	0	225	45,2	3090	3067	0,99	32	2561	83,0	15,6	43,4	1,85	1,20	0,65	0,35	27	27	10:47:09	182
19:00	0	225	45,7	3126	3105	0,99	32	2592	83,3	15,8	43,2	1,87	1,21	0,66	0,35	27	27	10:47:11	182
19:02	0	225	45,5	3114	3096	0,99	32	2588	82,9	15,7	43,5	1,87	1,21	0,66	0,35	27	27	10:47:13	183
19:03	0	225	46,1	3152	3129	0,99	32	2585	83,9	15,9	42,8	1,85	1,19	0,66	0,36	27	27	10:47:14	181
19:05	0	225	46,6	3186	3153	0,99	33	2572	85,2	16,1	41,9	1,81	1,17	0,64	0,35	27	27	10:47:16	182
19:07	0	225	46,7	3196	3188	1,00	33	2626	87,3	16,1	40,4	1,80	1,15	0,65	0,36	27	27	10:47:18	182
19:09	0	225	46,7	3197	3210	1,00	34	2618	88,8	16,1	39,4	1,77	1,13	0,64	0,36	28	28	10:47:20	182
19:10	0	225	46,8	3202	3238	1,01	34	2648	90,4	16,2	38,4	1,76	1,12	0,64	0,36	28	28	10:47:21	182
19:12	0	225	46,6	3187	3251	1,02	34	2702	91,6	16,1	37,6	1,77	1,11	0,66	0,37	29	28	10:47:23	182
19:14	0	225	46,9	3206	3276	1,02	34	2713	92,1	16,2	37,2	1,77	1,13	0,64	0,36	29	28	10:47:25	182
19:16	0	225	46,7	3196	3299	1,03	35	2698	93,8	16,1	36,0	1,73	1,10	0,63	0,36	29	28	10:47:27	182
19:17	0	225	46,5	3181	3296	1,04	34	2720	92,9	16,1	36,6	1,76	1,11	0,64	0,37	29	28	10:47:28	182
19:19	0	225	46,7	3192	3301	1,03	34	2699	92,4	16,1	37,0	1,75	1,11	0,64	0,36	29	28	10:47:30	182
19:21	0	225	47,0	3213	3296	1,03	35	2672	92,8	16,2	36,7	1,73	1,10	0,63	0,36	29	28	10:47:32	183
19:23	0	225	46,6	3190	3274	1,03	34	2713	91,7	16,1	37,5	1,78	1,11	0,66	0,37	29	28	10:47:34	183
19:24	0	225	47,0	3216	3265	1,02	34	2648	91,2	16,2	37,8	1,74	1,10	0,64	0,37	28	28	10:47:35	183
19:26	0	225	47,2	3230	3238	1,00	35	2589	90,8	16,3	38,1	1,71	1,08	0,63	0,37	28	28	10:47:37	183
19:28	0	225	47,1	3224	3239	1,00	34	2628	90,1	16,3	38,6	1,75	1,09	0,66	0,38	28	28	10:47:39	183
19:30	0	225	47,1	3222	3211	1,00	35	2579	89,9	16,3	38,7	1,72	1,08	0,64	0,37	28	28	10:47:41	183
19:31	0	225	46,7	3193	3180	1,00	35	2555	90,2	16,1	38,5	1,70	1,07	0,63	0,37	28	28	10:47:42	184
19:33	0	225	46,7	3194	3181	1,00	35	2555	90,2	16,1	38,5	1,70	1,07	0,63	0,37	28	28	10:47:44	184
19:35	0	225	46,7	3192	3199	1,00	35	2596	91,5	16,1	37,6	1,70	1,08	0,62	0,36	29	29	10:47:46	184
19:36	0	225	46,7	3193	3200	1,00	35	2596	91,5	16,1	37,6	1,70	1,08	0,62	0,36	29	29	10:47:47	184
19:38	0	225	46,8	3200	3232	1,01	35	2632	92,6	16,2	36,9	1,71	1,08	0,62	0,36	29	29	10:47:49	184
19:40	0	225	46,9	3205	3245	1,01	36	2599	93,7	16,2	36,1	1,66	1,08	0,58	0,35	29	29	10:47:51	184
19:41	0	225	46,4	3174	3226	1,02	36	2624	93,4	16,0	36,3	1,69	1,09	0,59	0,35	29	29	10:47:52	185
19:43	0	225	46,4	3175	3227	1,02	35	2666	92,5	16,0	36,9	1,73	1,12	0,61	0,35	29	29	10:47:54	185
19:45	0	225	45,8	3130	3170	1,01	34	2631	90,5	15,8	38,3	1,74	1,13	0,61	0,35	29	29	10:47:56	185
19:47	0	225	46,1	3151	3164	1,00	34	2665	89,4	15,9	39,0	1,79	1,14	0,65	0,36	28	28	10:47:58	185
19:49	0	225	46,8	3203	3216	1,00	34	2673	90,9	16,2	38,0	1,76	1,12	0,64	0,36	28	28	10:48:00	185
19:51	0	225	46,9	3205	3213	1,00	34	2677	90,6	16,2	38,2	1,77	1,13	0,64	0,36	28	28	10:48:02	185
19:53	0	225	46,3	3164	3164	1,00	32	2749	87,5	16,0	40,3	1,88	1,23	0,66	0,35	28	28	10:48:04	185
19:55	0	225	46,3	3164	3132	0,99	32	2703	86,3	15,9	41,2	1,88	1,22	0,66	0,35	27	28	10:48:06	185
19:56	0	225	46,8	3202	3144	0,98	33	2649	86,4	16,1	41,1	1,84	1,19	0,65	0,36	27	27	10:48:07	185
19:58	0	225	47,8	3267	3190	0,98	34	2588	88,8	16,4	39,4	1,75	1,09	0,66	0,38	27	28	10:48:09	185
20:00	0	225	47,6	3257	3181	0,98	35	2551	88,4	16,4	39,7	1,73	1,08	0,65	0,38	27	28	10:48:11	183
20:01	0	225	47,6	3257	3181	0,98	35	2551	88,4	16,4	39,7	1,73	1,08	0,65	0,38	27	28	10:48:12	183
20:03	0	225	47,0	3216	3149	0,98	35	2506	87,8	16,2	40,1	1,71	1,07	0,65	0,38	27	28	10:48:14	183
20:05	0	225	47,5	3247	3220	0,99	35	2567	90,5	16,4	38,3	1,70	1,07	0,63	0,37	28	28	10:48:16	183
20:06	0	225	48,0	3283	3252	0,99	36	2551	92,8	16,5	36,7	1,65	1,04	0,61	0,37	28	29	10:48:17	183
20:08	0	225	47,6	3253	3257	1,00	36	2598	94,4	16,4	35,7	1,65	1,04	0,61	0,37	29	29	10:48:19	183
20:10	0	225	47,3	3233	3237	1,00	36	2606	93,2	16,3	36,5	1,68	1,06	0,62	0,37	29	29	10:48:21	184
20:12	0	225	47,7	3259	3266	1,00	36	2626	94,6	16,5	35,5	1,67	1,06	0,61	0,37	29	29	10:48:23	184
20:14	0	225	46,7	3194	3216	1,01	34	2671	91,8	16,1	37,4	1,75	1,12	0,63	0,36	29	29	10:48:25	184
20:15	0	225	46,5	3184	3176	1,00	34	2677	90,0	16,1	38,6	1,78	1,13	0,65	0,37	28	28	10:48:26	185
20:17	0	225	46,9	3211	3182	0,99	34	2668	90,2	16,2	38,5	1,77	1,11	0,66	0,37	28	28	10:48:28	185
20:19	0	225	46,2	3163	3141	0,99	35	2585	89,7	15,9	38,9	1,73	1,09	0,64	0,37	28	29	10:48:30	185
20:20	0	225	46,8	3198	3151	0,99	34	2586	89,0	16,1	39,3	1,74	1,09	0,65	0,37	28	28	10:48:31	185
20:21	0	225	47,4	3242	3212	0,99	36	2566	92,0	16,3	37,3	1,67	1,06	0,61	0,37	28	29	10:48:32	185
20:23	0	225	46,6	3189	3185	1,00	36	2555	92,0	16,1	37,3	1,67	1,05	0,62	0,37	29	29	10:48:34	185
20:25	0	225	46,5	3181	3188	1,00	37	2500	93,3	16,1	36,4	1,61	1,00	0,61	0,38	29	29	10:48:36	185
20:27	0	225	46,5	3182	3189	1,00	37	2500	93,3	16,1	36,4	1,61	1,00	0,61	0,38	29	29	10:48:38	185
20:29	0	225	45,4	3107	3135	1,01	36	2529	91,4	15,7	37,7	1,66	1,06	0,60	0,36	29	29	10:48:40	185
20:31	0	225	45,1	3083	3098	1,00	34	2589	88,5	15,6	39,7	1,76	1,12	0,64	0,36	29	29	10:48:42	185
20:33	0	225	44,3	3032	3002	0,99	31	2649	83,2	15,3	43,3	1,91	1,21	0,70	0,36	27	28	10:48:44	185
20:36	0	225	43,7	2989	2924	0,98	29	2669	78,7	15,0	46,3	2,03	1,29	0,74	0,36	26	27	10:48:47	185
20:38	0	225	43,2	2955	2856	0,97	28	2691	75,3	14,8	48,6	2,14	1,38	0,77	0,36	25	26	10:48:49	186
20:40	0	225	43,7	2991	2841	0,95	27	2696	73,7	14,9	49,7	2,19	1,39	0,81	0,37	25	26	10:48:51	186
SV2																			
20:42	0	225	43,7	2990	2841	0,95	27	2696	73,7	14,9	49,7	2,19	1,39	0,81	0,37	25	26	10:48:53	186
20:44	0	225	44,1	3019	2850	0,94	27	2696	74,0	15,1	49,5	2,19	1,38	0,81	0,37	25	26	10:48:55	186
20:46	0	225	44,6	3054	2905	0,95	28	2701	76,4	15,3	47,9	2,12	1,32	0,80	0,38	25	26	10:48:57	185
20:47	0	225	45,8	3130	2994	0,96	30	2668	80,8	15,7	44,9	1,98	1,25	0,73	0,37	26	27	10:48:58	184
20:49	0	225	47,5	3249	3120	0,96	32	2673	85,5	16,3	41,7	1,88	1,18	0,70	0,37	26	27	10:49:00	184
20:50	0	225	48,0	3286	3200	0,97	35	2611	90,1	16,5	38,5	1,74	1,08	0,66	0,38	27	28	10:49:01	184
20:52	0	225	48,1	3287	3201	0,97	35	2611	90,1	16,5	38,5	1,74	1,08	0,66	0,38	27	28	10:49:03	183
20:54	0	225	48,5	3315	3264	0,98	36	2592	93,5	16,7	36,3	1,66	1,04	0,63	0,38	28	29	10:49:05	184
20:56	0	225	48,1	3290	3259	0,99	36	2591	94,3	16,6	35,7	1,65	1,02	0,63	0,38	29	29	10:49:07	184
20:57	0	225	48,0	3282	3268	1,00	37	2546	95,4	16,6	35,0	1,60	0,99	0,61	0,38	29	29	10:49:08	185
20:59	0	225	47,9	3278	3264	1,00	38	2536	95,1	16,5	35,2	1,60	0,99	0,61	0,38	29	29	10:49:10	185
21:01	0	225	48,2	3294	3284	1,00	37	2575	95,6	16,6	34,8	1,62	1,01	0,61	0,38	29	29	10:49:12	186
21:02	0	225	48,0	3280	3283	1,00	37	2565	95,8	16,6	34,6	1,61	1,01	0,60	0,37	29	29	10:49:13	186
21:03	0	225	48,9	3347	3343	1,00	38	2580	98,1	16,9	33,1	1,58	1,00	0,58	0,37	29	29	10:49:14	186
21:05	0	225	48,7	3333	3342	1,00	38	2573	98,7	16,8	32,7	1,56	0,99	0,57	0,37	30	30	10:49:16	187
21:07	0	225	48,1	3288	3304	1,00	38	2550	97,0	16,6	33,9	1,58	0,99	0,59	0,37	29	29	10:49:18	187
21:09	0	225	47,6	3256	3293	1,01	38	2582	97,2	16,4	33,7	1,59	1,02	0,58	0,36	30	30	10:49:20	187
21:11	0	225	46,9	3210	3245	1,01	37	2605	95,4	16,2	34,9	1,64	1,03	0,61	0,37	30	29	10:49:22	187
21:12	0	225	47,4	3240	3243	1,00	36	2606	94,2	16,4	35,8	1,66	1,04	0,62	0,37	29	29	10:49:23	187
21:14	0	225	46,7	3194	3184	1,00	35	2628	92,3	16,1	37,1	1,71	1,08	0,63	0,37	29	29	10:49:25	187
21:16	0	225	46,1	3151	3168	1,01	35	2619	92,5	15,9	36,9	1,70	1,07	0,62	0,37	29	29	10:49:27	187
21:17	0	225	47,1	3223	3198	0,99	35	2642	92,2	16,2	37,2	1,72	1,09	0,63	0,37	29	29	10:49:28	187
21:19	0	225	47,2	3228	3202	0,99	35	2639	91,1	16,3	37,9	1,74	1,10	0,64	0,37	28	28	10:49:30	187
21:21	0	225	48,3	3307	3288	0,99	35	2656	94,0	16,7	35,9	1,70	1,09	0,61	0,36	28	29	10:49:32	187
21:22	0	225	48,7	3333	3290	0,99	37	2589	94,7	16,8	35,4	1,64	1,04	0,60	0,37	28	29	10:49:33	187
21:24	0	225	48,2	3295	3277	0,99	37	2553	95,2	16,6	35,1	1,61	1,01	0,60	0,37	29	29	10:49:35	187
21:25	0	225	49,3	3370	3336	0,99	38	2536	97,0	17,0	33,8	1,57	0,97	0,60	0,38	29	29	10:49:36	187
21:27	0	225	49,1	3358	3336	0,99	39	2542	98,3	16,9	33,0	1,55	0,96	0,59	0,38	29	29	10:49:38	187
21:28	0	225	48,5	3318	3316	1,00	39	2542	98,3	16,8	33,0	1,55	0,95	0,60	0,39	30	30	10:49:39	187
21:30	0	225	49,1	3361	3372	1,00	39	2588	101,2	17,0	31,0	1,53	0,94	0,59	0,39	30	30	10:49:41	187
21:31	0	225	49,0	3350	3357	1,00	40	2538	102,6	16,9	30,0	1,48	0,90	0,58	0,39	31	31	10:49:42	187
21:33	0	225	49,0	3351	3357	1,00	40	2538	102,6	16,9	30,0	1,48	0,90	0,58	0,39	31	31	10:49:44	187
21:35	0	225	48,5	3315	3346	1,01	40	2558	102,9	16,7	29,9	1,49	0,91	0,58	0,39	31	31	10:49:46	187
21:36	0	225	47,8	3273	3295	1,01	40	2522	99,8	16,5	31,9	1,52	0,92	0,59	0,39	31	30	10:49:47	187
21:38	0	225	48,1	3289	3303	1,00	40	2520	99,9	16,6	31,9	1,51	0,92	0,60	0,39	30	30	10:49:49	187
21:39	0	225	48,4	3311	3323	1,00	40	2523	100,4	16,7	31,5	1,51	0,92	0,59	0,39	30	30	10:49:50	187
21:41	0	225	48,5	3320	3322	1,00	40	2531	100,8	16,8	31,2	1,51	0,92	0,59	0,39	30	30	10:49:52	188
21:42	0	225	48,3	3303	3317	1,00	39	2559	100,5	16,7	31,5	1,53	0,93	0,60	0,39	30	30	10:49:53	188
21:44	0	225	48,3	3303	3317	1,00	39	2559	100,5	16,7	31,5	1,53	0,93	0,60	0,39	30	30	10:49:55	188
21:45	0	225	48,9	3343	3325	0,99	40	2531	101,1	16,9	31,1	1,50	0,90	0,60	0,40	30	30	10:49:56	188
21:47	0	225	49,3	3372	3359	1,00	40	2578	103,5	17,0	29,4	1,49	0,90	0,60	0,40	31	31	10:49:58	188
21:48	0	225	48,1	3293	3299	1,00	40	2553	102,0	16,6	30,5	1,50	0,90	0,60	0,40	31	31	10:49:59	188
21:50	0	225	47,5	3248	3243	1,00	41	2450	100,0	16,4	31,8	1,47	0,91	0,56	0,38	31	31	10:50:01	188
21:51	0	225	47,0	3218	3203	1,00	41	2436	98,8	16,2	32,7	1,48	0,92	0,56	0,38	31	31	10:50:02	188
21:53	0	225	47,3	3234	3180	0,98	41	2389	97,1	16,3	33,8	1,48	0,92	0,55	0,37	30	31	10:50:04	188
21:54	0	225	48,0	3284	3184	0,97	41	2338	96,9	16,5	33,9	1,45	0,91	0,54	0,37	30	30	10:50:05	188
21:56	0	225	47,5	3246	3130	0,96	41	2313	94,2	16,3	35,8	1,47	0,92	0,56	0,38	29	30	10:50:07	188
21:57	0	225	47,4	3245	3130	0,96	41	2313	94,2	16,3	35,8	1,47	0,92	0,56	0,38	29	30	10:50:08	188
21:59	0	225	47,7	3265	3160	0,97	41	2310	95,1	16,4	35,2	1,46	0,92	0,54	0,37	29	30	10:50:10	188
22:00	0	225	48,3	3303	3194	0,97	40	2377	96,1	16,6	34,5	1,48	0,90	0,58	0,39	29	30	10:50:11	188
22:02	0	225	48,8	3336	3227	0,97	41	2368	97,2	16,7	33,7	1,46	0,89	0,57	0,39	29	30	10:50:13	188
22:03	0	225	48,7	3330	3254	0,98	41	2390	99,0	16,7	32,5	1,45	0,89	0,56	0,39	30	30	10:50:14	188
22:05	0	225	48,3	3307	3242	0,98	40	2438	98,3	16,6	33,0	1,49	0,90	0,58	0,39	30	30	10:50:16	188
22:06	0	225	48,8	3338	3282	0,98	41	2440	99,9	16,8	31,9	1,47	0,89	0,57	0,39	30	30	10:50:17	188
22:08	0	225	48,9	3342	3308	0,99	40	2518	100,5	16,8	31,5	1,50	0,92	0,58	0,39	30	30	10:50:19	188
22:09	0	225	49,4	3380	3346	0,99	40	2541	102,9	17,0	29,9	1,48	0,90	0,58	0,39	30	31	10:50:20	188
22:11	0	225	49,2	3364	3361	1,00	40	2577	104,2	17,0	29,0	1,48	0,92	0,57	0,38	31	31	10:50:22	188
22:12	0	225	49,2	3362	3371	1,00	40	2602	103,5	17,0	29,4	1,51	0,93	0,58	0,38	31	31	10:50:23	188
22:14	0	225	48,7	3331	3336	1,00	40	2590	102,8	16,8	29,9	1,51	0,93	0,58	0,38	31	31	10:50:25	188
22:15	0	225	48,7	3331	3336	1,00	40	2590	102,8	16,8	29,9	1,51	0,93	0,58	0,38	31	31	10:50:26	189
22:17	0	225	48,7	3329	3338	1,00	40	2611	103,3	16,8	29,5	1,52	0,94	0,58	0,38	31	31	10:50:28	189
22:18	0	225	48,0	3284	3292	1,00	39	2613	102,5	16,6	30,1	1,53	0,94	0,59	0,38	31	31	10:50:29	189
22:20	0	225	47,6	3254	3260	1,00	39	2613	101,4	16,4	30,8	1,55	0,96	0,59	0,38	31	31	10:50:31	189
22:21	0	225	47,9	3279	3278	1,00	38	2629	101,1	16,6	31,0	1,56	0,96	0,60	0,39	31	31	10:50:32	189
22:23	0	225	47,2	3232	3217	1,00	39	2567	99,9	16,3	31,9	1,54	0,96	0,58	0,38	31	31	10:50:34	189
22:25	0	225	47,4	3242	3211	0,99	38	2576	98,6	16,3	32,8	1,57	0,97	0,60	0,38	30	31	10:50:36	189
22:26	0	225	47,6	3253	3224	0,99	38	2626	98,7	16,4	32,7	1,60	0,98	0,61	0,38	30	31	10:50:37	189
22:28	0	225	47,8	3271	3243	0,99	37	2664	99,6	16,5	32,0	1,60	1,00	0,61	0,38	30	31	10:50:39	189
22:29	0	225	47,5	3251	3228	0,99	37	2655	99,1	16,4	32,5	1,61	0,98	0,62	0,39	30	31	10:50:40	189
22:31	0	225	48,0	3284	3248	0,99	38	2631	99,4	16,5	32,2	1,59	0,97	0,62	0,39	30	31	10:50:42	188
22:32	0	225	47,9	3275	3241	0,99	38	2610	98,9	16,5	32,6	1,58	0,96	0,63	0,40	30	30	10:50:43	188
22:34	0	225	48,2	3299	3277	0,99	38	2619	100,5	16,6	31,5	1,56	0,95	0,61	0,39	30	31	10:50:45	188
22:35	0	225	48,6	3326	3314	1,00	40	2594	102,5	16,8	30,1	1,52	0,94	0,58	0,38	31	31	10:50:46	188
22:37	0	225	49,4	3376	3342	0,99	41	2556	104,2	17,0	29,0	1,47	0,90	0,57	0,39	31	31	10:50:48	188
22:38	0	225	48,9	3347	3338	1,00	40	2602	105,1	16,9	28,3	1,49	0,91	0,58	0,39	31	31	10:50:49	188
22:40	0	225	48,9	3347	3338	1,00	40	2602	105,1	16,9	28,3	1,49	0,91	0,58	0,39	31	31	10:50:51	189
22:41	0	225	47,7	3265	3283	1,01	40	2614	105,7	16,5	27,9	1,48	0,92	0,57	0,38	32	32	10:50:52	189
22:43	0	225	47,1	3222	3238	1,01	40	2588	104,2	16,3	28,9	1,49	0,93	0,56	0,38	32	32	10:50:54	189
22:44	0	225	46,4	3177	3180	1,00	40	2531	102,3	16,0	30,2	1,48	0,92	0,56	0,38	32	32	10:50:55	189
22:46	0	215	46,6	3189	3190	1,00	40	2574	101,7	16,1	30,6	1,52	0,94	0,58	0,38	32	32	10:50:57	189
22:47	0	215	46,6	3189	3190	1,00	40	2574	101,7	16,1	30,6	1,52	0,94	0,58	0,38	32	32	10:50:58	189
22:49	0	215	46,8	3201	3189	1,00	39	2551	100,7	16,2	31,3	1,52	0,94	0,58	0,38	31	32	10:51:00	189
22:51	0	215	47,0	3212	3181	0,99	38	2570	98,7	16,2	32,7	1,56	0,97	0,60	0,38	31	31	10:51:02	189
22:52	0	215	47,5	3251	3210	0,99	38	2610	99,5	16,4	32,2	1,57	0,97	0,60	0,38	31	31	10:51:03	189
22:54	0	215	48,5	3316	3260	0,98	39	2633	101,9	16,7	30,5	1,55	0,95	0,60	0,39	31	31	10:51:05	189
22:55	0	215	49,0	3351	3297	0,98	40	2625	104,4	16,9	28,8	1,51	0,92	0,59	0,39	31	32	10:51:06	189
22:57	0	215	48,0	3283	3231	0,98	39	2626	102,6	16,5	30,1	1,54	0,94	0,59	0,39	31	32	10:51:08	189
22:58	0	215	47,7	3262	3223	0,99	38	2651	101,7	16,4	30,7	1,56	0,95	0,61	0,39	31	32	10:51:09	189
23:00	0	215	47,1	3220	3190	0,99	38	2644	100,4	16,2	31,5	1,58	0,97	0,61	0,39	31	31	10:51:11	189
23:01	0	215	46,6	3185	3159	0,99	39	2576	101,0	16,1	31,1	1,53	0,94	0,59	0,39	32	32	10:51:12	189
23:03	0	215	46,4	3171	3143	0,99	39	2584	101,5	16,0	30,8	1,53	0,95	0,58	0,38	32	32	10:51:14	189
23:04	0	215	46,4	3171	3143	0,99	39	2584	101,5	16,0	30,8	1,53	0,95	0,58	0,38	32	32	10:51:15	189
23:06	0	215	46,6	3186	3139	0,99	39	2577	100,7	16,0	31,3	1,54	0,95	0,59	0,38	32	32	10:51:17	188
23:07	0	215	47,5	3248	3180	0,98	39	2604	102,1	16,3	30,4	1,53	0,93	0,60	0,39	31	32	10:51:18	188
23:09	0	215	47,7	3263	3189	0,98	40	2578	103,4	16,4	29,5	1,50	0,92	0,57	0,38	32	32	10:51:20	188
23:10	0	215	47,2	3226	3167	0,98	39	2635	102,4	16,2	30,2	1,54	0,94	0,61	0,39	32	32	10:51:21	188
23:12	0	215	48,2	3296	3198	0,97	41	2537	104,1	16,5	29,0	1,46	0,90	0,56	0,38	32	33	10:51:23	188
23:13	0	215	48,7	3328	3221	0,97	42	2505	104,7	16,7	28,6	1,44	0,88	0,55	0,39	31	33	10:51:24	188
23:15	0	215	48,3	3305	3190	0,97	41	2480	102,6	16,6	30,0	1,45	0,89	0,56	0,38	31	32	10:51:26	188
23:16	0	215	48,8	3336	3211	0,96	42	2469	104,2	16,7	29,0	1,42	0,88	0,54	0,38	31	32	10:51:27	188
23:18	0	215	49,3	3371	3246	0,96	41	2511	104,2	16,9	28,9	1,45	0,89	0,55	0,38	31	32	10:51:29	188
23:19	0	215	48,5	3315	3205	0,97	41	2509	103,4	16,6	29,5	1,46	0,90	0,55	0,38	31	32	10:51:30	188
23:21	0	215	48,5	3317	3223	0,97	41	2541	104,0	16,6	29,1	1,47	0,90	0,56	0,38	31	32	10:51:32	188
23:22	0	215	48,5	3316	3232	0,97	40	2581	103,7	16,7	29,3	1,49	0,92	0,57	0,38	31	32	10:51:33	188
23:24	0	215	48,3	3306	3219	0,97	40	2568	103,2	16,6	29,7	1,49	0,91	0,59	0,39	31	32	10:51:35	188
23:25	0	215	48,0	3282	3206	0,98	40	2606	103,4	16,5	29,5	1,51	0,90	0,61	0,40	32	32	10:51:36	188
23:27	0	215	47,1	3223	3167	0,98	39	2603	102,6	16,2	30,0	1,52	0,92	0,61	0,40	32	32	10:51:38	188
23:28	0	215	46,7	3193	3110	0,97	40	2544	101,4	16,0	30,9	1,51	0,90	0,61	0,40	32	33	10:51:39	188
23:30	0	215	47,1	3220	3148	0,98	39	2565	101,1	16,2	31,0	1,52	0,91	0,61	0,40	31	32	10:51:41	189
23:31	0	215	46,8	3203	3117	0,97	39	2556	100,4	16,1	31,6	1,53	0,91	0,61	0,40	31	32	10:51:42	189
23:33	0	215	47,2	3225	3119	0,97	40	2541	101,1	16,2	31,1	1,51	0,89	0,62	0,41	31	32	10:51:44	189
23:34	0	215	46,9	3206	3110	0,97	39	2566	100,6	16,1	31,4	1,53	0,91	0,62	0,41	31	32	10:51:45	189
23:36	0	215	47,0	3215	3111	0,97	40	2554	101,5	16,1	30,8	1,51	0,89	0,62	0,41	32	33	10:51:47	188
23:37	0	215	47,0	3215	3111	0,97	40	2554	101,5	16,1	30,8	1,51	0,89	0,62	0,41	32	33	10:51:48	188
23:39	0	215	47,3	3235	3136	0,97	40	2595	102,6	16,2	30,0	1,52	0,90	0,62	0,41	32	33	10:51:50	188
23:41	0	215	47,0	3218	3123	0,97	39	2597	101,8	16,1	30,6	1,53	0,91	0,62	0,41	32	33	10:51:52	188
23:42	0	215	47,0	3216	3119	0,97	40	2579	102,3	16,1	30,2	1,51	0,90	0,61	0,41	32	33	10:51:53	188
23:44	0	215	46,2	3161	3085	0,98	39	2572	99,9	15,9	31,9	1,54	0,93	0,61	0,40	32	32	10:51:55	188
23:45	0	215	46,4	3175	3098	0,98	39	2592	101,4	15,9	30,9	1,53	0,92	0,61	0,40	32	33	10:51:56	188
23:47	0	215	47,5	3248	3120	0,96	39	2546	100,1	16,3	31,7	1,53	0,93	0,60	0,39	31	32	10:51:58	188
23:48	0	215	49,4	3380	3208	0,95	41	2533	104,5	16,9	28,7	1,45	0,89	0,57	0,39	31	33	10:51:59	188
V02 Max																			
23:50	0	215	49,5	3384	3226	0,95	41	2545	104,8	16,9	28,6	1,46	0,90	0,55	0,38	31	32	10:52:01	188
23:51	0	215	48,8	3336	3192	0,96	40	2538	102,2	16,7	30,3	1,49	0,94	0,55	0,37	31	32	10:52:02	188
