TEMPS	Vitesse	PUIS.	VO2/KG	VO2	VCO2	Q.R	FR	Vt	VE	KCal	Rés.V.	Ttot	Te	Ti	Ti/Ttot	VE/VO2	VE/VCO2	Horloge	FC
(min)	(RPM)	(Watts)	(mL/kg/min)	(mL/min)	(mL/min)		(br/min)	(mL)	(L/min)	(KCal/min)	(%)	(sec)	(sec)	(sec)				(Minuterie)	(BPM)
0:12	0	126	9,1	661	516	0,78	12	1036	12,9	3,2	92,0	4,83	3,09	1,74	0,36	19	25	07:31:10	117
0:18	0	126	20,3	1469	1138	0,77	10	2529	24,9	7,1	84,4	6,10	4,28	1,82	0,30	17	22	07:31:16	119
0:21	0	127	16,0	1157	905	0,78	17	1180	19,9	5,6	87,5	3,55	2,38	1,17	0,33	17	22	07:31:19	117
0:27	0	127	17,7	1281	961	0,75	13	1559	20,6	6,1	87,1	4,54	2,99	1,55	0,34	16	21	07:31:25	118
0:32	0	127	18,4	1330	988	0,74	13	1625	21,0	6,3	86,9	4,64	3,04	1,60	0,34	16	21	07:31:30	118
0:35	0	128	18,4	1333	981	0,74	14	1537	20,8	6,3	87,0	4,43	2,90	1,53	0,35	16	21	07:31:33	119
0:40	0	128	18,4	1330	976	0,73	14	1504	20,7	6,3	87,1	4,36	2,83	1,53	0,35	16	21	07:31:38	120
0:44	0	128	19,3	1394	1027	0,74	12	1774	21,8	6,6	86,3	4,87	3,21	1,66	0,34	16	21	07:31:42	121
0:48	0	129	19,8	1429	1046	0,73	13	1654	22,0	6,8	86,3	4,52	2,93	1,59	0,35	15	21	07:31:46	123
0:51	0	129	22,4	1616	1189	0,74	13	1862	24,9	7,7	84,4	4,48	2,97	1,51	0,34	15	21	07:31:49	126
0:55	0	130	24,1	1742	1318	0,76	14	1940	27,8	8,3	82,6	4,18	2,78	1,40	0,33	16	21	07:31:53	126
0:59	0	130	26,4	1911	1488	0,78	15	2174	32,4	9,2	79,8	4,03	2,65	1,37	0,34	17	22	07:31:57	127
1:01	0	130	27,5	1991	1569	0,79	16	2108	34,7	9,6	78,3	3,64	2,47	1,17	0,32	17	22	07:31:59	128
1:04	0	130	29,3	2117	1712	0,81	17	2209	38,1	10,2	76,2	3,48	2,37	1,11	0,32	18	22	07:32:02	129
1:07	0	130	28,2	2036	1712	0,84	18	2110	38,8	9,9	75,7	3,26	2,20	1,06	0,33	19	23	07:32:05	130
1:10	0	131	29,4	2124	1821	0,86	17	2392	40,8	10,4	74,5	3,52	2,26	1,25	0,36	19	22	07:32:08	131
1:12	0	131	28,2	2038	1712	0,84	18	2110	38,8	9,9	75,7	3,26	2,20	1,06	0,33	19	23	07:32:10	131
1:15	0	131	28,0	2026	1728	0,85	20	1924	39,1	9,9	75,6	2,95	2,03	0,92	0,31	19	23	07:32:13	133
1:18	0	131	27,9	2018	1753	0,87	22	1744	38,4	9,9	76,0	2,73	1,86	0,86	0,32	19	22	07:32:16	134
1:21	0	132	29,3	2122	1877	0,88	20	2026	40,8	10,4	74,5	2,98	1,93	1,05	0,35	19	22	07:32:19	134
1:23	0	132	28,9	2090	1871	0,90	23	1823	41,2	10,3	74,2	2,66	1,70	0,96	0,36	20	22	07:32:21	134
1:25	0	132	27,8	2009	1822	0,91	24	1689	41,0	9,9	74,4	2,47	1,56	0,92	0,37	20	22	07:32:23	136
1:28	0	132	28,0	2024	1863	0,92	24	1734	42,4	10,0	73,5	2,46	1,51	0,94	0,38	21	23	07:32:26	137
1:30	0	132	31,7	2295	2109	0,92	22	2070	45,7	11,4	71,4	2,72	1,84	0,88	0,32	20	22	07:32:28	137
1:34	0	132	29,8	2156	2073	0,96	20	2347	46,8	10,8	70,7	3,01	1,97	1,04	0,34	22	23	07:32:32	137
1:37	0	133	28,3	2045	2003	0,98	21	2189	46,8	10,3	70,8	2,81	1,88	0,93	0,33	23	23	07:32:35	137
1:40	0	133	24,3	1754	1715	0,98	20	1955	39,8	8,8	75,1	2,95	2,25	0,70	0,24	23	23	07:32:38	138
1:43	0	133	26,1	1887	1831	0,97	19	2151	41,3	9,5	74,2	3,12	2,35	0,77	0,25	22	23	07:32:41	138
1:47	0	134	28,0	2027	1946	0,96	17	2469	42,9	10,1	73,2	3,45	2,60	0,85	0,25	21	22	07:32:45	138
1:53	0	134	24,4	1762	1705	0,97	15	2575	38,1	8,8	76,2	4,06	2,88	1,18	0,29	22	22	07:32:51	138
1:55	0	135	21,7	1571	1519	0,97	15	2247	34,2	7,9	78,6	3,94	2,91	1,03	0,26	22	23	07:32:53	138
1:58	0	135	24,3	1760	1634	0,93	16	2170	35,2	8,7	78,0	3,70	2,75	0,95	0,26	20	22	07:32:56	138
2:00	0	135	28,0	2024	1862	0,92	17	2316	40,1	10,0	74,9	3,46	2,38	1,09	0,31	20	22	07:32:58	138
2:03	0	135	30,0	2170	2010	0,93	17	2543	43,8	10,8	72,6	3,49	2,30	1,19	0,34	20	22	07:33:01	138
2:05	0	135	28,4	2053	1913	0,93	17	2431	42,1	10,2	73,7	3,47	2,31	1,16	0,34	20	22	07:33:03	140
2:08	0	135	27,9	2016	1898	0,94	18	2335	41,9	10,1	73,8	3,35	2,21	1,13	0,34	21	22	07:33:06	140
2:11	0	136	30,2	2187	2065	0,94	22	2068	45,7	10,9	71,4	2,71	1,71	1,00	0,37	21	22	07:33:09	141
2:14	0	136	31,4	2268	2145	0,95	22	2131	47,6	11,3	70,3	2,69	1,73	0,96	0,36	21	22	07:33:12	141
2:16	0	136	30,2	2180	2085	0,96	23	1980	46,0	10,9	71,2	2,58	1,68	0,90	0,35	21	22	07:33:14	141
2:20	0	137	30,0	2169	2097	0,97	21	2179	46,1	10,9	71,2	2,83	1,77	1,06	0,37	21	22	07:33:18	143
2:24	0	137	28,7	2075	2013	0,97	22	2023	44,1	10,4	72,4	2,75	1,73	1,02	0,37	21	22	07:33:22	144
2:26	0	137	29,6	2140	2083	0,97	20	2234	45,7	10,7	71,4	2,93	1,78	1,15	0,39	21	22	07:33:24	144
2:29	0	137	30,1	2173	2105	0,97	21	2244	46,2	10,9	71,1	2,91	1,76	1,16	0,40	21	22	07:33:27	144
2:32	0	137	31,0	2240	2158	0,96	21	2221	47,5	11,2	70,3	2,81	1,75	1,06	0,38	21	22	07:33:30	144
2:36	0	138	28,6	2065	1999	0,97	20	2238	44,4	10,4	72,3	3,03	1,88	1,14	0,38	21	22	07:33:34	145
2:38	0	138	29,0	2097	2035	0,97	19	2329	45,0	10,5	71,9	3,11	1,93	1,18	0,38	21	22	07:33:36	146
2:41	0	138	28,9	2087	2022	0,97	20	2237	44,6	10,5	72,1	3,01	1,91	1,10	0,36	21	22	07:33:39	146
2:44	0	138	30,9	2233	2135	0,96	22	2079	46,8	11,2	70,8	2,67	1,71	0,96	0,36	21	22	07:33:42	146
2:47	0	139	28,1	2030	1965	0,97	21	2100	43,2	10,2	73,0	2,92	1,84	1,08	0,37	21	22	07:33:45	147
2:50	0	139	28,1	2030	1965	0,97	21	2100	43,2	10,2	73,0	2,92	1,84	1,08	0,37	21	22	07:33:48	147
2:52	0	139	28,4	2050	1970	0,96	21	2074	43,6	10,3	72,7	2,85	1,77	1,08	0,38	21	22	07:33:50	147
2:55	0	140	30,6	2214	2117	0,96	22	2116	46,7	11,1	70,8	2,72	1,68	1,03	0,38	21	22	07:33:53	150
2:57	0	140	30,1	2176	2066	0,95	23	2014	45,8	10,9	71,4	2,64	1,66	0,98	0,37	21	22	07:33:55	152
3:00	0	140	29,9	2161	2040	0,94	23	1964	45,1	10,8	71,8	2,62	1,64	0,98	0,37	21	22	07:33:58	152
3:03	0	140	31,3	2266	2112	0,93	23	2033	46,2	11,3	71,1	2,64	1,62	1,02	0,39	20	22	07:34:01	152
3:05	0	140	32,5	2347	2213	0,94	23	2155	49,2	11,7	69,2	2,63	1,60	1,03	0,39	21	22	07:34:03	151
3:07	0	140	32,2	2326	2234	0,96	24	2131	50,7	11,6	68,3	2,52	1,59	0,93	0,37	22	23	07:34:05	149
3:10	0	141	31,0	2244	2188	0,98	23	2140	49,7	11,3	68,9	2,58	1,66	0,92	0,36	22	23	07:34:08	148
3:13	0	141	31,1	2252	2193	0,97	24	2055	49,3	11,3	69,2	2,50	1,64	0,86	0,35	22	22	07:34:11	148
3:17	0	141	31,1	2252	2193	0,97	24	2055	49,3	11,3	69,2	2,50	1,64	0,86	0,35	22	22	07:34:15	148
3:19	0	142	31,3	2262	2212	0,98	25	2001	49,6	11,4	69,0	2,42	1,65	0,77	0,32	22	22	07:34:17	148
3:24	0	142	29,9	2165	2091	0,97	21	2216	45,5	10,9	71,6	2,92	2,04	0,88	0,30	21	22	07:34:22	148
3:27	0	142	29,1	2103	2028	0,96	19	2284	43,8	10,5	72,6	3,13	2,14	0,99	0,32	21	22	07:34:25	148
3:30	0	142	29,1	2102	2028	0,96	19	2284	43,8	10,5	72,6	3,13	2,14	0,99	0,32	21	22	07:34:28	148
3:33	0	142	30,6	2209	2124	0,96	19	2449	45,9	11,1	71,3	3,20	2,14	1,06	0,33	21	22	07:34:31	148
3:37	0	143	29,4	2125	2053	0,97	18	2516	44,4	10,7	72,2	3,40	2,21	1,19	0,35	21	22	07:34:35	150
3:41	0	143	31,0	2245	2127	0,95	18	2489	45,7	11,2	71,4	3,26	2,22	1,05	0,32	20	22	07:34:39	149
3:44	0	143	31,5	2280	2155	0,95	18	2568	46,6	11,4	70,8	3,30	2,23	1,07	0,32	20	22	07:34:42	150
3:46	0	144	33,6	2427	2306	0,95	20	2479	50,6	12,1	68,4	2,94	1,90	1,04	0,35	21	22	07:34:44	150
3:49	0	144	34,5	2498	2387	0,96	21	2578	53,2	12,5	66,8	2,91	1,88	1,03	0,35	21	22	07:34:47	151
3:52	0	144	32,2	2330	2236	0,96	20	2436	49,9	11,7	68,8	2,93	1,94	0,99	0,34	21	22	07:34:50	151
3:54	0	144	31,8	2301	2203	0,96	21	2285	48,7	11,5	69,5	2,81	1,94	0,87	0,31	21	22	07:34:52	151
3:57	0	145	33,4	2414	2327	0,96	21	2500	51,7	12,1	67,7	2,90	1,90	1,00	0,35	21	22	07:34:55	151
4:00	0	145	32,9	2378	2332	0,98	22	2415	52,5	12,0	67,1	2,76	1,78	0,98	0,35	22	23	07:34:58	151
4:02	0	145	32,5	2347	2322	0,99	22	2405	52,4	11,8	67,2	2,75	1,76	0,99	0,36	22	23	07:35:00	152
4:07	0	145	30,1	2180	2176	1,00	20	2438	48,6	11,0	69,6	3,01	1,91	1,10	0,37	22	22	07:35:05	154
4:09	0	145	29,5	2130	2111	0,99	21	2246	46,6	10,7	70,8	2,89	1,91	0,98	0,34	22	22	07:35:07	156
4:12	0	146	31,5	2279	2204	0,97	24	2023	48,1	11,4	69,9	2,52	1,74	0,79	0,31	21	22	07:35:10	156
4:14	0	146	31,2	2253	2162	0,96	24	1982	47,3	11,3	70,4	2,51	1,67	0,85	0,34	21	22	07:35:12	157
4:16	0	146	29,1	2105	2054	0,98	21	2120	45,3	10,6	71,7	2,81	1,81	1,00	0,36	22	22	07:35:14	157
4:19	0	146	29,6	2138	2082	0,97	21	2157	45,8	10,7	71,3	2,82	1,82	1,01	0,36	21	22	07:35:17	157
4:22	0	147	29,8	2156	2074	0,96	21	2129	45,6	10,8	71,5	2,80	1,79	1,01	0,36	21	22	07:35:20	157
4:24	0	147	32,3	2333	2190	0,94	24	1989	48,2	11,6	69,9	2,48	1,62	0,86	0,35	21	22	07:35:22	157
4:27	0	147	31,5	2279	2137	0,94	24	1975	47,6	11,3	70,2	2,49	1,59	0,90	0,36	21	22	07:35:25	157
4:29	0	147	31,2	2259	2127	0,94	24	2007	47,7	11,3	70,2	2,53	1,60	0,92	0,37	21	22	07:35:27	156
4:32	0	147	31,4	2271	2161	0,95	23	2136	48,3	11,3	69,8	2,65	1,68	0,97	0,37	21	22	07:35:30	155
4:35	0	148	32,7	2364	2248	0,95	23	2206	50,5	11,8	68,4	2,62	1,65	0,97	0,37	21	22	07:35:33	155
4:38	0	148	31,4	2273	2181	0,96	23	2165	49,3	11,4	69,2	2,64	1,67	0,96	0,36	22	23	07:35:36	155
4:41	0	148	30,8	2228	2141	0,96	22	2162	47,7	11,2	70,2	2,72	1,75	0,97	0,36	21	22	07:35:39	156
4:44	0	148	30,9	2233	2153	0,96	21	2216	47,6	11,2	70,3	2,79	1,77	1,02	0,37	21	22	07:35:42	156
4:47	0	149	32,1	2321	2239	0,96	21	2328	49,6	11,6	69,0	2,82	1,77	1,05	0,37	21	22	07:35:45	158
4:50	0	149	32,1	2322	2255	0,97	21	2410	50,3	11,7	68,6	2,88	1,80	1,08	0,38	22	22	07:35:48	158
4:52	0	149	32,4	2342	2271	0,97	22	2377	51,1	11,7	68,0	2,79	1,76	1,03	0,37	22	23	07:35:50	158
4:53	0	149	33,2	2402	2335	0,97	22	2370	52,7	12,1	67,1	2,70	1,70	1,00	0,37	22	23	07:35:51	160
Départ Exercice																			
4:55	0	200	34,9	2525	2461	0,97	25	2303	57,0	12,7	64,4	2,42	1,52	0,91	0,37	23	23	07:35:53	160
4:56	0	200	36,9	2667	2593	0,97	27	2220	61,0	13,4	61,9	2,18	1,38	0,80	0,37	23	24	07:35:54	160
4:59	0	200	36,3	2627	2568	0,98	28	2196	61,0	13,2	61,9	2,16	1,39	0,77	0,35	23	24	07:35:57	162
5:01	0	200	36,1	2611	2588	0,99	28	2232	62,4	13,2	61,0	2,15	1,39	0,76	0,35	24	24	07:35:59	162
5:05	0	200	35,5	2568	2573	1,00	26	2387	61,5	13,0	61,6	2,33	1,42	0,91	0,39	24	24	07:36:03	163
5:07	0	200	33,9	2449	2460	1,00	25	2339	58,2	12,4	63,6	2,41	1,48	0,93	0,38	24	24	07:36:05	163
5:10	0	200	33,4	2415	2414	1,00	23	2414	55,9	12,2	65,0	2,59	1,59	1,00	0,39	23	23	07:36:08	165
5:13	0	200	33,3	2411	2416	1,00	21	2589	55,0	12,2	65,6	2,83	1,72	1,10	0,39	23	23	07:36:11	168
5:15	0	200	33,1	2395	2396	1,00	22	2473	54,7	12,1	65,8	2,71	1,65	1,07	0,39	23	23	07:36:13	169
5:18	0	200	34,3	2483	2485	1,00	22	2602	56,6	12,5	64,6	2,76	1,66	1,10	0,40	23	23	07:36:16	169
5:20	0	200	35,4	2559	2545	0,99	22	2644	57,1	12,9	64,3	2,78	1,68	1,09	0,39	22	22	07:36:18	169
5:24	0	200	35,9	2593	2557	0,99	24	2405	57,3	13,1	64,1	2,52	1,61	0,91	0,36	22	22	07:36:22	169
5:26	0	200	37,6	2717	2653	0,98	24	2489	59,2	13,7	63,0	2,52	1,59	0,94	0,37	22	22	07:36:24	169
5:30	0	200	35,5	2569	2538	0,99	21	2646	56,7	12,9	64,6	2,80	1,82	0,98	0,35	22	22	07:36:28	169
5:32	0	200	34,8	2516	2449	0,97	22	2458	54,1	12,6	66,2	2,73	1,80	0,93	0,34	21	22	07:36:30	169
5:36	0	200	34,6	2500	2414	0,97	20	2599	52,7	12,5	67,1	2,96	1,92	1,04	0,35	21	22	07:36:34	169
5:38	0	200	34,9	2525	2407	0,95	21	2522	52,2	12,6	67,4	2,90	1,91	0,99	0,34	21	22	07:36:36	169
5:41	0	200	34,0	2456	2334	0,95	20	2501	50,5	12,3	68,5	2,97	1,94	1,04	0,35	21	22	07:36:39	169
5:43	0	200	36,4	2634	2447	0,93	22	2336	52,3	13,1	67,3	2,68	1,70	0,98	0,37	20	21	07:36:41	169
5:46	0	200	36,0	2600	2424	0,93	22	2335	52,0	12,9	67,5	2,69	1,68	1,02	0,38	20	21	07:36:44	170
5:48	0	200	37,0	2678	2500	0,93	22	2398	53,8	13,3	66,4	2,68	1,66	1,02	0,38	20	22	07:36:46	170
5:50	0	200	37,3	2697	2528	0,94	24	2304	54,5	13,4	65,9	2,54	1,63	0,91	0,36	20	22	07:36:48	170
5:52	0	200	38,4	2778	2616	0,94	26	2219	56,9	13,9	64,4	2,34	1,53	0,81	0,35	20	22	07:36:50	170
5:55	0	200	38,8	2804	2657	0,95	26	2253	58,2	14,0	63,6	2,32	1,50	0,83	0,36	21	22	07:36:53	170
5:57	0	200	38,9	2814	2681	0,95	26	2313	59,7	14,1	62,7	2,33	1,48	0,84	0,36	21	22	07:36:55	170
5:58	0	200	37,8	2734	2620	0,96	26	2232	58,5	13,7	63,4	2,29	1,48	0,81	0,35	21	22	07:36:56	170
6:00	0	200	39,5	2857	2760	0,97	27	2322	61,9	14,3	61,3	2,25	1,48	0,78	0,34	22	22	07:36:58	170
6:02	0	200	39,9	2885	2804	0,97	27	2351	62,9	14,5	60,7	2,24	1,46	0,78	0,35	22	22	07:37:00	170
6:06	0	200	39,9	2882	2842	0,99	25	2609	64,3	14,5	59,8	2,44	1,53	0,90	0,37	22	23	07:37:04	170
6:09	0	200	35,7	2581	2553	0,99	23	2463	57,5	13,0	64,1	2,57	1,69	0,88	0,34	22	23	07:37:07	170
6:11	0	200	33,9	2454	2417	0,99	23	2378	53,9	12,4	66,3	2,65	1,75	0,89	0,34	22	22	07:37:09	169
6:13	0	200	35,0	2530	2472	0,98	23	2392	54,3	12,7	66,0	2,64	1,75	0,89	0,34	21	22	07:37:11	169
6:16	0	200	39,6	2860	2776	0,97	24	2525	61,3	14,4	61,7	2,47	1,58	0,90	0,36	21	22	07:37:14	169
6:18	0	200	37,3	2699	2622	0,97	23	2476	57,3	13,5	64,2	2,59	1,67	0,93	0,36	21	22	07:37:16	169
6:21	0	200	35,8	2590	2526	0,98	23	2422	54,9	13,0	65,7	2,65	1,69	0,96	0,36	21	22	07:37:19	169
6:24	0	200	32,8	2374	2292	0,97	23	2161	49,1	11,9	69,3	2,64	1,78	0,86	0,33	21	21	07:37:22	169
6:25	0	200	32,5	2347	2255	0,96	24	2069	48,7	11,7	69,5	2,55	1,68	0,87	0,34	21	22	07:37:23	169
6:27	0	200	33,8	2446	2350	0,96	24	2115	51,3	12,2	67,9	2,47	1,62	0,85	0,35	21	22	07:37:25	169
6:29	0	200	34,0	2458	2336	0,95	24	2121	50,5	12,3	68,4	2,52	1,64	0,88	0,35	21	22	07:37:27	169
6:31	0	200	35,2	2543	2384	0,94	24	2150	51,2	12,7	68,0	2,52	1,63	0,89	0,35	20	21	07:37:29	168
6:33	0	200	37,3	2694	2486	0,92	25	2136	54,0	13,4	66,2	2,37	1,53	0,85	0,36	20	22	07:37:31	168
6:36	0	200	37,5	2710	2503	0,92	25	2209	54,5	13,5	65,9	2,43	1,56	0,87	0,36	20	22	07:37:34	167
6:38	0	200	41,6	3010	2785	0,93	26	2361	60,4	14,9	62,2	2,35	1,48	0,86	0,37	20	22	07:37:36	168
6:41	0	200	43,6	3150	2931	0,93	26	2459	63,1	15,7	60,5	2,34	1,46	0,88	0,38	20	22	07:37:39	167
6:43	0	200	42,5	3074	2905	0,95	26	2409	63,0	15,3	60,6	2,29	1,44	0,86	0,37	20	22	07:37:41	167
6:45	0	200	42,4	3064	2944	0,96	27	2449	64,9	15,3	59,4	2,26	1,40	0,86	0,38	21	22	07:37:43	168
6:48	0	200	40,8	2951	2852	0,97	26	2464	63,3	14,8	60,4	2,34	1,45	0,88	0,38	21	22	07:37:46	168
6:50	0	200	40,7	2946	2890	0,98	25	2561	63,5	14,8	60,3	2,42	1,53	0,89	0,37	22	22	07:37:48	171
6:53	0	200	40,7	2946	2889	0,98	25	2561	63,5	14,8	60,3	2,42	1,53	0,89	0,37	22	22	07:37:51	171
6:56	0	200	40,9	2957	2906	0,98	24	2652	63,6	14,9	60,2	2,50	1,62	0,89	0,35	22	22	07:37:54	173
6:59	0	200	38,6	2793	2749	0,98	24	2499	60,5	14,1	62,2	2,48	1,60	0,87	0,35	22	22	07:37:57	173
7:01	0	200	38,6	2794	2749	0,98	24	2499	60,5	14,1	62,2	2,48	1,60	0,87	0,35	22	22	07:37:59	173
7:03	0	200	38,8	2808	2746	0,98	25	2446	60,2	14,1	62,3	2,44	1,60	0,84	0,34	21	22	07:38:01	173
7:06	0	200	39,0	2816	2725	0,97	24	2414	58,8	14,1	63,3	2,46	1,56	0,90	0,37	21	22	07:38:04	173
7:08	0	200	39,4	2846	2725	0,96	25	2318	58,5	14,2	63,4	2,38	1,52	0,86	0,36	21	21	07:38:06	173
7:09	0	200	41,6	3010	2866	0,95	27	2287	62,0	15,0	61,2	2,21	1,44	0,78	0,35	21	22	07:38:07	173
7:11	0	200	42,1	3043	2898	0,95	29	2213	63,5	15,2	60,3	2,09	1,32	0,77	0,37	21	22	07:38:09	173
7:14	0	200	44,4	3208	3062	0,95	30	2238	67,4	16,0	57,9	1,99	1,31	0,69	0,35	21	22	07:38:12	173
7:16	0	200	43,1	3119	3018	0,97	31	2230	68,1	15,6	57,4	1,97	1,27	0,70	0,36	22	23	07:38:14	174
7:18	0	200	42,0	3039	2998	0,99	29	2319	67,7	15,3	57,7	2,05	1,31	0,75	0,36	22	23	07:38:16	174
7:20	0	200	42,8	3095	3033	0,98	31	2247	68,7	15,6	57,0	1,96	1,27	0,70	0,35	22	23	07:38:18	175
7:23	0	200	40,6	2938	2926	1,00	29	2283	66,9	14,8	58,2	2,05	1,32	0,73	0,36	23	23	07:38:21	175
7:25	0	200	40,3	2914	2928	1,00	29	2320	66,5	14,7	58,4	2,09	1,36	0,73	0,35	23	23	07:38:23	176
7:27	0	200	41,0	2968	2988	1,01	29	2350	67,7	15,0	57,7	2,08	1,35	0,73	0,35	23	23	07:38:25	177
7:29	0	200	40,6	2933	2988	1,02	27	2493	68,1	14,8	57,5	2,20	1,42	0,78	0,35	23	23	07:38:27	179
7:32	0	200	39,7	2873	2936	1,02	26	2585	66,2	14,5	58,6	2,34	1,48	0,86	0,37	23	23	07:38:30	179
7:35	0	200	41,4	2995	3010	1,01	26	2606	67,3	15,1	57,9	2,32	1,44	0,88	0,38	22	22	07:38:33	179
7:37	0	200	41,8	3025	3027	1,00	25	2666	67,4	15,3	57,8	2,37	1,46	0,91	0,39	22	22	07:38:35	179
7:39	0	200	43,4	3135	3117	0,99	26	2647	70,0	15,8	56,3	2,27	1,43	0,84	0,37	22	22	07:38:37	179
7:41	0	200	43,4	3140	3114	0,99	27	2654	70,4	15,8	56,0	2,26	1,43	0,84	0,37	22	23	07:38:39	179
7:43	0	200	43,4	3140	3114	0,99	27	2654	70,4	15,8	56,0	2,26	1,43	0,84	0,37	22	23	07:38:41	179
7:45	0	200	43,9	3174	3137	0,99	28	2577	71,5	16,0	55,3	2,16	1,37	0,79	0,37	23	23	07:38:43	179
7:47	0	200	43,9	3174	3137	0,99	28	2577	71,5	16,0	55,3	2,16	1,37	0,79	0,37	23	23	07:38:45	179
7:50	0	200	42,3	3058	3080	1,01	28	2540	71,7	15,4	55,2	2,13	1,38	0,74	0,35	23	23	07:38:48	179
7:53	0	200	41,6	3005	3052	1,02	28	2523	71,3	15,2	55,4	2,12	1,39	0,73	0,34	24	23	07:38:51	179
7:55	0	200	41,3	2988	3036	1,02	28	2490	70,9	15,1	55,7	2,11	1,37	0,74	0,35	24	23	07:38:53	179
7:57	0	200	41,5	3000	3056	1,02	28	2534	71,7	15,1	55,2	2,12	1,38	0,74	0,35	24	23	07:38:55	179
7:59	0	200	39,7	2871	2954	1,03	26	2662	68,9	14,5	56,9	2,32	1,47	0,85	0,36	24	23	07:38:57	178
8:01	0	200	38,5	2784	2871	1,03	26	2573	67,1	14,1	58,1	2,30	1,45	0,85	0,37	24	23	07:38:59	178
8:04	0	200	37,9	2737	2807	1,03	26	2531	64,8	13,8	59,5	2,34	1,47	0,87	0,37	24	23	07:39:02	178
8:06	0	200	37,8	2733	2742	1,00	27	2289	62,4	13,8	61,0	2,20	1,42	0,78	0,35	23	23	07:39:04	179
8:08	0	200	38,8	2804	2777	0,99	27	2294	62,7	14,1	60,8	2,19	1,40	0,79	0,36	22	23	07:39:06	179
8:10	0	200	38,8	2808	2749	0,98	28	2206	62,1	14,1	61,2	2,13	1,37	0,76	0,36	22	23	07:39:08	180
8:13	0	200	38,2	2761	2694	0,98	28	2182	60,5	13,9	62,1	2,16	1,37	0,79	0,36	22	22	07:39:11	180
8:17	0	200	37,5	2708	2654	0,98	26	2239	58,9	13,6	63,2	2,28	1,45	0,83	0,36	22	22	07:39:15	180
8:19	0	200	37,3	2694	2584	0,96	26	2170	57,0	13,5	64,4	2,29	1,48	0,80	0,35	21	22	07:39:17	180
8:21	0	200	39,3	2839	2689	0,95	27	2178	59,4	14,2	62,9	2,20	1,43	0,77	0,35	21	22	07:39:19	179
8:23	0	200	40,2	2905	2709	0,93	28	2146	60,1	14,5	62,4	2,14	1,37	0,77	0,36	21	22	07:39:21	179
8:25	0	200	40,3	2916	2691	0,92	28	2139	60,0	14,5	62,5	2,14	1,36	0,78	0,36	21	22	07:39:23	178
8:27	0	200	40,4	2923	2694	0,92	27	2188	60,1	14,5	62,4	2,19	1,36	0,82	0,38	21	22	07:39:25	177
8:29	0	200	41,8	3024	2747	0,91	28	2169	60,9	15,0	61,9	2,14	1,36	0,77	0,36	20	22	07:39:27	176
8:30	0	200	43,7	3160	2899	0,92	30	2213	65,7	15,7	58,9	2,02	1,26	0,76	0,38	21	23	07:39:28	176
8:33	0	200	43,7	3161	2900	0,92	30	2213	65,7	15,7	58,9	2,02	1,26	0,76	0,38	21	23	07:39:31	176
8:35	0	200	43,9	3174	2965	0,93	30	2264	67,9	15,8	57,5	2,00	1,24	0,76	0,38	21	23	07:39:33	177
8:37	0	200	44,8	3235	3069	0,95	29	2405	70,7	16,2	55,8	2,04	1,28	0,76	0,37	22	23	07:39:35	176
8:40	0	200	43,2	3126	3019	0,97	28	2446	69,3	15,7	56,7	2,12	1,34	0,78	0,37	22	23	07:39:38	178
8:42	0	200	43,8	3167	3083	0,97	28	2493	70,4	15,9	56,0	2,12	1,37	0,75	0,35	22	23	07:39:40	179
8:44	0	200	43,8	3167	3083	0,97	28	2493	70,4	15,9	56,0	2,12	1,37	0,75	0,35	22	23	07:39:42	180
8:46	0	200	44,1	3192	3109	0,97	28	2483	70,5	16,0	55,9	2,11	1,37	0,75	0,35	22	23	07:39:44	180
8:48	0	200	44,2	3193	3114	0,98	28	2556	70,8	16,0	55,7	2,17	1,40	0,77	0,35	22	23	07:39:46	181
8:50	0	200	43,6	3155	3078	0,98	28	2553	70,3	15,8	56,0	2,18	1,40	0,78	0,36	22	23	07:39:48	181
8:53	0	200	44,2	3192	3124	0,98	28	2580	71,7	16,0	55,2	2,16	1,39	0,77	0,36	22	23	07:39:51	181
8:55	0	200	44,4	3211	3152	0,98	29	2568	73,5	16,1	54,1	2,10	1,33	0,77	0,37	23	23	07:39:53	181
8:57	0	200	45,0	3256	3216	0,99	28	2687	75,6	16,4	52,8	2,13	1,35	0,79	0,37	23	23	07:39:55	181
9:00	0	200	43,0	3106	3068	0,99	27	2681	71,6	15,6	55,2	2,25	1,41	0,83	0,37	23	23	07:39:58	181
9:03	0	200	42,5	3072	3036	0,99	25	2832	70,2	15,5	56,1	2,42	1,52	0,90	0,37	23	23	07:40:01	181
9:05	0	200	43,8	3170	3088	0,97	27	2669	71,7	15,9	55,2	2,23	1,43	0,81	0,36	23	23	07:40:03	180
9:07	0	200	43,1	3114	3024	0,97	27	2593	70,6	15,6	55,8	2,20	1,41	0,79	0,36	23	23	07:40:05	179
9:09	0	200	43,4	3136	3054	0,97	27	2643	71,2	15,7	55,5	2,23	1,44	0,79	0,35	23	23	07:40:07	178
9:11	0	200	43,0	3112	2991	0,96	28	2492	69,7	15,6	56,4	2,15	1,38	0,76	0,36	22	23	07:40:09	178
9:13	0	200	42,0	3037	2905	0,96	28	2393	67,8	15,2	57,6	2,12	1,35	0,76	0,36	22	23	07:40:11	178
9:15	0	200	42,3	3062	2930	0,96	29	2346	67,7	15,3	57,7	2,08	1,33	0,75	0,36	22	23	07:40:13	178
9:17	0	200	43,2	3122	2992	0,96	31	2281	70,0	15,6	56,2	1,95	1,25	0,71	0,36	22	23	07:40:15	178
9:19	0	200	42,8	3098	2998	0,97	31	2269	71,0	15,5	55,6	1,92	1,21	0,71	0,37	23	24	07:40:17	180
9:21	0	200	42,4	3067	2993	0,98	31	2292	71,3	15,4	55,4	1,93	1,21	0,72	0,37	23	24	07:40:19	180
9:23	0	200	42,3	3057	2989	0,98	31	2292	71,2	15,4	55,5	1,93	1,21	0,72	0,37	23	24	07:40:21	180
9:24	0	200	43,3	3132	3081	0,98	31	2339	73,6	15,8	54,0	1,91	1,22	0,69	0,36	24	24	07:40:22	182
9:26	0	200	42,3	3060	2995	0,98	32	2221	71,5	15,4	55,3	1,86	1,18	0,69	0,37	23	24	07:40:24	183
9:28	0	200	43,8	3169	3114	0,98	32	2343	74,4	15,9	53,5	1,89	1,21	0,68	0,36	23	24	07:40:26	183
9:30	0	200	44,3	3202	3137	0,98	31	2375	74,2	16,1	53,6	1,92	1,21	0,71	0,37	23	24	07:40:28	183
9:32	0	200	43,5	3145	3071	0,98	30	2382	72,5	15,8	54,6	1,97	1,23	0,74	0,38	23	24	07:40:30	183
9:34	0	200	43,7	3157	3072	0,97	30	2378	72,0	15,8	55,0	1,98	1,23	0,75	0,38	23	23	07:40:32	183
9:37	0	200	42,4	3065	2976	0,97	28	2477	68,7	15,4	57,0	2,16	1,35	0,81	0,37	22	23	07:40:35	183
9:40	0	200	39,4	2849	2750	0,97	25	2510	63,2	14,3	60,5	2,38	1,52	0,86	0,36	22	23	07:40:38	183
9:42	0	200	43,6	3154	3029	0,96	27	2556	68,9	15,8	56,9	2,23	1,39	0,84	0,38	22	23	07:40:40	183
9:44	0	200	41,4	2994	2894	0,97	27	2466	66,7	15,0	58,3	2,22	1,38	0,84	0,38	22	23	07:40:42	183
9:46	0	200	41,8	3024	2901	0,96	27	2438	66,4	15,1	58,5	2,20	1,39	0,81	0,37	22	23	07:40:44	183
9:48	0	200	42,6	3081	2957	0,96	27	2486	67,7	15,4	57,7	2,20	1,41	0,79	0,36	22	23	07:40:46	183
9:50	0	200	43,3	3134	3020	0,96	26	2625	69,5	15,7	56,6	2,27	1,44	0,83	0,36	22	23	07:40:48	182
9:52	0	200	44,0	3184	3057	0,96	29	2441	71,4	15,9	55,4	2,05	1,30	0,75	0,37	22	23	07:40:50	182
9:54	0	200	45,7	3308	3181	0,96	29	2542	74,5	16,6	53,4	2,05	1,29	0,75	0,37	23	23	07:40:52	182
9:57	0	200	44,5	3218	3147	0,98	29	2645	75,8	16,2	52,6	2,09	1,32	0,78	0,37	24	24	07:40:55	182
9:59	0	200	44,5	3219	3148	0,98	29	2645	75,8	16,2	52,6	2,09	1,32	0,78	0,37	24	24	07:40:57	182
10:01	0	200	44,2	3197	3149	0,99	28	2728	75,9	16,1	52,6	2,16	1,34	0,82	0,38	24	24	07:40:59	182
10:03	0	200	43,5	3143	3124	0,99	28	2708	75,8	15,8	52,6	2,14	1,32	0,82	0,38	24	24	07:41:01	182
10:05	0	200	43,3	3132	3118	1,00	29	2645	76,1	15,8	52,4	2,09	1,29	0,79	0,38	24	24	07:41:03	182
10:07	0	200	43,6	3153	3161	1,00	28	2756	78,2	15,9	51,1	2,12	1,30	0,82	0,39	25	25	07:41:05	182
10:10	0	200	42,1	3044	3055	1,00	28	2690	75,5	15,4	52,8	2,14	1,34	0,79	0,37	25	25	07:41:08	182
10:13	0	200	39,9	2882	2873	1,00	27	2566	69,6	14,5	56,5	2,21	1,40	0,81	0,37	24	24	07:41:11	182
10:15	0	200	41,1	2970	2911	0,98	29	2454	70,0	14,9	56,2	2,10	1,33	0,77	0,37	24	24	07:41:13	182
10:17	0	200	41,1	2970	2910	0,98	29	2454	70,0	14,9	56,2	2,10	1,33	0,77	0,37	24	24	07:41:15	182
10:19	0	200	42,0	3037	2952	0,97	28	2488	70,4	15,2	56,0	2,12	1,35	0,77	0,36	23	24	07:41:17	184
10:21	0	200	41,4	2994	2904	0,97	28	2441	69,1	15,0	56,8	2,12	1,35	0,77	0,36	23	24	07:41:19	184
10:24	0	200	40,2	2906	2820	0,97	27	2468	66,0	14,6	58,7	2,24	1,42	0,83	0,37	23	23	07:41:22	185
10:26	0	200	42,5	3076	2985	0,97	28	2519	70,0	15,4	56,2	2,16	1,37	0,79	0,37	23	23	07:41:24	185
10:28	0	200	44,5	3221	3098	0,96	29	2526	73,2	16,1	54,3	2,07	1,32	0,75	0,36	23	24	07:41:26	185
10:30	0	200	45,0	3257	3138	0,96	30	2518	74,5	16,3	53,4	2,03	1,29	0,74	0,36	23	24	07:41:28	185
10:31	0	200	44,5	3216	3113	0,97	31	2411	74,0	16,1	53,8	1,96	1,27	0,69	0,35	23	24	07:41:29	185
10:33	0	200	43,6	3151	3054	0,97	31	2323	72,7	15,8	54,5	1,92	1,24	0,67	0,35	23	24	07:41:31	185
10:35	0	200	43,8	3168	3063	0,97	32	2261	73,0	15,9	54,4	1,86	1,20	0,66	0,36	23	24	07:41:33	185
10:38	0	200	43,8	3168	3063	0,97	32	2261	73,0	15,9	54,4	1,86	1,20	0,66	0,36	23	24	07:41:36	185
10:40	0	200	43,5	3145	3024	0,96	34	2143	72,0	15,7	55,0	1,79	1,16	0,63	0,35	23	24	07:41:38	185
10:42	0	200	43,2	3121	3001	0,96	33	2144	71,3	15,6	55,4	1,80	1,16	0,64	0,36	23	24	07:41:40	185
10:44	0	200	41,7	3016	2913	0,97	32	2202	69,5	15,1	56,6	1,90	1,22	0,68	0,36	23	24	07:41:42	186
10:47	0	200	39,8	2874	2803	0,98	28	2346	66,5	14,4	58,4	2,12	1,33	0,79	0,37	23	24	07:41:45	186
10:49	0	200	40,6	2934	2826	0,96	26	2486	65,7	14,7	58,9	2,27	1,39	0,88	0,39	22	23	07:41:47	186
10:51	0	200	41,2	2978	2853	0,96	26	2502	65,8	14,9	58,9	2,28	1,39	0,89	0,39	22	23	07:41:49	186
10:54	0	200	43,8	3169	2967	0,94	28	2434	68,2	15,8	57,4	2,14	1,32	0,83	0,39	22	23	07:41:52	187
10:56	0	200	43,4	3135	2939	0,94	27	2504	68,4	15,6	57,3	2,20	1,32	0,88	0,40	22	23	07:41:54	185
10:59	0	200	41,4	2996	2821	0,94	24	2704	65,0	14,9	59,3	2,49	1,41	1,08	0,43	22	23	07:41:57	183
11:01	0	200	43,0	3109	2908	0,94	24	2765	66,9	15,5	58,2	2,48	1,40	1,08	0,43	22	23	07:41:59	182
11:03	0	200	44,9	3246	3024	0,93	27	2619	71,0	16,1	55,6	2,21	1,33	0,88	0,40	22	23	07:42:01	182
11:06	0	200	42,9	3102	2925	0,94	26	2635	69,5	15,5	56,5	2,27	1,41	0,87	0,38	22	24	07:42:04	181
11:09	0	200	40,6	2933	2787	0,95	24	2715	65,5	14,6	59,0	2,49	1,45	1,04	0,42	22	24	07:42:07	181
11:12	0	200	38,4	2778	2666	0,96	23	2744	62,2	13,9	61,1	2,65	1,54	1,11	0,42	22	23	07:42:10	181
11:16	0	200	37,5	2709	2553	0,94	20	2884	57,1	13,5	64,3	3,03	1,80	1,23	0,41	21	22	07:42:14	181
11:19	0	200	38,5	2781	2568	0,92	20	2828	56,6	13,8	64,6	3,00	1,84	1,15	0,39	20	22	07:42:17	181
11:22	0	200	39,3	2843	2590	0,91	19	2961	55,5	14,1	65,3	3,20	1,98	1,22	0,38	20	21	07:42:20	181
11:25	0	200	39,3	2842	2590	0,91	19	2961	55,5	14,1	65,3	3,20	1,98	1,22	0,38	20	21	07:42:23	181
11:27	0	200	39,5	2859	2582	0,90	19	2947	55,2	14,1	65,5	3,20	1,96	1,25	0,39	19	21	07:42:25	181
11:29	0	200	41,4	2991	2668	0,89	20	2833	56,8	14,7	64,5	2,99	1,87	1,13	0,38	19	21	07:42:27	181
11:32	0	200	44,7	3229	2864	0,89	23	2742	62,0	15,9	61,2	2,65	1,65	1,01	0,38	19	22	07:42:30	181
11:34	0	200	45,4	3280	2897	0,88	24	2631	63,1	16,1	60,6	2,50	1,57	0,93	0,37	19	22	07:42:32	181
11:36	0	200	44,3	3206	2868	0,89	24	2609	63,7	15,8	60,2	2,46	1,55	0,90	0,37	20	22	07:42:34	181
11:38	0	200	44,4	3211	2899	0,90	26	2513	66,0	15,9	58,8	2,29	1,43	0,85	0,37	21	23	07:42:36	181
11:41	0	200	42,0	3037	2764	0,91	26	2382	62,7	15,0	60,8	2,28	1,47	0,80	0,35	21	23	07:42:39	181
11:43	0	200	44,9	3249	2964	0,91	28	2460	67,9	16,1	57,6	2,17	1,41	0,77	0,35	21	23	07:42:41	181
11:45	0	200	44,7	3234	2969	0,92	27	2517	69,2	16,0	56,7	2,18	1,37	0,81	0,37	21	23	07:42:43	182
11:47	0	200	44,4	3209	2961	0,92	28	2474	69,9	15,9	56,3	2,12	1,33	0,79	0,37	22	24	07:42:45	182
11:49	0	200	45,0	3255	3033	0,93	29	2451	72,1	16,2	54,9	2,04	1,28	0,76	0,37	22	24	07:42:47	182
11:51	0	200	42,4	3068	2884	0,94	28	2500	69,4	15,3	56,6	2,16	1,40	0,77	0,35	23	24	07:42:49	182
11:54	0	200	42,2	3055	2902	0,95	27	2522	68,7	15,3	57,0	2,20	1,44	0,76	0,35	22	24	07:42:52	182
11:57	0	200	44,3	3201	3037	0,95	27	2649	71,6	16,0	55,2	2,22	1,30	0,92	0,41	22	24	07:42:55	182
11:59	0	200	43,5	3148	2942	0,93	29	2397	70,4	15,7	56,0	2,04	1,19	0,85	0,42	22	24	07:42:57	182
12:01	0	200	42,9	3104	2905	0,94	29	2363	68,8	15,5	57,0	2,06	1,23	0,83	0,40	22	24	07:42:59	182
12:03	0	200	43,1	3117	2910	0,93	29	2351	68,0	15,5	57,5	2,07	1,25	0,83	0,40	22	23	07:43:01	183
12:05	0	200	44,2	3199	2979	0,93	28	2448	68,6	15,9	57,1	2,14	1,28	0,86	0,40	21	23	07:43:03	185
12:07	0	200	46,0	3323	3125	0,94	30	2412	73,4	16,6	54,1	1,97	1,23	0,74	0,38	22	23	07:43:05	185
12:09	0	200	45,2	3267	3088	0,95	30	2423	72,8	16,3	54,5	2,00	1,28	0,72	0,36	22	24	07:43:07	185
12:11	0	200	46,1	3335	3159	0,95	30	2450	74,4	16,6	53,5	1,98	1,24	0,74	0,37	22	24	07:43:09	185
12:14	0	200	45,5	3290	3135	0,95	29	2539	73,5	16,4	54,0	2,07	1,32	0,76	0,36	22	23	07:43:12	185
12:16	0	200	46,2	3343	3206	0,96	29	2594	75,6	16,7	52,7	2,06	1,29	0,77	0,37	23	24	07:43:14	185
12:18	0	200	46,4	3357	3217	0,96	29	2625	76,2	16,8	52,3	2,07	1,29	0,78	0,38	23	24	07:43:16	186
12:20	0	200	47,3	3418	3246	0,95	29	2645	75,9	17,1	52,5	2,09	1,28	0,81	0,39	22	23	07:43:18	186
12:22	0	200	45,8	3311	3126	0,94	29	2508	73,0	16,5	54,4	2,06	1,29	0,77	0,37	22	23	07:43:20	186
12:24	0	200	46,7	3380	3163	0,94	30	2465	74,2	16,8	53,6	1,99	1,23	0,77	0,38	22	23	07:43:22	186
12:25	0	200	46,9	3390	3162	0,93	31	2416	74,6	16,9	53,3	1,94	1,20	0,75	0,38	22	24	07:43:23	187
12:27	0	200	48,5	3509	3291	0,94	31	2497	78,4	17,5	51,0	1,91	1,16	0,76	0,40	22	24	07:43:25	187
12:29	0	200	46,7	3379	3231	0,96	31	2508	78,7	16,9	50,8	1,91	1,20	0,71	0,37	23	24	07:43:27	187
12:32	0	200	45,7	3306	3213	0,97	30	2603	78,1	16,6	51,2	2,00	1,25	0,75	0,37	24	24	07:43:30	187
12:34	0	200	44,2	3199	3129	0,98	30	2509	76,1	16,1	52,4	1,98	1,25	0,73	0,37	24	24	07:43:32	187
12:36	0	200	44,7	3232	3176	0,98	29	2641	77,2	16,3	51,8	2,05	1,28	0,77	0,38	24	24	07:43:34	187
12:38	0	200	43,5	3144	3092	0,98	29	2535	74,8	15,8	53,2	2,03	1,28	0,76	0,37	24	24	07:43:36	187
12:47	0	200	43,5	3144	3092	0,98	29	2535	74,8	15,8	53,2	2,03	1,28	0,76	0,37	24	24	07:43:45	187
12:49	0	200	43,6	3151	3088	0,98	31	2444	74,9	15,8	53,2	1,96	1,26	0,70	0,36	24	24	07:43:47	187
12:50	0	200	44,0	3184	3085	0,97	32	2328	74,9	16,0	53,2	1,86	1,19	0,67	0,36	24	24	07:43:48	187
12:52	0	200	44,7	3232	3093	0,96	35	2141	75,4	16,2	52,9	1,70	1,11	0,60	0,35	23	24	07:43:50	187
12:54	0	200	45,3	3277	3137	0,96	36	2179	77,6	16,4	51,5	1,68	1,08	0,61	0,36	24	25	07:43:52	187
12:55	0	247	46,9	3391	3210	0,95	38	2125	80,2	16,9	49,9	1,59	1,02	0,57	0,36	24	25	07:43:53	188
12:57	0	247	47,0	3395	3230	0,95	37	2153	80,2	17,0	49,8	1,61	1,05	0,56	0,35	24	25	07:43:55	188
12:59	0	247	47,3	3417	3287	0,96	36	2300	81,6	17,1	49,0	1,69	1,06	0,63	0,38	24	25	07:43:57	188
13:00	0	247	46,9	3389	3287	0,97	35	2352	82,4	17,0	48,5	1,71	1,06	0,65	0,38	24	25	07:43:58	188
13:02	0	247	46,4	3352	3264	0,97	35	2347	82,9	16,8	48,1	1,70	1,04	0,66	0,39	25	25	07:44:00	188
13:04	0	247	45,0	3252	3210	0,99	33	2402	80,4	16,4	49,7	1,79	1,09	0,70	0,39	25	25	07:44:02	188
13:06	0	247	44,2	3196	3176	0,99	33	2405	78,6	16,1	50,9	1,84	1,12	0,71	0,39	25	25	07:44:04	189
13:08	0	247	44,1	3186	3148	0,99	33	2357	76,7	16,0	52,0	1,84	1,15	0,70	0,38	24	24	07:44:06	188
13:10	0	247	44,7	3235	3186	0,98	32	2383	77,0	16,3	51,9	1,86	1,14	0,72	0,39	24	24	07:44:08	189
13:12	0	247	43,8	3168	3138	0,99	30	2505	75,3	16,0	52,9	2,00	1,21	0,79	0,39	24	24	07:44:10	189
13:15	0	247	43,8	3166	3130	0,99	29	2570	74,2	15,9	53,6	2,08	1,26	0,82	0,39	23	24	07:44:13	192
13:16	0	247	45,1	3264	3209	0,98	29	2621	76,0	16,4	52,5	2,07	1,25	0,81	0,39	23	24	07:44:14	191
13:18	0	247	45,1	3263	3193	0,98	29	2590	75,9	16,4	52,5	2,05	1,25	0,80	0,39	23	24	07:44:16	191
13:20	0	247	46,1	3330	3231	0,97	31	2470	76,4	16,7	52,2	1,94	1,20	0,74	0,38	23	24	07:44:18	191
13:22	0	247	46,1	3335	3202	0,96	32	2368	75,9	16,7	52,6	1,87	1,16	0,71	0,38	23	24	07:44:20	191
13:24	0	247	46,6	3370	3218	0,95	31	2399	75,2	16,9	53,0	1,91	1,19	0,73	0,38	22	23	07:44:22	191
SV1																			
13:27	0	247	46,6	3369	3218	0,96	31	2399	75,2	16,8	53,0	1,91	1,19	0,73	0,38	22	23	07:44:25	191
13:28	0	247	47,0	3395	3227	0,95	32	2336	75,5	17,0	52,8	1,86	1,16	0,70	0,38	22	23	07:44:26	191
13:31	0	247	45,1	3260	3118	0,96	32	2323	73,4	16,3	54,1	1,90	1,21	0,69	0,36	23	24	07:44:29	191
13:33	0	247	45,5	3288	3142	0,96	30	2451	72,9	16,4	54,4	2,02	1,27	0,75	0,37	22	23	07:44:31	191
13:36	0	247	43,0	3108	3007	0,97	27	2601	70,4	15,6	56,0	2,22	1,37	0,85	0,38	23	23	07:44:34	190
13:38	0	247	43,7	3160	3063	0,97	26	2701	71,1	15,9	55,6	2,28	1,40	0,88	0,38	22	23	07:44:36	190
13:40	0	247	44,2	3194	3086	0,97	26	2696	71,0	16,0	55,6	2,28	1,44	0,83	0,37	22	23	07:44:38	190
13:42	0	247	47,4	3430	3255	0,95	29	2582	74,4	17,1	53,5	2,08	1,34	0,74	0,36	22	23	07:44:40	190
13:43	0	247	48,5	3506	3326	0,95	28	2677	76,2	17,5	52,4	2,11	1,34	0,77	0,37	22	23	07:44:41	189
13:45	0	247	48,6	3510	3328	0,95	30	2591	76,8	17,5	52,0	2,02	1,27	0,76	0,37	22	23	07:44:43	190
13:47	0	247	47,7	3450	3284	0,95	30	2505	76,2	17,2	52,3	1,97	1,27	0,71	0,36	22	23	07:44:45	190
13:50	0	247	48,9	3533	3367	0,95	29	2631	77,2	17,7	51,7	2,04	1,30	0,74	0,36	22	23	07:44:48	190
13:52	0	247	47,6	3442	3301	0,96	29	2613	76,6	17,2	52,1	2,05	1,28	0,76	0,37	22	23	07:44:50	189
13:53	0	247	47,0	3395	3266	0,96	30	2557	76,0	17,0	52,5	2,02	1,27	0,75	0,37	22	23	07:44:51	191
13:55	0	247	46,1	3335	3207	0,96	30	2481	74,6	16,7	53,4	2,00	1,26	0,73	0,37	22	23	07:44:53	190
13:57	0	247	46,1	3335	3207	0,96	30	2481	74,6	16,7	53,4	2,00	1,26	0,73	0,37	22	23	07:44:55	190
13:59	0	247	47,7	3451	3302	0,96	31	2458	77,3	17,3	51,7	1,91	1,19	0,71	0,37	22	23	07:44:57	190
14:00	0	247	48,0	3471	3336	0,96	32	2460	79,4	17,4	50,3	1,86	1,14	0,72	0,39	23	24	07:44:58	190
14:02	0	247	48,4	3499	3398	0,97	33	2502	82,0	17,6	48,7	1,83	1,13	0,70	0,38	23	24	07:45:00	190
14:05	0	247	48,4	3500	3398	0,97	33	2502	82,0	17,6	48,7	1,83	1,13	0,70	0,38	23	24	07:45:03	190
14:07	0	247	46,8	3386	3307	0,98	32	2486	79,1	17,0	50,6	1,89	1,18	0,70	0,37	23	24	07:45:05	190
14:10	0	247	43,8	3166	3133	0,99	29	2539	73,5	16,0	54,1	2,07	1,36	0,71	0,34	23	23	07:45:08	190
14:11	0	247	45,2	3271	3202	0,98	30	2500	74,0	16,4	53,7	2,03	1,34	0,68	0,34	23	23	07:45:09	190
14:13	0	247	44,6	3224	3183	0,99	29	2584	74,3	16,2	53,5	2,09	1,37	0,72	0,35	23	23	07:45:11	190
14:15	0	247	45,2	3265	3218	0,99	28	2628	74,2	16,4	53,6	2,12	1,40	0,73	0,34	23	23	07:45:13	190
14:17	0	247	46,1	3332	3255	0,98	29	2627	74,9	16,7	53,2	2,10	1,37	0,74	0,35	22	23	07:45:15	189
14:19	0	247	49,2	3558	3458	0,97	31	2643	80,7	17,9	49,6	1,97	1,21	0,76	0,38	23	23	07:45:17	191
14:21	0	247	49,8	3599	3522	0,98	30	2756	83,5	18,1	47,8	1,98	1,17	0,81	0,41	23	24	07:45:19	191
14:23	0	247	49,8	3599	3523	0,98	30	2756	83,5	18,1	47,8	1,98	1,17	0,81	0,41	23	24	07:45:21	191
14:26	0	247	47,6	3442	3404	0,99	29	2767	80,0	17,3	50,0	2,08	1,24	0,84	0,40	23	23	07:45:24	191
14:28	0	247	47,8	3453	3425	0,99	29	2789	80,9	17,4	49,4	2,07	1,22	0,85	0,41	23	24	07:45:26	190
14:30	0	247	47,4	3427	3406	0,99	29	2756	81,1	17,3	49,3	2,04	1,19	0,84	0,41	24	24	07:45:28	190
14:31	0	247	46,6	3371	3358	1,00	30	2647	80,4	17,0	49,8	1,98	1,17	0,80	0,41	24	24	07:45:29	190
14:33	0	247	47,0	3398	3403	1,00	31	2687	82,2	17,2	48,6	1,96	1,16	0,80	0,41	24	24	07:45:31	190
14:34	0	247	49,6	3589	3588	1,00	32	2741	86,8	18,1	45,7	1,89	1,15	0,74	0,39	24	24	07:45:32	191
14:36	0	247	50,4	3645	3643	1,00	34	2674	89,8	18,4	43,8	1,79	1,08	0,70	0,39	25	25	07:45:34	191
14:38	0	247	50,4	3645	3644	1,00	34	2674	89,8	18,4	43,8	1,79	1,08	0,70	0,39	25	25	07:45:36	191
14:41	0	247	47,0	3396	3430	1,01	32	2613	84,0	17,1	47,5	1,87	1,10	0,76	0,41	25	24	07:45:39	191
14:43	0	247	48,7	3521	3531	1,00	33	2616	85,5	17,8	46,5	1,84	1,09	0,74	0,40	24	24	07:45:41	191
14:45	0	247	49,6	3586	3588	1,00	32	2692	86,7	18,1	45,8	1,86	1,10	0,76	0,41	24	24	07:45:43	191
14:46	0	247	50,7	3665	3648	1,00	34	2585	88,7	18,5	44,5	1,75	1,04	0,71	0,41	24	24	07:45:44	194
14:48	0	247	47,9	3466	3476	1,00	32	2608	84,0	17,5	47,5	1,86	1,13	0,74	0,40	24	24	07:45:46	195
14:50	0	247	50,3	3638	3628	1,00	33	2614	87,2	18,4	45,5	1,80	1,10	0,70	0,39	24	24	07:45:48	194
14:51	0	247	51,6	3730	3686	0,99	36	2473	89,4	18,8	44,1	1,66	1,04	0,62	0,37	24	24	07:45:49	194
14:53	0	247	52,5	3799	3753	0,99	36	2507	89,6	19,1	44,0	1,68	1,06	0,62	0,37	24	24	07:45:51	194
14:55	0	247	49,4	3569	3568	1,00	33	2595	85,1	18,0	46,8	1,83	1,09	0,74	0,40	24	24	07:45:53	194
14:57	0	247	49,0	3542	3550	1,00	33	2585	84,7	17,9	47,1	1,83	1,11	0,72	0,40	24	24	07:45:55	194
14:59	0	247	47,5	3437	3448	1,00	32	2590	82,5	17,4	48,4	1,88	1,13	0,75	0,40	24	24	07:45:57	194
15:01	0	247	49,1	3547	3558	1,00	34	2522	86,6	17,9	45,9	1,75	1,10	0,65	0,37	24	24	07:45:59	194
15:02	0	247	48,5	3506	3535	1,01	34	2538	86,0	17,7	46,2	1,77	1,10	0,67	0,38	25	24	07:46:00	195
15:04	0	247	49,9	3605	3643	1,01	33	2670	88,9	18,2	44,4	1,80	1,12	0,68	0,38	25	24	07:46:02	194
15:06	0	247	51,3	3707	3724	1,00	35	2670	92,4	18,7	42,2	1,73	1,05	0,68	0,39	25	25	07:46:04	194
15:07	0	247	51,7	3740	3755	1,00	36	2595	94,5	18,9	40,9	1,65	1,02	0,63	0,38	25	25	07:46:05	193
15:09	0	247	51,1	3694	3728	1,01	36	2611	93,8	18,7	41,4	1,67	1,02	0,65	0,39	25	25	07:46:07	193
15:11	0	247	51,2	3700	3774	1,02	35	2687	95,1	18,7	40,6	1,70	1,01	0,69	0,40	26	25	07:46:09	194
15:12	0	247	50,6	3662	3757	1,03	36	2660	95,2	18,5	40,5	1,68	0,99	0,68	0,41	26	25	07:46:10	194
15:14	0	247	50,6	3657	3772	1,03	36	2657	96,5	18,5	39,7	1,65	0,99	0,66	0,40	26	26	07:46:12	194
15:16	0	247	50,1	3624	3774	1,04	36	2730	97,0	18,3	39,3	1,69	1,01	0,68	0,40	27	26	07:46:14	194
15:17	0	247	49,1	3548	3699	1,04	35	2700	94,8	17,9	40,7	1,71	1,01	0,69	0,41	27	26	07:46:15	194
15:19	0	247	49,1	3548	3699	1,04	35	2700	94,8	17,9	40,7	1,71	1,01	0,69	0,41	27	26	07:46:17	194
15:20	0	247	49,3	3561	3709	1,04	35	2702	95,7	18,0	40,2	1,69	1,01	0,69	0,41	27	26	07:46:18	195
15:22	0	247	48,4	3500	3628	1,04	36	2573	93,6	17,7	41,5	1,65	1,00	0,65	0,39	27	26	07:46:20	195
15:24	0	247	49,8	3603	3737	1,04	37	2647	96,9	18,2	39,4	1,64	1,00	0,64	0,39	27	26	07:46:22	195
15:26	0	247	49,6	3583	3722	1,04	36	2686	96,3	18,1	39,8	1,67	1,02	0,66	0,39	27	26	07:46:24	196
15:28	0	247	49,1	3553	3669	1,03	36	2628	94,8	17,9	40,8	1,66	1,02	0,64	0,38	27	26	07:46:26	196
15:29	0	247	49,1	3548	3668	1,03	36	2673	94,9	17,9	40,7	1,69	1,04	0,65	0,39	27	26	07:46:27	196
15:31	0	247	48,3	3493	3603	1,03	36	2622	93,8	17,6	41,4	1,68	1,03	0,65	0,39	27	26	07:46:29	196
15:32	0	247	47,7	3452	3556	1,03	35	2611	92,5	17,4	42,2	1,69	1,04	0,66	0,39	27	26	07:46:30	196
15:35	0	247	47,7	3452	3556	1,03	35	2611	92,5	17,4	42,2	1,69	1,04	0,66	0,39	27	26	07:46:33	197
15:37	0	247	46,4	3355	3468	1,03	32	2780	88,7	16,9	44,5	1,88	1,13	0,75	0,40	26	26	07:46:35	197
15:39	0	247	45,6	3294	3370	1,02	32	2648	85,4	16,6	46,6	1,86	1,13	0,73	0,39	26	25	07:46:37	197
15:40	0	247	45,9	3316	3383	1,02	33	2591	86,3	16,7	46,1	1,80	1,09	0,71	0,39	26	26	07:46:38	197
15:42	0	247	46,7	3375	3409	1,01	34	2566	86,5	17,0	45,9	1,78	1,08	0,70	0,39	26	25	07:46:40	197
15:44	0	247	46,9	3392	3405	1,00	33	2578	86,1	17,1	46,2	1,80	1,08	0,71	0,40	25	25	07:46:42	196
15:45	0	247	47,0	3395	3387	1,00	34	2540	85,6	17,1	46,5	1,78	1,07	0,71	0,40	25	25	07:46:43	196
15:47	0	247	48,0	3469	3422	0,99	37	2364	87,7	17,5	45,2	1,62	0,98	0,64	0,39	25	26	07:46:45	195
15:48	0	247	48,9	3538	3492	0,99	39	2356	90,8	17,8	43,2	1,56	0,94	0,61	0,39	26	26	07:46:46	195
15:50	0	247	50,6	3658	3634	0,99	38	2508	94,0	18,4	41,2	1,60	0,96	0,64	0,40	26	26	07:46:48	194
15:51	0	247	50,6	3658	3634	0,99	38	2508	94,0	18,4	41,2	1,60	0,96	0,64	0,40	26	26	07:46:49	194
15:53	0	247	49,9	3607	3620	1,00	37	2529	94,3	18,2	41,1	1,61	0,96	0,65	0,40	26	26	07:46:51	194
15:55	0	247	48,9	3539	3551	1,00	38	2465	93,0	17,9	41,8	1,59	0,95	0,64	0,40	26	26	07:46:53	194
15:58	0	247	49,9	3604	3580	0,99	35	2545	89,6	18,2	44,0	1,70	0,99	0,71	0,42	25	25	07:46:56	194
15:59	0	247	51,0	3687	3635	0,99	35	2554	89,9	18,6	43,8	1,70	1,01	0,70	0,41	24	25	07:46:57	194
16:01	0	247	52,0	3760	3703	0,98	34	2665	91,7	18,9	42,7	1,74	1,03	0,71	0,41	24	25	07:46:59	195
16:03	0	247	51,3	3705	3645	0,98	34	2652	90,1	18,6	43,7	1,77	1,04	0,73	0,41	24	25	07:47:01	195
16:04	0	247	50,9	3681	3621	0,98	35	2557	89,6	18,5	44,0	1,71	1,01	0,70	0,41	24	25	07:47:02	195
16:06	0	247	51,5	3724	3661	0,98	35	2598	90,8	18,7	43,2	1,72	1,01	0,71	0,41	24	25	07:47:04	195
16:07	0	247	52,3	3782	3749	0,99	37	2628	96,6	19,1	39,6	1,63	0,99	0,64	0,39	26	26	07:47:05	195
16:09	0	247	52,6	3805	3802	1,00	38	2649	99,3	19,2	37,9	1,60	0,99	0,61	0,38	26	26	07:47:07	195
16:10	0	247	52,6	3806	3844	1,01	39	2670	102,8	19,2	35,7	1,56	0,95	0,61	0,39	27	27	07:47:08	196
16:12	0	247	52,1	3768	3850	1,02	40	2636	104,3	19,0	34,8	1,52	0,92	0,60	0,39	28	27	07:47:10	197
16:13	0	247	52,3	3778	3882	1,03	40	2623	105,6	19,1	34,0	1,49	0,92	0,57	0,39	28	27	07:47:11	196
16:15	0	247	51,8	3748	3870	1,03	39	2689	105,7	18,9	33,9	1,53	0,92	0,61	0,40	28	27	07:47:13	196
16:16	0	247	51,4	3716	3869	1,04	39	2674	105,6	18,8	34,0	1,52	0,93	0,59	0,39	28	27	07:47:14	196
16:18	0	247	50,2	3628	3811	1,05	38	2762	103,6	18,3	35,2	1,60	0,96	0,64	0,40	29	27	07:47:16	196
16:20	0	247	50,0	3612	3785	1,05	39	2663	102,8	18,2	35,7	1,55	0,94	0,62	0,40	28	27	07:47:18	196
16:21	0	247	50,0	3612	3785	1,05	39	2663	102,8	18,2	35,7	1,55	0,94	0,62	0,40	28	27	07:47:19	196
16:23	0	247	49,6	3589	3759	1,05	38	2676	101,7	18,1	36,4	1,58	0,95	0,63	0,40	28	27	07:47:21	196
16:24	0	247	49,8	3598	3756	1,04	38	2661	101,8	18,2	36,3	1,57	0,94	0,63	0,40	28	27	07:47:22	194
16:26	0	247	50,2	3629	3785	1,04	38	2729	103,4	18,3	35,4	1,58	0,94	0,65	0,41	28	27	07:47:24	195
16:27	0	247	51,6	3733	3874	1,04	40	2655	106,3	18,9	33,5	1,50	0,89	0,61	0,41	28	27	07:47:25	194
16:29	0	247	51,6	3733	3874	1,04	40	2655	106,3	18,9	33,5	1,50	0,89	0,61	0,41	28	27	07:47:27	195
16:30	0	247	51,4	3717	3867	1,04	39	2697	105,9	18,8	33,8	1,53	0,90	0,63	0,41	28	27	07:47:28	196
16:32	0	247	49,3	3564	3724	1,04	38	2711	101,9	18,0	36,3	1,60	0,94	0,65	0,41	29	27	07:47:30	196
16:35	0	247	48,0	3467	3634	1,05	37	2706	100,1	17,5	37,4	1,62	0,96	0,66	0,41	29	28	07:47:33	198
16:36	0	247	49,0	3543	3676	1,04	36	2746	99,1	17,9	38,0	1,66	0,98	0,68	0,41	28	27	07:47:34	198
16:38	0	247	50,0	3614	3694	1,02	37	2650	98,6	18,2	38,3	1,61	0,96	0,65	0,40	27	27	07:47:36	199
16:39	0	247	49,0	3543	3636	1,03	37	2667	97,7	17,9	38,9	1,64	0,98	0,66	0,40	28	27	07:47:37	199
16:41	0	247	51,4	3716	3751	1,01	38	2603	100,0	18,8	37,5	1,56	0,94	0,63	0,40	27	27	07:47:39	199
16:43	0	247	50,9	3680	3701	1,01	37	2628	98,2	18,6	38,6	1,61	0,97	0,64	0,40	27	27	07:47:41	199
16:44	0	247	51,8	3749	3735	1,00	38	2592	98,2	18,9	38,6	1,58	0,96	0,63	0,40	26	26	07:47:42	199
16:46	0	247	51,8	3748	3735	1,00	38	2592	98,2	18,9	38,6	1,58	0,96	0,63	0,40	26	26	07:47:44	199
16:48	0	247	51,9	3752	3745	1,00	37	2646	98,4	18,9	38,5	1,61	0,97	0,64	0,40	26	26	07:47:46	200
16:49	0	247	50,6	3661	3669	1,00	36	2677	96,5	18,5	39,6	1,66	1,00	0,66	0,40	26	26	07:47:47	199
16:51	0	247	51,6	3730	3743	1,00	36	2713	98,5	18,8	38,4	1,65	1,00	0,66	0,40	26	26	07:47:49	199
16:52	0	247	51,6	3734	3753	1,01	36	2749	99,0	18,9	38,1	1,67	1,00	0,67	0,40	27	26	07:47:50	198
16:54	0	247	52,7	3811	3824	1,00	38	2721	102,4	19,2	36,0	1,59	0,95	0,64	0,40	27	27	07:47:52	198
16:55	0	247	53,3	3853	3890	1,01	38	2785	104,8	19,5	34,5	1,59	0,96	0,64	0,40	27	27	07:47:53	197
16:57	0	247	53,5	3865	3935	1,02	37	2868	107,0	19,5	33,1	1,61	0,96	0,65	0,40	28	27	07:47:55	197
16:59	0	247	52,0	3758	3831	1,02	38	2790	105,7	19,0	33,9	1,58	0,94	0,64	0,40	28	28	07:47:57	197
17:01	0	247	52,2	3772	3857	1,02	35	2957	104,1	19,1	34,9	1,70	0,96	0,74	0,44	28	27	07:47:59	199
17:03	0	247	52,2	3772	3857	1,02	35	2957	104,1	19,0	34,9	1,70	0,96	0,74	0,44	28	27	07:48:01	199
17:04	0	247	51,6	3729	3807	1,02	35	2925	101,9	18,8	36,3	1,72	0,98	0,74	0,43	27	27	07:48:02	199
17:06	0	247	51,4	3718	3778	1,02	34	2919	99,6	18,8	37,7	1,76	1,01	0,75	0,43	27	26	07:48:04	198
17:08	0	247	51,2	3703	3739	1,01	33	2938	97,8	18,7	38,8	1,80	1,03	0,77	0,43	26	26	07:48:06	199
17:09	0	247	52,7	3808	3807	1,00	34	2894	98,9	19,2	38,2	1,76	1,01	0,75	0,42	26	26	07:48:07	198
17:11	0	247	52,5	3797	3793	1,00	36	2807	100,7	19,2	37,0	1,67	1,01	0,66	0,39	27	27	07:48:09	199
17:12	0	247	52,7	3808	3803	1,00	37	2747	101,4	19,2	36,6	1,63	0,99	0,63	0,39	27	27	07:48:10	198
17:14	0	247	50,9	3677	3689	1,00	36	2738	98,6	18,6	38,4	1,67	1,02	0,65	0,39	27	27	07:48:12	199
17:16	0	247	50,2	3633	3642	1,00	35	2775	97,5	18,3	39,0	1,71	1,03	0,68	0,40	27	27	07:48:14	199
17:19	0	247	49,5	3575	3591	1,00	35	2766	96,2	18,1	39,8	1,72	1,03	0,70	0,40	27	27	07:48:17	200
17:20	0	247	51,1	3693	3700	1,00	36	2742	99,5	18,6	37,8	1,65	0,99	0,66	0,40	27	27	07:48:18	200
17:22	0	247	51,7	3741	3694	0,99	37	2691	98,4	18,8	38,5	1,64	0,99	0,65	0,40	26	27	07:48:20	201
17:23	0	247	54,1	3911	3807	0,97	38	2652	101,5	19,6	36,5	1,57	0,95	0,61	0,39	26	27	07:48:21	200
17:25	0	247	54,4	3935	3808	0,97	39	2624	102,1	19,7	36,2	1,54	0,93	0,62	0,40	26	27	07:48:23	200
17:26	0	247	54,6	3945	3805	0,96	39	2618	102,9	19,8	35,7	1,53	0,92	0,61	0,40	26	27	07:48:24	197
17:28	0	247	56,1	4058	3906	0,96	41	2598	107,4	20,3	32,9	1,45	0,88	0,57	0,39	26	27	07:48:26	198
17:29	0	247	57,2	4136	4006	0,97	41	2667	110,3	20,7	31,0	1,45	0,87	0,58	0,40	27	28	07:48:27	198
17:31	0	247	54,6	3948	3863	0,98	41	2647	107,5	19,8	32,8	1,48	0,89	0,59	0,40	27	28	07:48:29	197
17:32	0	247	51,9	3753	3778	1,01	38	2797	106,6	19,0	33,3	1,57	0,93	0,64	0,41	28	28	07:48:30	197
17:34	0	247	51,1	3694	3706	1,00	38	2690	103,5	18,7	35,3	1,56	0,93	0,63	0,40	28	28	07:48:32	197
17:35	0	247	50,5	3648	3684	1,01	39	2642	102,8	18,4	35,7	1,54	0,93	0,61	0,40	28	28	07:48:33	197
17:37	0	247	50,2	3630	3671	1,01	39	2572	101,4	18,3	36,6	1,52	0,91	0,61	0,40	28	28	07:48:35	196
17:38	0	247	50,4	3643	3702	1,02	38	2669	102,3	18,4	36,1	1,57	0,92	0,64	0,41	28	28	07:48:36	197
17:40	0	247	49,4	3568	3605	1,01	39	2512	99,0	18,0	38,1	1,52	0,90	0,62	0,41	28	27	07:48:38	198
17:41	0	247	50,9	3680	3730	1,01	39	2624	103,0	18,6	35,6	1,53	0,90	0,63	0,41	28	28	07:48:39	199
17:43	0	247	52,1	3764	3811	1,01	41	2615	106,1	19,0	33,6	1,48	0,87	0,61	0,41	28	28	07:48:41	199
17:44	0	247	52,5	3796	3856	1,02	41	2662	108,4	19,2	32,3	1,47	0,86	0,62	0,42	29	28	07:48:42	200
17:46	0	247	53,3	3854	3948	1,02	39	2839	111,6	19,5	30,2	1,53	0,88	0,64	0,42	29	28	07:48:44	200
17:47	0	247	53,3	3855	3948	1,02	39	2839	111,6	19,5	30,2	1,53	0,88	0,64	0,42	29	28	07:48:45	200
17:49	0	247	51,7	3740	3823	1,02	38	2829	106,1	18,9	33,7	1,60	0,90	0,70	0,44	28	28	07:48:47	200
17:51	0	247	51,8	3747	3839	1,02	37	2887	106,5	18,9	33,4	1,63	0,92	0,71	0,43	28	28	07:48:49	199
17:52	0	247	49,9	3608	3699	1,03	38	2736	103,9	18,2	35,1	1,58	0,91	0,67	0,43	29	28	07:48:50	199
17:54	0	247	49,9	3608	3699	1,03	38	2736	103,9	18,2	35,1	1,58	0,91	0,67	0,43	29	28	07:48:52	199
17:56	0	247	50,9	3682	3767	1,02	36	2870	103,9	18,6	35,1	1,66	0,94	0,72	0,43	28	28	07:48:54	200
17:57	0	247	51,0	3691	3747	1,02	38	2759	103,5	18,6	35,3	1,60	0,92	0,68	0,42	28	28	07:48:55	202
17:59	0	247	52,7	3811	3873	1,02	36	2982	106,0	19,2	33,7	1,69	0,96	0,73	0,43	28	27	07:48:57	202
18:00	0	247	54,0	3903	3959	1,01	38	2902	110,6	19,7	30,8	1,57	0,93	0,64	0,41	28	28	07:48:58	203
18:02	0	247	53,5	3869	3923	1,01	37	2886	108,1	19,5	32,4	1,60	0,98	0,62	0,39	28	28	07:49:00	203
18:03	0	247	51,5	3724	3791	1,02	38	2813	107,8	18,8	32,6	1,57	0,92	0,64	0,41	29	28	07:49:01	203
18:05	0	247	51,0	3688	3762	1,02	41	2713	110,4	18,6	31,0	1,47	0,88	0,59	0,40	30	29	07:49:03	203
18:06	0	247	52,1	3770	3812	1,01	42	2623	110,4	19,0	31,0	1,43	0,85	0,58	0,41	29	29	07:49:04	203
18:08	0	247	52,3	3779	3807	1,01	41	2684	109,5	19,1	31,5	1,47	0,86	0,61	0,41	29	29	07:49:06	202
18:09	0	247	51,8	3749	3764	1,00	40	2658	107,5	18,9	32,8	1,48	0,86	0,63	0,42	29	29	07:49:07	200
18:11	0	247	52,1	3764	3768	1,00	40	2668	106,6	19,0	33,4	1,50	0,87	0,63	0,42	28	28	07:49:09	199
18:12	0	247	54,9	3968	3977	1,00	39	2838	110,7	20,0	30,8	1,54	0,89	0,65	0,42	28	28	07:49:10	200
18:14	0	247	55,9	4043	4052	1,00	40	2833	113,1	20,4	29,3	1,50	0,88	0,62	0,42	28	28	07:49:12	199
18:15	0	247	55,9	4043	4052	1,00	40	2833	113,1	20,4	29,3	1,50	0,88	0,62	0,42	28	28	07:49:13	199
18:17	0	247	54,1	3911	3959	1,01	39	2859	112,7	19,8	29,5	1,52	0,89	0,63	0,41	29	28	07:49:15	199
18:18	0	247	53,6	3873	3935	1,02	40	2820	112,0	19,6	29,9	1,51	0,88	0,63	0,42	29	28	07:49:16	199
18:20	0	247	54,1	3908	3982	1,02	40	2846	113,5	19,7	29,0	1,50	0,89	0,61	0,41	29	29	07:49:18	201
18:21	0	247	53,4	3864	3958	1,02	39	2875	112,6	19,5	29,6	1,53	0,92	0,62	0,40	29	28	07:49:19	201
18:24	0	247	53,1	3838	3955	1,03	37	3005	112,0	19,4	30,0	1,61	0,95	0,66	0,41	29	28	07:49:22	201
18:25	0	247	52,0	3760	3881	1,03	36	3014	109,2	19,0	31,7	1,66	0,97	0,68	0,41	29	28	07:49:23	201
18:26	0	247	52,0	3760	3881	1,03	36	3014	109,2	19,0	31,7	1,66	0,97	0,68	0,41	29	28	07:49:24	201
18:28	0	247	51,6	3729	3831	1,03	37	2905	108,5	18,8	32,2	1,61	0,96	0,65	0,40	29	28	07:49:26	201
18:29	0	247	52,1	3767	3881	1,03	38	2962	111,3	19,0	30,4	1,60	0,94	0,66	0,41	30	29	07:49:27	201
18:31	0	237	51,4	3714	3831	1,03	38	2953	111,0	18,8	30,6	1,60	0,92	0,67	0,42	30	29	07:49:29	201
18:32	0	237	51,2	3700	3818	1,03	38	2936	111,5	18,7	30,3	1,58	0,91	0,67	0,43	30	29	07:49:30	201
18:34	0	237	51,7	3738	3824	1,02	41	2740	113,1	18,9	29,3	1,45	0,87	0,59	0,40	30	30	07:49:32	201
18:35	0	237	52,1	3770	3882	1,03	39	2914	114,0	19,0	28,8	1,53	0,89	0,65	0,42	30	29	07:49:33	201
18:37	0	237	51,9	3754	3858	1,03	40	2860	113,6	19,0	29,0	1,51	0,90	0,61	0,40	30	29	07:49:35	201
18:39	0	237	51,9	3754	3858	1,03	40	2860	113,6	19,0	29,0	1,51	0,90	0,61	0,40	30	29	07:49:37	201
18:40	0	237	51,9	3754	3858	1,03	40	2860	113,6	19,0	29,0	1,51	0,90	0,61	0,40	30	29	07:49:38	202
18:42	0	237	53,0	3833	3924	1,02	40	2890	114,5	19,4	28,4	1,51	0,91	0,61	0,40	30	29	07:49:40	202
18:43	0	237	53,6	3874	3956	1,02	40	2915	116,6	19,6	27,1	1,50	0,89	0,61	0,41	30	29	07:49:41	201
18:45	0	237	54,0	3907	3988	1,02	40	2953	118,6	19,7	25,9	1,49	0,87	0,62	0,41	30	30	07:49:43	202
18:46	0	237	53,5	3869	3923	1,01	43	2795	119,1	19,5	25,5	1,41	0,85	0,56	0,40	31	30	07:49:44	202
18:48	0	237	52,7	3812	3871	1,02	39	2941	115,0	19,3	28,1	1,53	0,87	0,66	0,43	30	30	07:49:46	202
18:49	0	237	53,9	3899	3927	1,01	43	2739	118,6	19,7	25,9	1,39	0,83	0,56	0,40	30	30	07:49:47	202
18:51	0	237	53,2	3848	3852	1,00	44	2623	115,5	19,4	27,8	1,36	0,82	0,54	0,40	30	30	07:49:49	202
18:52	0	237	52,4	3785	3776	1,00	45	2535	114,5	19,1	28,4	1,33	0,81	0,52	0,39	30	30	07:49:50	202
18:53	0	237	51,0	3688	3690	1,00	41	2653	109,2	18,6	31,7	1,46	0,85	0,61	0,42	30	30	07:49:51	202
18:55	0	237	50,4	3643	3649	1,00	40	2689	107,1	18,4	33,0	1,51	0,88	0,63	0,42	29	29	07:49:53	201
18:57	0	237	50,2	3628	3618	1,00	40	2625	104,7	18,3	34,5	1,50	0,88	0,63	0,42	29	29	07:49:55	200
18:58	0	237	51,1	3695	3648	0,99	44	2423	107,2	18,6	33,0	1,36	0,83	0,53	0,39	29	29	07:49:56	201
18:59	0	237	51,0	3690	3646	0,99	44	2480	108,3	18,6	32,3	1,37	0,83	0,54	0,39	29	30	07:49:57	201
19:01	0	237	52,2	3776	3713	0,98	43	2554	109,0	19,0	31,9	1,41	0,84	0,57	0,40	29	29	07:49:59	201
19:03	0	237	51,7	3738	3671	0,98	40	2639	104,9	18,8	34,4	1,51	0,90	0,61	0,40	28	29	07:50:01	201
19:05	0	237	54,5	3943	3839	0,97	38	2791	105,9	19,8	33,8	1,58	0,95	0,64	0,40	27	28	07:50:03	201
19:06	0	237	55,3	3996	3904	0,98	39	2826	109,5	20,1	31,5	1,55	0,92	0,63	0,41	27	28	07:50:04	201
19:08	0	237	56,7	4097	3987	0,97	41	2792	114,7	20,6	28,3	1,46	0,87	0,59	0,41	28	29	07:50:06	202
19:09	0	237	57,4	4146	4031	0,97	42	2757	117,1	20,8	26,8	1,41	0,85	0,56	0,40	28	29	07:50:07	202
19:10	0	237	57,2	4133	4051	0,98	41	2881	118,1	20,8	26,2	1,46	0,86	0,61	0,42	29	29	07:50:08	202
19:12	0	237	56,2	4064	3974	0,98	41	2794	115,8	20,4	27,6	1,45	0,85	0,60	0,41	28	29	07:50:10	202
19:13	0	237	57,1	4132	4053	0,98	41	2900	118,7	20,8	25,8	1,47	0,86	0,61	0,41	29	29	07:50:11	202
19:14	0	237	55,0	3978	3956	0,99	43	2843	121,3	20,1	24,2	1,41	0,82	0,59	0,42	30	31	07:50:12	201
19:16	0	237	55,0	3980	3957	0,99	43	2843	121,3	20,1	24,2	1,41	0,82	0,59	0,42	30	31	07:50:14	201
19:17	0	237	53,9	3894	3901	1,00	43	2787	120,8	19,7	24,5	1,38	0,80	0,58	0,42	31	31	07:50:15	201
19:18	0	237	51,8	3743	3770	1,01	44	2716	118,3	18,9	26,1	1,38	0,80	0,57	0,42	32	31	07:50:16	197
19:20	0	237	50,8	3672	3678	1,00	46	2519	115,7	18,5	27,7	1,31	0,79	0,51	0,39	32	31	07:50:18	197
19:21	0	237	51,1	3698	3693	1,00	46	2523	115,4	18,7	27,9	1,31	0,80	0,51	0,39	31	31	07:50:19	197
19:22	0	237	49,8	3601	3584	1,00	46	2439	111,4	18,2	30,4	1,31	0,81	0,51	0,39	31	31	07:50:20	197
19:24	0	237	51,3	3711	3662	0,99	45	2490	111,3	18,7	30,4	1,34	0,81	0,53	0,39	30	30	07:50:22	197
19:25	0	237	49,5	3582	3527	0,98	46	2344	108,9	18,0	31,9	1,29	0,80	0,49	0,38	30	31	07:50:23	202
19:27	0	237	50,6	3657	3584	0,98	45	2449	109,0	18,4	31,9	1,35	0,82	0,52	0,39	30	30	07:50:25	202
19:28	0	237	52,4	3787	3691	0,97	43	2545	109,5	19,0	31,5	1,39	0,84	0,56	0,40	29	30	07:50:26	202
19:29	0	237	53,1	3840	3730	0,97	43	2570	111,1	19,3	30,6	1,39	0,83	0,55	0,40	29	30	07:50:27	205
19:32	0	237	49,9	3611	3506	0,97	42	2479	104,9	18,1	34,4	1,42	0,86	0,56	0,39	29	30	07:50:30	206
19:34	0	237	54,0	3907	3802	0,97	42	2691	114,0	19,6	28,7	1,42	0,84	0,57	0,41	29	30	07:50:32	206
19:35	0	237	55,7	4025	3880	0,96	43	2730	117,3	20,2	26,7	1,40	0,83	0,57	0,41	29	30	07:50:33	206
19:36	0	237	57,1	4130	3983	0,96	43	2826	121,6	20,7	24,0	1,39	0,82	0,57	0,41	29	31	07:50:34	206
19:38	0	237	57,3	4146	3994	0,96	44	2784	123,4	20,8	22,9	1,35	0,81	0,54	0,40	30	31	07:50:36	204
19:39	0	237	56,8	4105	3946	0,96	45	2728	122,3	20,6	23,5	1,34	0,81	0,53	0,40	30	31	07:50:37	204
19:40	0	237	56,7	4100	3941	0,96	45	2733	122,4	20,5	23,5	1,34	0,80	0,54	0,40	30	31	07:50:38	204
V02 Max																			
19:42	0	237	57,7	4172	4008	0,96	45	2766	124,4	20,9	22,2	1,33	0,79	0,55	0,41	30	31	07:50:40	204
19:43	0	237	56,0	4046	3934	0,97	46	2712	125,6	20,3	21,5	1,30	0,77	0,52	0,40	31	32	07:50:41	204
19:44	0	237	54,5	3941	3838	0,97	47	2620	123,0	19,8	23,1	1,28	0,76	0,51	0,40	31	32	07:50:42	204
19:45	0	237	53,2	3848	3766	0,98	46	2606	120,5	19,3	24,7	1,30	0,77	0,53	0,41	31	32	07:50:43	204
19:47	0	237	53,2	3848	3778	0,98	46	2585	120,1	19,4	24,9	1,29	0,76	0,53	0,41	31	32	07:50:45	204
19:48	0	237	53,1	3840	3786	0,99	47	2578	120,1	19,3	24,9	1,29	0,76	0,53	0,41	31	32	07:50:46	203
19:49	0	237	53,1	3840	3781	0,98	47	2557	120,6	19,3	24,6	1,27	0,76	0,51	0,40	31	32	07:50:47	202
19:51	0	237	51,7	3738	3700	0,99	48	2479	119,0	18,8	25,6	1,25	0,77	0,48	0,38	32	32	07:50:49	201
19:52	0	237	52,2	3771	3731	0,99	43	2697	114,8	19,0	28,3	1,41	0,82	0,59	0,42	30	31	07:50:50	201
19:54	0	237	51,4	3719	3654	0,98	41	2703	110,6	18,7	30,8	1,47	0,85	0,62	0,42	30	30	07:50:52	201
19:55	0	237	52,1	3766	3700	0,98	40	2759	110,8	18,9	30,7	1,49	0,86	0,63	0,42	29	30	07:50:53	203
19:57	0	237	52,8	3818	3735	0,98	40	2805	111,7	19,2	30,1	1,51	0,87	0,64	0,42	29	30	07:50:55	203
19:58	0	237	52,4	3785	3703	0,98	38	2888	109,9	19,0	31,3	1,58	0,89	0,68	0,43	29	30	07:50:56	203
20:01	0	237	51,2	3702	3616	0,98	38	2812	106,0	18,6	33,7	1,59	0,91	0,68	0,43	29	29	07:50:59	203
20:02	0	237	53,1	3837	3683	0,96	38	2759	105,7	19,2	33,9	1,57	0,94	0,63	0,40	28	29	07:51:00	203
20:04	0	237	55,4	4006	3818	0,95	37	2944	108,3	20,0	32,3	1,63	0,97	0,66	0,41	27	28	07:51:02	203
SV2																			
20:05	0	237	56,5	4084	3864	0,95	38	2918	110,0	20,4	31,3	1,59	0,96	0,63	0,40	27	28	07:51:03	202
20:07	0	237	54,8	3962	3726	0,94	37	2849	105,5	19,7	34,0	1,62	0,97	0,65	0,40	27	28	07:51:05	202
20:08	0	237	54,8	3961	3726	0,94	37	2849	105,5	19,7	34,0	1,62	0,97	0,65	0,40	27	28	07:51:06	201
20:10	0	237	55,8	4033	3756	0,93	38	2788	106,8	20,1	33,2	1,57	0,96	0,60	0,39	26	28	07:51:08	201
20:11	0	237	55,9	4043	3785	0,94	38	2850	108,1	20,1	32,4	1,58	0,96	0,62	0,39	27	29	07:51:09	200
20:13	0	237	53,3	3854	3621	0,94	39	2715	106,3	19,2	33,5	1,53	0,93	0,61	0,40	28	29	07:51:11	200
20:15	0	237	53,4	3861	3629	0,94	41	2656	109,0	19,2	31,8	1,46	0,88	0,58	0,40	28	30	07:51:13	199
20:16	0	237	53,4	3864	3650	0,94	42	2671	112,1	19,3	29,9	1,43	0,85	0,58	0,40	29	31	07:51:14	199
20:17	0	237	54,7	3957	3753	0,95	43	2677	116,4	19,8	27,2	1,38	0,82	0,56	0,41	29	31	07:51:15	199
20:18	0	237	53,3	3853	3683	0,96	44	2592	114,2	19,3	28,6	1,36	0,81	0,55	0,40	30	31	07:51:16	198
20:20	0	237	51,5	3724	3569	0,96	41	2673	108,5	18,6	32,2	1,48	0,85	0,63	0,43	29	30	07:51:18	198
20:21	0	237	52,9	3828	3650	0,95	42	2613	109,6	19,1	31,5	1,43	0,84	0,59	0,41	29	30	07:51:19	198
20:23	0	237	53,6	3875	3679	0,95	46	2438	112,5	19,4	29,7	1,30	0,79	0,51	0,39	29	31	07:51:21	199
20:24	0	237	53,6	3876	3680	0,95	46	2438	112,5	19,4	29,7	1,30	0,79	0,51	0,39	29	31	07:51:22	200
20:25	0	237	53,7	3882	3685	0,95	47	2401	112,9	19,4	29,4	1,28	0,78	0,50	0,39	29	31	07:51:23	200
20:26	0	237	53,9	3896	3709	0,95	47	2459	114,5	19,5	28,4	1,29	0,78	0,50	0,39	29	31	07:51:24	202
20:28	0	237	53,3	3854	3686	0,96	45	2541	115,0	19,3	28,1	1,33	0,80	0,53	0,40	30	31	07:51:26	202
20:29	0	237	53,3	3854	3687	0,96	45	2541	115,0	19,3	28,1	1,33	0,80	0,53	0,40	30	31	07:51:27	204
20:31	0	237	52,3	3785	3680	0,97	42	2731	114,8	19,0	28,3	1,43	0,83	0,60	0,42	30	31	07:51:29	203
20:32	0	237	53,9	3895	3799	0,98	42	2801	118,5	19,6	25,9	1,42	0,84	0,58	0,41	30	31	07:51:30	204
20:34	0	237	54,0	3901	3816	0,98	41	2862	117,5	19,6	26,6	1,46	0,87	0,59	0,41	30	31	07:51:32	200
20:35	0	237	53,9	3900	3816	0,98	41	2862	117,5	19,6	26,6	1,46	0,87	0,59	0,41	30	31	07:51:33	200
20:37	0	237	52,0	3761	3696	0,98	39	2868	112,9	18,9	29,4	1,52	0,91	0,62	0,41	30	31	07:51:35	200
20:38	0	237	51,0	3685	3625	0,98	38	2857	109,3	18,5	31,7	1,57	0,93	0,64	0,41	30	30	07:51:36	199
20:40	0	237	51,2	3701	3616	0,98	38	2826	107,8	18,6	32,6	1,57	0,94	0,64	0,40	29	30	07:51:38	199
20:42	0	237	50,5	3654	3512	0,96	39	2646	103,4	18,3	35,4	1,54	0,95	0,59	0,38	28	29	07:51:40	204
20:44	0	237	49,1	3553	3397	0,96	36	2682	97,8	17,8	38,9	1,65	1,02	0,62	0,38	28	29	07:51:42	204
20:45	0	237	47,0	3395	3217	0,95	35	2604	91,3	16,9	42,9	1,71	1,09	0,62	0,36	27	28	07:51:43	204
20:47	0	237	46,9	3394	3216	0,95	35	2604	91,3	16,9	42,9	1,71	1,09	0,62	0,36	27	28	07:51:45	204
20:48	0	237	47,7	3450	3214	0,93	36	2480	89,1	17,2	44,3	1,67	1,06	0,61	0,36	26	28	07:51:46	204
20:50	0	237	50,1	3624	3376	0,93	36	2581	93,2	18,0	41,7	1,66	1,04	0,62	0,37	26	28	07:51:48	203
20:51	0	237	53,2	3849	3565	0,93	38	2626	100,5	19,1	37,2	1,57	0,98	0,58	0,37	26	28	07:51:49	203
20:52	0	237	54,8	3965	3673	0,93	41	2611	107,9	19,7	32,5	1,45	0,90	0,55	0,38	27	29	07:51:50	203
