TEMPS	Vitesse	PUIS.	VO2/KG	VO2	VCO2	Q.R	FR	Vt	VE	KCal	Rés.V.	Ttot	Te	Ti	Ti/Ttot	VE/VO2	VE/VCO2	Horloge	FC
(min)	(RPM)	(Watts)	(mL/kg/min)	(mL/min)	(mL/min)		(br/min)	(mL)	(L/min)	(KCal/min)	(%)	(sec)	(sec)	(sec)				(Minuterie)	(BPM)
0:10	0	103	13,5	1182	832	0,70	10	2192	22,4	5,6	86,7	5,86	4,84	1,02	0,17	19	27	08:16:41	105
0:11	0	103	31,2	2735	1734	0,63	50	939	46,6	12,7	72,5	1,21	0,88	0,33	0,27	17	27	08:16:42	105
0:15	0	104	14,7	1290	863	0,67	13	1589	21,4	6,0	87,3	4,45	2,99	1,46	0,33	17	25	08:16:46	105
0:20	0	105	18,8	1648	1083	0,66	13	2079	27,9	7,7	83,5	4,47	3,07	1,39	0,31	17	26	08:16:51	107
0:26	0	106	16,7	1462	983	0,67	12	2117	25,8	6,9	84,8	4,93	3,66	1,27	0,26	18	26	08:16:57	108
0:28	0	106	16,2	1420	958	0,67	15	1744	25,5	6,7	84,9	4,11	3,12	0,99	0,24	18	27	08:16:59	111
0:30	0	107	16,5	1447	984	0,68	16	1635	26,1	6,8	84,6	3,76	2,84	0,92	0,25	18	27	08:17:01	109
0:35	0	108	16,8	1478	1007	0,68	18	1484	26,0	6,9	84,6	3,42	2,45	0,97	0,28	18	26	08:17:06	111
0:37	0	108	14,4	1267	875	0,69	20	1117	22,1	6,0	86,9	3,03	2,22	0,81	0,27	17	25	08:17:08	113
0:41	0	109	16,0	1402	988	0,70	20	1274	25,7	6,6	84,8	2,97	2,21	0,76	0,26	18	26	08:17:12	114
0:44	0	109	14,5	1273	889	0,70	23	998	22,8	6,0	86,5	2,63	1,95	0,68	0,26	18	26	08:17:15	113
0:47	0	110	15,9	1396	985	0,71	22	1146	25,4	6,6	85,0	2,71	1,94	0,77	0,28	18	26	08:17:18	114
0:50	0	111	16,9	1481	1046	0,71	20	1335	26,7	7,0	84,2	3,00	2,07	0,94	0,31	18	25	08:17:21	114
0:53	0	111	16,6	1460	1035	0,71	19	1391	26,4	6,9	84,4	3,16	2,15	1,01	0,32	18	26	08:17:24	115
0:58	0	112	18,3	1607	1161	0,72	18	1607	29,6	7,6	82,5	3,26	2,10	1,15	0,35	18	26	08:17:29	114
0:59	0	113	19,2	1683	1217	0,72	17	1883	31,3	8,0	81,5	3,60	2,37	1,24	0,34	19	26	08:17:30	114
1:01	0	113	19,1	1677	1215	0,72	19	1617	31,2	8,0	81,6	3,11	2,03	1,08	0,35	19	26	08:17:32	113
1:03	0	113	19,8	1737	1260	0,73	20	1588	32,3	8,2	80,9	2,95	1,93	1,02	0,35	19	26	08:17:34	115
1:08	0	114	19,2	1688	1234	0,73	20	1588	31,9	8,0	81,2	2,99	1,96	1,03	0,34	19	26	08:17:39	115
1:10	0	115	17,6	1541	1134	0,74	18	1598	29,0	7,3	82,8	3,31	2,28	1,02	0,31	19	26	08:17:41	116
1:13	0	115	18,0	1582	1163	0,73	20	1501	30,0	7,5	82,2	3,00	2,10	0,90	0,30	19	26	08:17:44	116
1:17	0	116	18,5	1621	1183	0,73	20	1508	30,9	7,7	81,7	2,93	2,18	0,74	0,25	19	26	08:17:48	116
1:19	0	116	19,1	1678	1231	0,73	20	1601	31,7	8,0	81,2	3,03	2,27	0,75	0,25	19	26	08:17:50	118
1:22	0	117	19,2	1682	1251	0,74	18	1776	31,8	8,0	81,2	3,35	2,54	0,81	0,24	19	25	08:17:53	118
1:26	0	118	18,4	1615	1211	0,75	17	1830	30,6	7,7	81,9	3,59	2,78	0,81	0,23	19	25	08:17:57	118
1:29	0	119	20,5	1801	1361	0,76	18	1888	33,8	8,6	80,0	3,35	2,62	0,73	0,22	19	25	08:18:00	118
1:31	0	119	21,9	1919	1438	0,75	20	1799	36,1	9,2	78,7	2,99	2,22	0,77	0,26	19	25	08:18:02	119
1:33	0	119	21,9	1920	1438	0,75	20	1799	36,1	9,2	78,7	2,99	2,22	0,77	0,26	19	25	08:18:04	123
1:34	0	120	21,7	1902	1432	0,75	24	1508	36,6	9,1	78,3	2,47	1,87	0,60	0,24	19	26	08:18:05	122
1:36	0	120	21,2	1860	1412	0,76	25	1427	36,0	8,9	78,7	2,38	1,81	0,57	0,24	19	25	08:18:07	123
1:40	0	122	20,6	1812	1398	0,77	24	1476	35,5	8,7	79,0	2,49	1,86	0,63	0,25	20	25	08:18:11	122
1:42	0	122	22,0	1927	1483	0,77	27	1405	37,8	9,2	77,6	2,23	1,62	0,61	0,27	20	26	08:18:13	122
1:46	0	123	20,9	1837	1444	0,79	26	1444	37,8	8,8	77,6	2,29	1,59	0,70	0,30	21	26	08:18:17	123
1:49	0	123	22,0	1935	1533	0,79	25	1575	38,9	9,3	77,0	2,43	1,79	0,64	0,26	20	25	08:18:20	122
1:52	0	123	21,7	1908	1536	0,80	23	1734	39,7	9,2	76,5	2,62	1,84	0,77	0,30	21	26	08:18:23	123
1:54	0	125	21,8	1913	1550	0,81	22	1816	39,6	9,3	76,6	2,75	1,92	0,83	0,30	21	26	08:18:25	124
1:59	0	125	21,4	1877	1534	0,82	18	2111	38,0	9,1	77,5	3,33	2,27	1,07	0,32	20	25	08:18:30	126
2:02	0	126	22,6	1982	1619	0,82	19	2112	39,5	9,6	76,6	3,20	2,15	1,05	0,33	20	24	08:18:33	126
2:06	0	127	22,5	1974	1618	0,82	17	2290	39,3	9,6	76,8	3,50	2,35	1,14	0,33	20	24	08:18:37	127
2:09	0	128	23,2	2037	1668	0,82	19	2196	41,1	9,9	75,7	3,21	2,14	1,07	0,33	20	25	08:18:40	127
2:12	0	128	23,2	2037	1668	0,82	19	2196	41,1	9,9	75,7	3,21	2,14	1,07	0,33	20	25	08:18:43	128
2:17	0	129	22,1	1943	1590	0,82	17	2192	38,0	9,4	77,5	3,46	2,33	1,13	0,33	20	24	08:18:48	127
2:20	0	130	23,2	2041	1672	0,82	17	2352	39,9	9,9	76,4	3,54	2,37	1,16	0,33	20	24	08:18:51	129
2:23	0	130	23,4	2053	1673	0,81	18	2245	41,1	9,9	75,7	3,27	2,30	0,98	0,30	20	25	08:18:54	129
2:26	0	131	24,2	2121	1741	0,82	19	2287	42,9	10,3	74,6	3,20	2,21	0,99	0,31	20	25	08:18:57	129
2:29	0	131	23,8	2089	1715	0,82	20	2125	42,5	10,1	74,9	3,00	2,11	0,89	0,30	20	25	08:19:00	129
2:33	0	132	23,9	2100	1719	0,82	19	2167	41,8	10,2	75,3	3,11	2,29	0,83	0,27	20	24	08:19:04	128
2:36	0	133	21,9	1925	1587	0,82	17	2196	37,6	9,3	77,7	3,50	2,57	0,93	0,26	20	24	08:19:07	128
2:39	0	134	23,7	2078	1712	0,82	18	2270	41,4	10,1	75,5	3,29	2,38	0,91	0,28	20	24	08:19:10	129
2:42	0	134	22,5	1978	1618	0,82	19	2098	39,4	9,6	76,7	3,19	2,35	0,84	0,26	20	24	08:19:13	129
2:43	0	134	24,3	2132	1769	0,83	19	2264	42,8	10,4	74,7	3,17	2,25	0,92	0,29	20	24	08:19:14	129
2:45	0	135	24,2	2124	1727	0,81	21	1953	41,6	10,3	75,4	2,82	2,01	0,81	0,29	20	24	08:19:16	129
2:48	0	135	25,4	2227	1808	0,81	22	2000	44,0	10,8	74,0	2,73	1,91	0,82	0,30	20	24	08:19:19	129
2:50	0	136	25,5	2238	1834	0,82	25	1868	46,8	10,9	72,3	2,40	1,63	0,77	0,32	21	25	08:19:21	129
2:51	0	136	26,2	2304	1898	0,82	27	1848	49,1	11,2	71,0	2,26	1,52	0,74	0,33	21	26	08:19:22	129
2:53	0	136	25,2	2216	1810	0,82	30	1574	47,5	10,7	71,9	1,99	1,37	0,62	0,31	21	26	08:19:24	129
2:56	0	137	24,6	2160	1794	0,83	28	1673	46,6	10,5	72,5	2,16	1,51	0,64	0,30	22	26	08:19:27	130
2:59	0	137	22,5	1973	1670	0,85	28	1610	44,4	9,6	73,7	2,17	1,51	0,67	0,31	23	27	08:19:30	130
3:02	0	138	22,4	1963	1640	0,84	24	1714	40,9	9,6	75,8	2,51	1,77	0,74	0,30	21	25	08:19:33	131
3:05	0	139	22,0	1935	1618	0,84	26	1572	40,4	9,4	76,1	2,33	1,67	0,67	0,29	21	25	08:19:36	131
3:08	0	139	22,7	1992	1662	0,83	25	1640	40,8	9,7	75,9	2,41	1,71	0,70	0,29	20	25	08:19:39	132
3:10	0	140	22,6	1983	1648	0,83	23	1725	39,7	9,6	76,5	2,61	1,84	0,77	0,30	20	24	08:19:41	132
3:14	0	140	23,5	2062	1721	0,83	21	1993	40,9	10,0	75,8	2,92	2,07	0,86	0,29	20	24	08:19:45	132
3:16	0	141	24,4	2143	1775	0,83	21	2021	42,0	10,4	75,2	2,89	1,98	0,91	0,31	20	24	08:19:47	132
3:20	0	142	24,7	2172	1823	0,84	21	2178	44,8	10,6	73,5	2,92	1,95	0,97	0,33	21	25	08:19:51	131
3:22	0	142	24,8	2173	1823	0,84	21	2178	44,8	10,6	73,5	2,92	1,95	0,97	0,33	21	25	08:19:53	131
3:25	0	143	24,8	2173	1823	0,84	21	2178	44,8	10,6	73,5	2,92	1,95	0,97	0,33	21	25	08:19:56	131
3:28	0	143	24,7	2165	1816	0,84	20	2207	44,5	10,5	73,7	2,98	1,98	1,00	0,34	21	24	08:19:59	131
3:31	0	144	24,4	2139	1814	0,85	19	2367	44,5	10,4	73,7	3,19	2,13	1,06	0,33	21	25	08:20:02	131
3:33	0	144	24,2	2123	1787	0,84	20	2210	43,4	10,3	74,3	3,05	2,04	1,02	0,33	20	24	08:20:04	131
3:37	0	145	24,2	2128	1791	0,84	19	2280	43,5	10,4	74,2	3,14	2,12	1,02	0,33	20	24	08:20:08	133
3:39	0	145	24,6	2157	1801	0,83	20	2128	43,4	10,5	74,3	2,94	2,00	0,94	0,32	20	24	08:20:10	133
3:42	0	146	25,3	2218	1862	0,84	20	2248	45,0	10,8	73,4	2,99	2,03	0,96	0,32	20	24	08:20:13	134
3:44	0	146	24,6	2164	1819	0,84	21	2138	44,2	10,5	73,8	2,90	1,97	0,93	0,32	20	24	08:20:15	134
3:46	0	147	25,1	2201	1857	0,84	21	2105	45,2	10,7	73,2	2,79	1,92	0,87	0,31	21	24	08:20:17	134
3:50	0	149	25,6	2250	1915	0,85	22	2128	47,2	11,0	72,1	2,70	1,83	0,87	0,32	21	25	08:20:21	135
3:52	0	149	25,6	2251	1915	0,85	22	2128	47,2	11,0	72,1	2,70	1,83	0,87	0,32	21	25	08:20:23	136
3:54	0	149	26,1	2291	1953	0,85	24	2033	48,3	11,2	71,4	2,52	1,73	0,79	0,31	21	25	08:20:25	135
Départ Exercice																			
3:58	0	150	24,6	2156	1863	0,86	21	2168	46,1	10,6	72,7	2,82	1,96	0,86	0,31	21	25	08:20:29	136
4:00	0	150	24,6	2156	1862	0,86	21	2168	46,1	10,6	72,7	2,82	1,96	0,86	0,31	21	25	08:20:31	136
4:02	0	150	25,7	2253	1942	0,86	21	2271	48,4	11,0	71,4	2,82	1,96	0,86	0,30	21	25	08:20:33	136
4:04	0	150	25,7	2256	1945	0,86	22	2273	49,1	11,0	71,0	2,78	1,92	0,86	0,31	22	25	08:20:35	136
4:06	0	150	26,1	2293	1958	0,85	24	2097	50,0	11,2	70,4	2,52	1,76	0,75	0,30	22	26	08:20:37	136
4:09	0	150	27,5	2413	2088	0,87	27	2050	54,3	11,8	67,9	2,26	1,56	0,70	0,31	23	26	08:20:40	136
4:11	0	150	26,7	2343	2050	0,88	28	1971	54,3	11,5	67,9	2,18	1,49	0,69	0,32	23	26	08:20:42	136
4:14	0	150	26,7	2344	2051	0,87	28	1971	54,3	11,5	67,9	2,18	1,49	0,69	0,32	23	26	08:20:45	136
4:16	0	150	23,9	2096	1883	0,90	24	2071	49,4	10,3	70,8	2,52	1,72	0,80	0,32	24	26	08:20:47	136
4:18	0	150	23,8	2090	1881	0,90	24	2008	48,3	10,3	71,4	2,49	1,68	0,82	0,33	23	26	08:20:49	137
4:21	0	150	23,8	2089	1880	0,90	24	2008	48,3	10,3	71,4	2,49	1,68	0,82	0,33	23	26	08:20:52	140
4:24	0	150	23,5	2064	1853	0,90	22	2080	46,0	10,2	72,8	2,71	1,82	0,89	0,33	22	25	08:20:55	140
4:26	0	150	23,7	2078	1834	0,88	22	1984	44,3	10,2	73,8	2,69	1,80	0,88	0,33	21	24	08:20:57	140
SV1																			
4:28	0	150	24,8	2174	1909	0,88	22	2134	46,1	10,7	72,7	2,78	1,84	0,94	0,34	21	24	08:20:59	141
4:31	0	150	27,5	2411	2077	0,86	24	2059	50,2	11,8	70,3	2,46	1,61	0,85	0,35	21	24	08:21:02	141
4:33	0	150	28,4	2491	2141	0,86	26	2032	52,9	12,2	68,7	2,30	1,50	0,80	0,35	21	25	08:21:04	141
4:35	0	150	28,2	2477	2130	0,86	25	2094	53,2	12,1	68,5	2,36	1,58	0,78	0,33	21	25	08:21:06	141
4:38	0	150	27,1	2380	2051	0,86	24	2065	50,4	11,7	70,2	2,46	1,66	0,80	0,33	21	25	08:21:09	140
4:40	0	150	26,5	2328	2028	0,87	24	2103	50,3	11,4	70,2	2,51	1,69	0,82	0,33	22	25	08:21:11	139
4:42	0	150	27,7	2429	2107	0,87	24	2184	53,0	11,9	68,6	2,47	1,67	0,80	0,32	22	25	08:21:13	138
4:45	0	150	25,9	2271	1976	0,87	24	2085	49,8	11,1	70,5	2,51	1,74	0,77	0,31	22	25	08:21:16	137
4:47	0	150	24,9	2189	1901	0,87	23	2028	47,5	10,7	71,9	2,56	1,82	0,75	0,29	22	25	08:21:18	137
4:49	0	150	25,1	2207	1890	0,86	25	1869	46,4	10,8	72,5	2,42	1,74	0,67	0,28	21	25	08:21:20	137
4:51	0	150	24,3	2135	1802	0,84	25	1779	44,1	10,4	73,9	2,42	1,79	0,63	0,26	21	24	08:21:22	137
4:54	0	150	26,8	2355	1964	0,83	26	1877	48,0	11,5	71,6	2,35	1,73	0,62	0,26	20	24	08:21:25	137
4:56	0	150	27,4	2404	2008	0,84	27	1839	48,7	11,7	71,2	2,26	1,62	0,64	0,28	20	24	08:21:27	137
4:58	0	150	26,0	2286	1906	0,83	28	1660	46,6	11,1	72,4	2,14	1,55	0,59	0,28	20	24	08:21:29	137
5:00	0	150	27,0	2372	2004	0,84	28	1725	49,0	11,6	71,0	2,11	1,48	0,63	0,30	21	24	08:21:31	137
5:03	0	150	27,5	2413	2079	0,86	27	1874	51,5	11,8	69,6	2,18	1,49	0,70	0,32	21	25	08:21:34	135
5:06	0	150	26,3	2308	2022	0,88	26	1948	50,0	11,3	70,4	2,34	1,54	0,79	0,34	22	25	08:21:37	135
5:08	0	150	27,2	2389	2102	0,88	26	2046	52,3	11,7	69,1	2,35	1,56	0,79	0,34	22	25	08:21:39	135
5:10	0	150	27,2	2389	2102	0,88	26	2046	52,3	11,7	69,1	2,35	1,56	0,79	0,34	22	25	08:21:41	136
5:13	0	150	27,1	2375	2095	0,88	25	2055	52,1	11,7	69,2	2,37	1,57	0,80	0,34	22	25	08:21:44	136
5:15	0	150	27,4	2406	2123	0,88	26	2044	52,8	11,8	68,8	2,32	1,54	0,78	0,34	22	25	08:21:46	137
5:17	0	150	27,6	2425	2146	0,88	26	2049	53,5	11,9	68,4	2,30	1,52	0,78	0,34	22	25	08:21:48	138
5:20	0	150	26,6	2337	2068	0,88	25	2032	51,3	11,5	69,6	2,37	1,55	0,82	0,35	22	25	08:21:51	139
5:22	0	150	27,1	2377	2097	0,88	26	2002	52,1	11,7	69,2	2,30	1,53	0,78	0,34	22	25	08:21:53	139
5:24	0	150	27,0	2374	2075	0,87	26	1949	51,4	11,7	69,6	2,27	1,52	0,75	0,33	22	25	08:21:55	139
5:26	0	150	26,8	2357	2073	0,88	26	1962	51,5	11,6	69,6	2,29	1,53	0,76	0,33	22	25	08:21:57	139
5:28	0	150	27,6	2421	2093	0,86	31	1725	52,7	11,9	68,9	1,97	1,34	0,63	0,32	22	25	08:21:59	139
5:30	0	150	27,6	2422	2093	0,86	31	1725	52,7	11,9	68,9	1,97	1,34	0,63	0,32	22	25	08:22:01	139
5:33	0	150	26,2	2301	2015	0,88	27	1874	50,4	11,3	70,2	2,23	1,50	0,73	0,33	22	25	08:22:04	138
5:36	0	150	27,5	2413	2058	0,85	29	1725	50,8	11,8	70,0	2,04	1,40	0,64	0,31	21	25	08:22:07	138
5:38	0	150	28,2	2476	2117	0,86	29	1823	52,3	12,1	69,0	2,09	1,45	0,64	0,30	21	25	08:22:09	138
5:40	0	150	28,6	2508	2151	0,86	29	1840	53,8	12,3	68,1	2,05	1,42	0,63	0,31	21	25	08:22:11	138
5:43	0	150	27,6	2425	2090	0,86	27	1936	51,6	11,9	69,5	2,25	1,54	0,71	0,31	21	25	08:22:14	138
5:46	0	150	27,6	2425	2092	0,86	26	1966	51,0	11,9	69,8	2,31	1,59	0,72	0,31	21	24	08:22:17	139
5:48	0	150	27,9	2449	2110	0,86	26	2000	52,1	12,0	69,2	2,30	1,55	0,75	0,33	21	25	08:22:19	139
5:49	0	150	30,0	2632	2249	0,85	27	2080	55,9	12,9	66,9	2,23	1,51	0,72	0,32	21	25	08:22:20	141
5:51	0	150	30,5	2675	2296	0,86	28	2060	58,5	13,1	65,4	2,11	1,41	0,70	0,33	22	25	08:22:22	141
5:54	0	150	28,4	2491	2165	0,87	28	2000	55,7	12,2	67,0	2,15	1,45	0,71	0,33	22	26	08:22:25	143
5:56	0	150	27,1	2382	2093	0,88	25	2107	52,9	11,7	68,7	2,39	1,59	0,80	0,33	22	25	08:22:27	143
5:59	0	150	28,2	2480	2171	0,88	25	2180	55,2	12,2	67,3	2,37	1,59	0,77	0,33	22	25	08:22:30	143
6:01	0	150	28,9	2535	2217	0,87	25	2238	56,2	12,4	66,7	2,39	1,62	0,77	0,32	22	25	08:22:32	143
6:03	0	150	27,7	2433	2135	0,88	24	2229	53,4	12,0	68,4	2,50	1,70	0,80	0,32	22	25	08:22:34	143
6:06	0	150	27,5	2416	2130	0,88	22	2395	52,7	11,9	68,8	2,73	1,85	0,87	0,32	22	25	08:22:37	143
6:08	0	150	27,5	2416	2130	0,88	22	2395	52,7	11,9	68,8	2,73	1,85	0,87	0,32	22	25	08:22:39	143
6:09	0	150	28,4	2490	2159	0,87	24	2223	53,4	12,2	68,4	2,50	1,69	0,81	0,32	21	25	08:22:40	143
6:11	0	150	29,7	2607	2258	0,87	26	2206	56,8	12,8	66,4	2,33	1,58	0,75	0,32	22	25	08:22:42	143
6:14	0	150	29,1	2554	2244	0,88	26	2182	57,3	12,6	66,1	2,29	1,53	0,75	0,33	22	26	08:22:45	144
6:16	0	150	28,4	2496	2211	0,89	26	2166	57,2	12,3	66,2	2,27	1,52	0,75	0,33	23	26	08:22:47	144
6:19	0	150	28,4	2497	2212	0,89	26	2166	57,2	12,3	66,2	2,27	1,52	0,75	0,33	23	26	08:22:50	144
6:22	0	150	27,1	2377	2116	0,89	25	2196	54,8	11,7	67,6	2,41	1,64	0,77	0,32	23	26	08:22:53	144
6:24	0	150	27,3	2397	2133	0,89	26	2169	55,4	11,8	67,2	2,35	1,61	0,74	0,31	23	26	08:22:55	144
6:26	0	150	27,0	2373	2118	0,89	24	2261	54,7	11,7	67,6	2,48	1,68	0,79	0,32	23	26	08:22:57	144
6:28	0	150	26,5	2328	2090	0,90	23	2306	53,8	11,5	68,2	2,57	1,76	0,81	0,31	23	26	08:22:59	144
6:30	0	150	26,8	2355	2074	0,88	25	2147	53,2	11,6	68,6	2,42	1,67	0,75	0,31	23	26	08:23:01	144
6:32	0	150	27,6	2424	2128	0,88	25	2174	54,7	11,9	67,6	2,38	1,63	0,76	0,32	23	26	08:23:03	144
6:35	0	150	28,4	2497	2207	0,88	27	2100	57,5	12,3	66,0	2,19	1,45	0,74	0,34	23	26	08:23:06	144
6:37	0	150	28,5	2498	2207	0,88	27	2100	57,5	12,3	66,0	2,19	1,45	0,74	0,34	23	26	08:23:08	144
6:38	0	150	28,6	2507	2200	0,88	28	2043	57,0	12,3	66,3	2,15	1,44	0,71	0,33	23	26	08:23:09	144
6:42	0	150	26,9	2359	2098	0,89	25	2122	54,0	11,6	68,1	2,36	1,60	0,76	0,32	23	26	08:23:13	145
6:43	0	150	26,3	2313	2048	0,89	27	1971	52,4	11,4	69,0	2,26	1,52	0,74	0,33	23	26	08:23:14	145
6:46	0	150	27,0	2367	2089	0,88	26	2004	52,7	11,6	68,8	2,28	1,53	0,75	0,33	22	25	08:23:17	145
6:48	0	150	26,9	2366	2088	0,88	26	2004	52,7	11,6	68,8	2,28	1,53	0,75	0,33	22	25	08:23:19	145
6:49	0	150	27,7	2433	2133	0,88	28	1922	53,6	12,0	68,3	2,15	1,47	0,69	0,32	22	25	08:23:20	145
6:51	0	150	28,5	2499	2213	0,89	27	2072	56,3	12,3	66,7	2,21	1,50	0,70	0,32	23	25	08:23:22	146
6:53	0	150	28,3	2481	2221	0,90	27	2078	56,7	12,2	66,4	2,20	1,49	0,71	0,32	23	26	08:23:24	146
6:54	0	150	30,5	2681	2370	0,88	32	1923	61,1	13,2	63,9	1,89	1,27	0,62	0,33	23	26	08:23:25	146
6:56	0	150	30,5	2682	2370	0,88	32	1923	61,1	13,2	63,9	1,89	1,27	0,62	0,33	23	26	08:23:27	146
6:58	0	150	29,2	2568	2325	0,91	32	1910	61,0	12,7	63,9	1,88	1,25	0,63	0,34	24	26	08:23:29	146
7:02	0	150	28,0	2462	2269	0,92	32	1877	59,9	12,2	64,6	1,88	1,26	0,62	0,33	24	26	08:23:33	146
7:04	0	150	27,7	2429	2244	0,92	29	1968	57,6	12,1	65,9	2,05	1,36	0,69	0,34	24	26	08:23:35	146
7:07	0	150	28,1	2468	2267	0,92	28	2036	57,0	12,2	66,3	2,14	1,42	0,72	0,34	23	25	08:23:38	146
7:09	0	150	28,4	2493	2277	0,91	27	2124	56,7	12,4	66,4	2,25	1,49	0,76	0,34	23	25	08:23:40	146
7:11	0	150	26,9	2358	2154	0,91	27	2016	54,0	11,7	68,0	2,24	1,50	0,73	0,33	23	25	08:23:42	146
7:12	0	150	27,7	2436	2192	0,90	26	2052	54,3	12,0	67,9	2,27	1,52	0,74	0,33	22	25	08:23:43	146
7:15	0	150	28,5	2504	2231	0,89	25	2165	55,0	12,3	67,4	2,36	1,59	0,77	0,33	22	25	08:23:46	146
7:17	0	150	29,2	2564	2289	0,89	26	2172	56,2	12,6	66,8	2,32	1,53	0,79	0,34	22	25	08:23:48	146
7:19	0	150	29,7	2607	2315	0,89	28	2086	57,8	12,8	65,8	2,16	1,43	0,74	0,34	22	25	08:23:50	145
7:22	0	150	28,8	2526	2261	0,90	27	2115	56,6	12,5	66,5	2,24	1,48	0,76	0,34	22	25	08:23:53	143
7:24	0	150	27,3	2397	2163	0,90	26	2054	53,4	11,8	68,4	2,31	1,51	0,79	0,34	22	25	08:23:55	142
7:27	0	150	29,1	2554	2287	0,90	26	2203	57,0	12,6	66,3	2,32	1,53	0,79	0,34	22	25	08:23:58	142
7:29	0	150	28,6	2510	2245	0,89	27	2106	56,2	12,4	66,8	2,25	1,48	0,77	0,34	22	25	08:24:00	142
7:31	0	150	27,7	2435	2160	0,89	28	1946	53,9	12,0	68,1	2,17	1,44	0,73	0,33	22	25	08:24:02	142
7:33	0	150	28,2	2478	2186	0,88	28	1918	54,1	12,2	68,0	2,13	1,44	0,69	0,33	22	25	08:24:04	142
7:35	0	150	27,8	2439	2157	0,88	27	1988	53,8	12,0	68,2	2,22	1,47	0,75	0,34	22	25	08:24:06	142
7:37	0	150	28,1	2468	2157	0,87	29	1884	54,1	12,1	68,0	2,09	1,42	0,67	0,32	22	25	08:24:08	142
7:39	0	150	29,2	2567	2243	0,87	29	1911	56,0	12,6	66,9	2,05	1,38	0,66	0,32	22	25	08:24:10	141
7:41	0	150	29,2	2567	2243	0,87	29	1911	56,0	12,6	66,9	2,05	1,38	0,66	0,32	22	25	08:24:12	141
7:44	0	150	28,4	2492	2175	0,87	29	1856	54,5	12,2	67,7	2,04	1,40	0,64	0,31	22	25	08:24:15	140
7:45	0	150	27,8	2438	2144	0,88	28	1919	53,8	12,0	68,1	2,14	1,46	0,67	0,32	22	25	08:24:16	140
7:48	0	150	27,8	2442	2164	0,89	26	2148	54,8	12,0	67,6	2,35	1,61	0,75	0,32	22	25	08:24:19	140
7:50	0	150	28,4	2494	2187	0,88	27	2030	54,8	12,3	67,6	2,22	1,56	0,67	0,30	22	25	08:24:21	141
7:52	0	150	29,0	2544	2220	0,87	27	2064	55,3	12,5	67,3	2,24	1,53	0,71	0,32	22	25	08:24:23	141
7:55	0	150	28,2	2478	2179	0,88	25	2210	54,4	12,2	67,8	2,44	1,65	0,79	0,32	22	25	08:24:26	141
7:57	0	150	27,6	2423	2133	0,88	24	2169	52,8	11,9	68,8	2,46	1,67	0,79	0,32	22	25	08:24:28	142
7:59	0	150	29,1	2559	2225	0,87	26	2099	54,8	12,6	67,6	2,30	1,56	0,74	0,32	21	25	08:24:30	142
8:02	0	150	29,0	2547	2230	0,88	25	2214	55,6	12,5	67,1	2,39	1,61	0,78	0,32	22	25	08:24:33	142
8:05	0	150	28,8	2531	2196	0,87	27	2002	54,1	12,4	68,0	2,22	1,50	0,72	0,32	21	25	08:24:36	142
8:07	0	150	28,6	2508	2204	0,88	27	2030	54,2	12,3	67,9	2,25	1,54	0,71	0,32	22	25	08:24:38	142
8:09	0	150	28,6	2512	2215	0,88	27	2033	54,7	12,4	67,6	2,23	1,52	0,71	0,32	22	25	08:24:40	142
8:10	0	150	29,9	2629	2302	0,88	28	1989	56,5	12,9	66,6	2,11	1,42	0,69	0,33	21	25	08:24:41	143
8:12	0	150	29,7	2609	2299	0,88	28	2037	57,2	12,8	66,2	2,14	1,45	0,69	0,32	22	25	08:24:43	143
8:15	0	150	28,6	2513	2233	0,89	26	2110	55,4	12,4	67,2	2,29	1,57	0,72	0,31	22	25	08:24:46	143
8:17	0	150	29,7	2604	2305	0,89	28	2068	57,4	12,8	66,0	2,16	1,47	0,70	0,32	22	25	08:24:48	143
8:19	0	150	30,7	2695	2382	0,88	28	2094	59,6	13,3	64,7	2,11	1,41	0,69	0,33	22	25	08:24:50	145
8:21	0	150	30,0	2637	2315	0,88	28	2072	58,2	13,0	65,6	2,14	1,43	0,70	0,33	22	25	08:24:52	145
8:24	0	150	29,5	2589	2287	0,88	26	2170	57,3	12,7	66,1	2,27	1,55	0,72	0,32	22	25	08:24:55	145
8:26	0	150	27,7	2436	2163	0,89	25	2128	53,8	12,0	68,2	2,37	1,64	0,73	0,31	22	25	08:24:57	145
8:30	0	150	27,0	2373	2076	0,87	22	2243	50,1	11,7	70,3	2,68	1,95	0,74	0,27	21	24	08:25:01	145
8:31	0	150	27,5	2417	2088	0,86	25	2025	51,1	11,8	69,8	2,38	1,75	0,63	0,27	21	24	08:25:02	145
8:34	0	150	26,9	2362	2039	0,86	23	2193	49,6	11,6	70,6	2,65	1,94	0,71	0,27	21	24	08:25:05	144
8:36	0	150	27,1	2377	2028	0,85	23	2123	49,4	11,6	70,8	2,58	1,89	0,69	0,27	21	24	08:25:07	144
8:37	0	150	29,1	2552	2136	0,84	25	2129	52,3	12,4	69,1	2,44	1,79	0,65	0,27	20	24	08:25:08	144
8:39	0	150	29,2	2568	2124	0,83	26	1994	52,5	12,5	68,9	2,28	1,68	0,59	0,26	20	25	08:25:10	142
8:43	0	150	29,3	2568	2124	0,83	26	1994	52,5	12,5	68,9	2,28	1,68	0,59	0,26	20	25	08:25:14	141
8:45	0	150	32,7	2867	2376	0,83	31	1942	60,8	13,9	64,0	1,92	1,33	0,58	0,30	21	26	08:25:16	140
8:47	0	150	31,8	2791	2356	0,84	29	2056	60,6	13,6	64,1	2,03	1,39	0,64	0,32	22	26	08:25:18	140
8:49	0	150	33,8	2964	2513	0,85	33	1982	65,7	14,5	61,1	1,81	1,24	0,57	0,31	22	26	08:25:20	140
8:52	0	150	32,4	2848	2477	0,87	30	2173	64,5	14,0	61,9	2,02	1,39	0,63	0,31	23	26	08:25:23	141
8:54	0	150	30,5	2675	2360	0,88	29	2110	61,8	13,2	63,5	2,05	1,41	0,64	0,31	23	26	08:25:25	141
8:57	0	150	29,0	2550	2289	0,90	26	2282	58,7	12,6	65,3	2,33	1,60	0,74	0,32	23	26	08:25:28	141
8:59	0	150	30,1	2640	2339	0,89	28	2139	60,1	13,0	64,4	2,13	1,48	0,66	0,31	23	26	08:25:30	141
9:03	0	150	27,9	2446	2197	0,90	25	2227	55,2	12,1	67,4	2,42	1,68	0,74	0,31	23	25	08:25:34	142
9:04	0	150	28,3	2487	2236	0,90	26	2202	56,3	12,3	66,7	2,35	1,66	0,69	0,29	23	25	08:25:35	142
9:07	0	150	28,2	2478	2213	0,89	24	2320	54,8	12,2	67,6	2,54	1,79	0,75	0,30	22	25	08:25:38	144
9:09	0	150	29,0	2548	2236	0,88	26	2166	55,3	12,5	67,3	2,35	1,66	0,69	0,29	22	25	08:25:40	144
9:11	0	150	29,1	2556	2229	0,87	25	2181	54,8	12,5	67,6	2,39	1,69	0,70	0,29	21	25	08:25:42	145
9:13	0	150	30,3	2663	2311	0,87	26	2207	57,4	13,1	66,0	2,31	1,59	0,71	0,31	22	25	08:25:44	145
9:16	0	150	29,4	2581	2243	0,87	26	2152	56,3	12,7	66,7	2,29	1,56	0,73	0,32	22	25	08:25:47	145
9:19	0	150	30,1	2641	2307	0,87	24	2395	57,3	13,0	66,1	2,51	1,71	0,80	0,32	22	25	08:25:50	145
9:22	0	150	28,2	2475	2181	0,88	23	2371	53,9	12,2	68,1	2,64	1,81	0,83	0,32	22	25	08:25:53	145
9:25	0	150	26,6	2333	2055	0,88	21	2361	50,3	11,5	70,2	2,81	1,94	0,87	0,31	22	24	08:25:56	145
9:27	0	150	26,6	2332	2055	0,88	21	2361	50,3	11,5	70,2	2,81	1,94	0,87	0,31	22	24	08:25:58	145
9:30	0	150	27,4	2409	2130	0,88	20	2563	52,2	11,9	69,1	2,95	2,00	0,95	0,32	22	24	08:26:01	145
9:32	0	150	27,2	2389	2092	0,88	22	2363	51,7	11,7	69,4	2,74	1,90	0,85	0,31	22	25	08:26:03	145
9:33	0	150	28,3	2489	2168	0,87	23	2355	53,4	12,2	68,4	2,64	1,81	0,83	0,31	21	25	08:26:04	145
9:36	0	150	29,0	2543	2219	0,87	24	2342	55,1	12,5	67,4	2,55	1,72	0,83	0,33	22	25	08:26:07	146
9:38	0	150	30,1	2646	2325	0,88	28	2133	58,9	13,0	65,2	2,17	1,44	0,74	0,34	22	25	08:26:09	146
9:40	0	150	30,7	2699	2370	0,88	27	2202	59,9	13,3	64,5	2,20	1,46	0,75	0,34	22	25	08:26:11	146
9:43	0	150	30,3	2656	2358	0,89	25	2349	59,5	13,1	64,8	2,37	1,57	0,80	0,34	22	25	08:26:14	147
9:44	0	150	29,4	2584	2298	0,89	28	2109	58,5	12,7	65,4	2,16	1,44	0,72	0,33	23	25	08:26:15	147
9:45	0	150	30,1	2639	2354	0,89	27	2163	59,5	13,0	64,8	2,18	1,44	0,74	0,34	23	25	08:26:16	147
9:47	0	150	30,5	2674	2395	0,90	27	2232	61,2	13,2	63,8	2,19	1,43	0,75	0,34	23	26	08:26:18	147
9:48	0	150	30,8	2704	2391	0,88	32	1967	62,0	13,3	63,3	1,90	1,26	0,64	0,34	23	26	08:26:19	147
9:50	0	150	30,3	2659	2346	0,88	31	1955	60,8	13,1	64,0	1,93	1,29	0,64	0,33	23	26	08:26:21	146
9:52	0	150	29,6	2595	2282	0,88	32	1850	59,3	12,8	64,9	1,87	1,24	0,63	0,34	23	26	08:26:23	146
9:54	0	150	29,6	2600	2262	0,87	35	1695	59,0	12,8	65,1	1,72	1,15	0,58	0,33	23	26	08:26:25	146
9:57	0	150	29,6	2600	2262	0,87	35	1695	59,0	12,8	65,1	1,72	1,15	0,58	0,33	23	26	08:26:28	145
9:58	0	150	28,9	2538	2203	0,87	36	1573	57,0	12,4	66,3	1,66	1,13	0,52	0,32	22	26	08:26:29	145
10:00	0	150	28,9	2538	2202	0,87	36	1573	57,0	12,4	66,3	1,66	1,13	0,52	0,32	22	26	08:26:31	145
10:02	0	150	25,6	2249	1992	0,89	31	1691	52,1	11,1	69,2	1,95	1,34	0,61	0,31	23	26	08:26:33	144
10:04	0	150	26,4	2318	2056	0,89	30	1769	53,8	11,4	68,2	1,97	1,33	0,64	0,32	23	26	08:26:35	143
10:07	0	150	25,1	2201	1967	0,89	27	1917	50,9	10,9	69,9	2,26	1,56	0,70	0,31	23	26	08:26:38	143
10:08	0	150	25,3	2220	1957	0,88	28	1830	50,6	10,9	70,0	2,17	1,51	0,66	0,30	23	26	08:26:39	143
10:12	0	150	25,5	2239	1947	0,87	26	1864	49,2	11,0	70,9	2,27	1,61	0,66	0,29	22	25	08:26:43	143
10:13	0	150	26,0	2280	1958	0,86	27	1835	49,4	11,2	70,8	2,23	1,58	0,65	0,29	22	25	08:26:44	144
10:15	0	150	26,5	2323	2022	0,87	24	2125	51,3	11,4	69,7	2,49	1,72	0,77	0,31	22	25	08:26:46	144
10:17	0	150	29,0	2542	2209	0,87	28	2048	56,8	12,5	66,4	2,16	1,45	0,71	0,33	22	26	08:26:48	144
10:19	0	150	28,4	2496	2158	0,86	28	1980	55,4	12,2	67,2	2,14	1,45	0,69	0,32	22	26	08:26:50	144
10:22	0	150	29,9	2624	2293	0,87	28	2115	59,4	12,9	64,9	2,14	1,41	0,73	0,34	23	26	08:26:53	145
10:23	0	150	29,5	2593	2275	0,88	29	2064	59,6	12,7	64,8	2,08	1,35	0,73	0,35	23	26	08:26:54	145
10:25	0	150	30,6	2685	2369	0,88	29	2115	61,9	13,2	63,4	2,05	1,33	0,72	0,35	23	26	08:26:56	146
10:28	0	150	29,5	2594	2275	0,88	29	2064	59,6	12,7	64,8	2,08	1,35	0,73	0,35	23	26	08:26:59	146
10:30	0	150	28,4	2491	2182	0,88	28	1983	55,4	12,2	67,2	2,15	1,39	0,76	0,35	22	25	08:27:01	147
10:34	0	150	28,2	2477	2169	0,88	25	2167	53,5	12,2	68,3	2,43	1,53	0,90	0,37	22	25	08:27:05	148
10:36	0	150	27,9	2450	2160	0,88	23	2267	53,1	12,0	68,6	2,56	1,64	0,92	0,36	22	25	08:27:07	149
10:39	0	150	27,6	2421	2098	0,87	24	2114	50,7	11,9	70,0	2,50	1,62	0,89	0,35	21	24	08:27:10	149
10:43	0	150	27,8	2440	2118	0,87	21	2417	50,1	12,0	70,4	2,90	1,92	0,98	0,34	21	24	08:27:14	149
10:45	0	150	27,2	2386	2059	0,86	22	2186	48,8	11,7	71,2	2,69	1,76	0,93	0,35	20	24	08:27:16	148
10:48	0	150	28,0	2455	2106	0,86	21	2314	49,2	12,0	70,9	2,82	1,85	0,97	0,35	20	23	08:27:19	149
10:49	0	150	29,0	2548	2189	0,86	21	2438	52,1	12,5	69,2	2,81	1,86	0,95	0,34	20	24	08:27:20	146
10:51	0	150	29,4	2581	2206	0,85	24	2221	53,4	12,6	68,4	2,50	1,69	0,81	0,32	21	24	08:27:22	146
10:53	0	150	30,1	2642	2268	0,86	25	2224	55,4	12,9	67,2	2,41	1,62	0,79	0,33	21	24	08:27:24	145
10:56	0	150	29,6	2597	2271	0,87	23	2407	56,1	12,8	66,8	2,58	1,72	0,85	0,33	22	25	08:27:27	145
10:58	0	150	29,4	2582	2269	0,88	26	2170	56,9	12,7	66,3	2,29	1,52	0,76	0,33	22	25	08:27:29	145
11:00	0	150	30,8	2705	2362	0,87	28	2143	59,0	13,3	65,1	2,18	1,46	0,72	0,33	22	25	08:27:31	145
11:03	0	150	29,6	2601	2279	0,88	29	1967	57,3	12,8	66,1	2,06	1,39	0,67	0,33	22	25	08:27:34	144
11:05	0	150	28,9	2535	2258	0,89	26	2175	56,7	12,5	66,5	2,30	1,56	0,74	0,32	22	25	08:27:36	144
11:07	0	150	28,9	2535	2258	0,89	26	2175	56,7	12,5	66,5	2,30	1,56	0,74	0,32	22	25	08:27:38	144
11:10	0	150	28,8	2533	2264	0,89	26	2213	56,5	12,5	66,6	2,35	1,60	0,75	0,32	22	25	08:27:41	144
11:13	0	150	28,8	2533	2264	0,89	26	2213	56,5	12,5	66,6	2,35	1,60	0,75	0,32	22	25	08:27:44	146
11:14	0	150	28,7	2518	2266	0,90	23	2426	56,2	12,4	66,8	2,59	1,75	0,85	0,33	22	25	08:27:45	146
11:16	0	150	28,8	2525	2270	0,90	24	2344	56,7	12,5	66,5	2,48	1,67	0,81	0,33	22	25	08:27:47	146
11:19	0	150	28,6	2510	2263	0,90	23	2486	56,5	12,4	66,6	2,64	1,76	0,88	0,33	23	25	08:27:50	146
11:21	0	150	28,9	2538	2266	0,89	25	2287	56,7	12,5	66,4	2,42	1,61	0,81	0,33	22	25	08:27:52	146
11:22	0	150	29,0	2543	2267	0,89	25	2298	56,7	12,5	66,5	2,43	1,62	0,82	0,34	22	25	08:27:53	148
11:25	0	150	29,1	2556	2277	0,89	26	2246	57,6	12,6	65,9	2,34	1,56	0,78	0,33	23	25	08:27:56	148
11:27	0	150	29,1	2555	2243	0,88	29	1973	57,9	12,6	65,8	2,05	1,38	0,67	0,33	23	26	08:27:58	148
11:28	0	150	28,4	2490	2213	0,89	27	2099	56,3	12,3	66,7	2,24	1,51	0,73	0,33	23	25	08:27:59	148
11:30	0	150	27,1	2379	2114	0,89	28	1930	54,4	11,7	67,8	2,13	1,48	0,65	0,31	23	26	08:28:01	147
11:32	0	150	27,1	2381	2076	0,87	30	1766	53,2	11,7	68,5	1,99	1,46	0,53	0,27	22	26	08:28:03	147
11:36	0	150	24,3	2136	1862	0,87	32	1515	48,3	10,5	71,4	1,88	1,37	0,51	0,27	23	26	08:28:07	147
11:39	0	150	24,3	2137	1862	0,87	32	1515	48,3	10,5	71,4	1,88	1,37	0,51	0,27	23	26	08:28:10	147
11:41	0	150	28,6	2511	2060	0,82	30	1657	50,2	12,2	70,3	1,98	1,47	0,51	0,26	20	24	08:28:12	146
11:43	0	150	31,1	2728	2189	0,80	32	1709	54,3	13,2	67,9	1,89	1,41	0,48	0,26	20	25	08:28:14	146
11:46	0	150	31,7	2785	2283	0,82	26	2150	56,0	13,5	66,8	2,30	1,72	0,59	0,25	20	25	08:28:17	145
11:47	0	150	32,9	2888	2366	0,82	25	2259	57,6	14,0	65,9	2,35	1,71	0,64	0,27	20	24	08:28:18	144
11:50	0	150	32,5	2853	2354	0,83	25	2269	57,2	13,9	66,1	2,38	1,71	0,66	0,28	20	24	08:28:21	143
11:51	0	150	33,6	2950	2408	0,82	27	2144	58,9	14,3	65,2	2,19	1,56	0,62	0,28	20	24	08:28:22	143
11:53	0	150	31,2	2744	2312	0,84	30	1954	59,6	13,4	64,8	1,97	1,38	0,59	0,30	22	26	08:28:24	144
11:55	0	150	30,5	2677	2279	0,85	29	2021	59,0	13,1	65,1	2,06	1,45	0,61	0,30	22	26	08:28:26	144
11:56	0	150	29,6	2602	2255	0,87	30	1958	58,6	12,8	65,3	2,00	1,40	0,60	0,30	23	26	08:28:27	144
12:00	0	150	30,0	2636	2273	0,86	33	1805	59,3	12,9	64,9	1,83	1,31	0,52	0,28	22	26	08:28:31	144
12:01	0	150	29,7	2612	2258	0,86	33	1768	58,7	12,8	65,3	1,81	1,30	0,50	0,28	22	26	08:28:32	144
12:04	0	150	29,9	2627	2297	0,87	32	1882	60,2	12,9	64,4	1,88	1,32	0,56	0,30	23	26	08:28:35	144
12:06	0	150	30,3	2664	2356	0,88	31	2005	61,5	13,1	63,6	1,96	1,35	0,60	0,31	23	26	08:28:37	145
12:09	0	150	28,0	2455	2186	0,89	27	2055	55,8	12,1	67,0	2,21	1,54	0,66	0,30	23	26	08:28:40	145
12:11	0	150	26,6	2334	2047	0,88	27	1940	51,8	11,5	69,3	2,25	1,64	0,61	0,27	22	25	08:28:42	145
12:13	0	150	26,8	2350	2059	0,88	27	1943	51,6	11,5	69,5	2,26	1,66	0,60	0,26	22	25	08:28:44	145
12:15	0	150	29,1	2555	2187	0,86	31	1799	55,6	12,5	67,1	1,94	1,41	0,53	0,27	22	25	08:28:46	145
12:17	0	150	29,4	2585	2210	0,85	30	1868	56,5	12,6	66,5	1,98	1,43	0,55	0,28	22	26	08:28:48	145
12:19	0	150	30,3	2659	2273	0,85	30	1926	58,5	13,0	65,4	1,98	1,40	0,57	0,29	22	26	08:28:50	145
12:21	0	150	29,5	2588	2209	0,85	30	1876	57,0	12,7	66,3	1,97	1,39	0,58	0,29	22	26	08:28:52	146
12:23	0	150	29,5	2588	2209	0,85	30	1876	57,0	12,7	66,3	1,97	1,39	0,58	0,29	22	26	08:28:54	146
12:24	0	150	30,0	2635	2275	0,86	32	1840	59,7	12,9	64,7	1,85	1,24	0,61	0,33	23	26	08:28:55	144
12:25	0	150	29,7	2604	2249	0,86	33	1774	58,3	12,8	65,5	1,82	1,27	0,56	0,30	22	26	08:28:56	145
12:28	0	150	29,7	2603	2248	0,86	33	1774	58,3	12,8	65,5	1,82	1,27	0,56	0,30	22	26	08:28:59	145
12:30	0	150	29,4	2580	2232	0,87	33	1738	57,9	12,6	65,7	1,80	1,25	0,55	0,30	22	26	08:29:01	145
12:32	0	150	28,5	2505	2140	0,85	36	1527	55,4	12,2	67,2	1,65	1,17	0,48	0,29	22	26	08:29:03	145
12:35	0	150	28,0	2457	2123	0,86	32	1718	54,5	12,0	67,8	1,89	1,35	0,54	0,29	22	26	08:29:06	145
12:36	0	150	29,0	2549	2201	0,86	31	1813	56,4	12,5	66,7	1,93	1,37	0,56	0,29	22	26	08:29:07	145
12:38	0	150	30,8	2707	2311	0,85	36	1659	59,3	13,2	64,9	1,68	1,17	0,51	0,30	22	26	08:29:09	145
12:40	0	150	30,4	2666	2319	0,87	33	1827	60,0	13,1	64,5	1,83	1,22	0,60	0,33	23	26	08:29:11	145
12:42	0	150	28,8	2525	2217	0,88	29	1981	57,2	12,4	66,2	2,08	1,42	0,66	0,32	23	26	08:29:13	145
12:44	0	150	27,0	2373	2095	0,88	27	1969	53,7	11,7	68,3	2,20	1,54	0,66	0,30	23	26	08:29:15	145
12:46	0	150	27,2	2390	2098	0,88	26	2060	53,2	11,7	68,5	2,32	1,64	0,68	0,29	22	25	08:29:17	146
12:49	0	150	28,1	2470	2143	0,87	26	2028	53,7	12,1	68,2	2,27	1,61	0,65	0,29	22	25	08:29:20	146
12:52	0	150	27,4	2407	2096	0,87	23	2215	51,8	11,8	69,4	2,57	1,82	0,75	0,29	22	25	08:29:23	146
12:54	0	150	25,3	2220	1907	0,86	23	2035	46,3	10,9	72,6	2,64	1,93	0,71	0,27	21	24	08:29:25	146
12:57	0	150	25,3	2219	1906	0,86	23	2035	46,3	10,9	72,6	2,64	1,93	0,71	0,27	21	24	08:29:28	146
12:59	0	150	26,2	2301	1947	0,85	24	1984	47,3	11,2	72,0	2,51	1,82	0,69	0,28	21	24	08:29:30	145
13:01	0	150	29,3	2572	2180	0,85	23	2272	53,2	12,6	68,5	2,56	1,81	0,76	0,30	21	24	08:29:32	144
13:03	0	150	30,5	2676	2252	0,84	25	2241	55,0	13,0	67,5	2,45	1,70	0,75	0,31	21	24	08:29:34	142
13:05	0	150	30,8	2701	2282	0,84	24	2317	56,4	13,2	66,6	2,47	1,65	0,81	0,33	21	25	08:29:36	142
13:07	0	150	30,5	2682	2237	0,83	27	2035	55,9	13,0	67,0	2,19	1,47	0,72	0,33	21	25	08:29:38	143
13:08	0	150	32,4	2842	2362	0,83	27	2153	59,1	13,8	65,0	2,19	1,46	0,72	0,33	21	25	08:29:39	142
13:10	0	150	31,8	2791	2304	0,83	31	1909	59,1	13,6	65,0	1,94	1,29	0,65	0,33	21	26	08:29:41	142
13:13	0	150	31,7	2787	2358	0,85	28	2161	61,6	13,6	63,6	2,11	1,39	0,72	0,34	22	26	08:29:44	142
13:14	0	150	30,1	2647	2265	0,86	28	2093	59,0	12,9	65,1	2,13	1,39	0,74	0,35	22	26	08:29:45	143
13:16	0	150	29,8	2614	2256	0,86	29	2060	59,4	12,8	64,9	2,08	1,36	0,72	0,35	23	26	08:29:47	144
13:18	0	150	29,5	2590	2228	0,86	33	1835	59,8	12,7	64,6	1,84	1,21	0,63	0,34	23	27	08:29:49	145
13:21	0	150	29,4	2582	2273	0,88	28	2139	60,8	12,7	64,0	2,11	1,38	0,73	0,35	24	27	08:29:52	145
13:22	0	150	28,0	2461	2173	0,88	28	2052	58,0	12,1	65,7	2,12	1,39	0,73	0,34	24	27	08:29:53	145
13:24	0	150	28,5	2499	2219	0,89	29	2035	58,4	12,3	65,4	2,09	1,37	0,72	0,34	23	26	08:29:55	146
13:25	0	150	28,5	2503	2203	0,88	30	1881	57,3	12,3	66,1	1,97	1,31	0,66	0,33	23	26	08:29:56	148
13:27	0	150	29,5	2588	2282	0,88	30	1985	59,7	12,7	64,7	2,00	1,32	0,67	0,34	23	26	08:29:58	150
13:29	0	150	29,5	2588	2282	0,88	30	1985	59,7	12,7	64,7	2,00	1,32	0,67	0,34	23	26	08:30:00	150
13:31	0	150	29,0	2542	2259	0,89	29	1993	58,8	12,5	65,2	2,03	1,34	0,69	0,34	23	26	08:30:02	150
13:34	0	150	27,7	2436	2143	0,88	30	1840	55,3	12,0	67,3	2,00	1,36	0,64	0,32	23	26	08:30:05	151
13:36	0	150	30,3	2664	2318	0,87	35	1760	61,2	13,1	63,8	1,73	1,15	0,58	0,33	23	26	08:30:07	150
13:38	0	150	30,5	2681	2350	0,88	33	1868	61,5	13,2	63,6	1,82	1,21	0,61	0,34	23	26	08:30:09	150
13:39	0	150	30,4	2667	2338	0,88	34	1827	61,3	13,1	63,7	1,79	1,19	0,60	0,34	23	26	08:30:10	150
13:42	0	150	30,0	2631	2324	0,88	33	1854	60,9	12,9	64,0	1,83	1,22	0,61	0,33	23	26	08:30:13	150
13:43	0	150	29,4	2581	2280	0,88	32	1830	58,9	12,7	65,2	1,86	1,25	0,61	0,33	23	26	08:30:14	150
13:45	0	150	30,5	2678	2340	0,87	33	1815	59,8	13,1	64,6	1,82	1,23	0,59	0,33	22	26	08:30:16	150
13:47	0	150	31,3	2751	2392	0,87	33	1843	60,9	13,5	63,9	1,81	1,21	0,61	0,33	22	25	08:30:18	150
13:49	0	150	30,7	2696	2338	0,87	33	1851	60,5	13,2	64,2	1,84	1,23	0,61	0,33	22	26	08:30:20	150
13:51	0	150	29,8	2620	2278	0,87	31	1874	59,0	12,9	65,1	1,91	1,28	0,62	0,33	23	26	08:30:22	150
13:53	0	150	30,2	2653	2323	0,88	30	2018	59,6	13,0	64,8	2,03	1,36	0,67	0,33	22	26	08:30:24	150
13:55	0	202	30,7	2694	2339	0,87	31	1935	60,0	13,2	64,5	1,93	1,30	0,63	0,33	22	26	08:30:26	150
13:56	0	202	31,1	2729	2371	0,87	32	1914	61,2	13,4	63,8	1,88	1,27	0,61	0,32	22	26	08:30:27	149
13:58	0	202	31,1	2729	2371	0,87	32	1914	61,2	13,4	63,8	1,88	1,27	0,61	0,32	22	26	08:30:29	149
14:00	0	202	31,2	2736	2391	0,87	32	1938	62,0	13,4	63,3	1,88	1,27	0,60	0,32	23	26	08:30:31	149
14:02	0	202	31,2	2742	2415	0,88	31	1998	62,5	13,5	63,0	1,92	1,30	0,62	0,32	23	26	08:30:33	148
14:04	0	202	31,4	2753	2427	0,88	31	2032	62,3	13,5	63,1	1,96	1,33	0,63	0,32	23	26	08:30:35	148
14:06	0	202	31,1	2727	2391	0,88	33	1872	62,2	13,4	63,2	1,81	1,22	0,58	0,32	23	26	08:30:37	149
14:08	0	202	31,2	2736	2396	0,88	33	1873	61,8	13,4	63,4	1,82	1,24	0,58	0,32	23	26	08:30:39	149
14:10	0	202	31,8	2791	2443	0,88	33	1924	62,7	13,7	62,9	1,84	1,25	0,59	0,32	22	26	08:30:41	150
14:11	0	202	31,8	2791	2443	0,88	33	1924	62,7	13,7	62,9	1,84	1,25	0,59	0,32	22	26	08:30:42	150
14:13	0	202	31,8	2790	2445	0,88	32	1963	62,5	13,7	63,1	1,89	1,28	0,61	0,32	22	26	08:30:44	152
14:15	0	202	31,9	2801	2457	0,88	32	1983	62,6	13,8	63,0	1,90	1,26	0,64	0,34	22	25	08:30:46	152
14:18	0	202	31,4	2759	2438	0,88	29	2111	61,7	13,6	63,5	2,05	1,36	0,69	0,34	22	25	08:30:49	153
14:19	0	202	32,4	2841	2489	0,88	32	2001	63,5	14,0	62,4	1,89	1,25	0,64	0,34	22	26	08:30:50	153
14:22	0	202	32,9	2886	2554	0,89	30	2176	65,4	14,2	61,3	2,00	1,31	0,69	0,35	23	26	08:30:53	153
14:24	0	202	31,5	2764	2459	0,89	29	2191	62,7	13,6	62,9	2,10	1,37	0,72	0,34	23	26	08:30:55	153
14:27	0	202	30,7	2694	2395	0,89	27	2250	60,0	13,3	64,5	2,25	1,46	0,79	0,35	22	25	08:30:58	153
14:29	0	202	30,8	2705	2390	0,88	28	2176	60,1	13,3	64,4	2,17	1,43	0,74	0,34	22	25	08:31:00	153
14:30	0	202	31,2	2736	2420	0,88	28	2192	61,1	13,5	63,9	2,15	1,43	0,72	0,33	22	25	08:31:01	153
14:32	0	202	32,4	2848	2507	0,88	29	2212	63,6	14,0	62,4	2,09	1,39	0,70	0,34	22	25	08:31:03	153
14:34	0	202	32,1	2820	2482	0,88	28	2278	62,9	13,9	62,8	2,17	1,44	0,73	0,34	22	25	08:31:05	155
14:36	0	202	31,9	2800	2446	0,87	28	2161	61,5	13,7	63,6	2,11	1,42	0,69	0,33	22	25	08:31:07	155
14:39	0	202	32,0	2809	2448	0,87	29	2124	61,8	13,8	63,4	2,06	1,40	0,66	0,32	22	25	08:31:10	155
14:41	0	202	33,2	2914	2517	0,86	32	1998	64,3	14,3	62,0	1,86	1,28	0,59	0,31	22	26	08:31:12	155
14:42	0	202	33,5	2946	2553	0,87	33	2009	65,4	14,4	61,3	1,84	1,25	0,60	0,32	22	26	08:31:13	155
14:44	0	202	32,9	2890	2525	0,87	31	2065	64,3	14,2	61,9	1,93	1,31	0,61	0,32	22	25	08:31:15	155
14:46	0	202	32,9	2886	2530	0,88	31	2064	64,3	14,2	62,0	1,93	1,31	0,62	0,32	22	25	08:31:17	156
14:48	0	202	33,6	2950	2595	0,88	33	2018	65,9	14,5	61,0	1,84	1,24	0,59	0,32	22	25	08:31:19	156
14:50	0	202	33,2	2916	2592	0,89	31	2153	65,8	14,4	61,1	1,96	1,29	0,68	0,34	23	25	08:31:21	156
14:52	0	202	34,0	2988	2623	0,88	34	1966	67,5	14,7	60,1	1,75	1,16	0,59	0,34	23	26	08:31:23	157
14:53	0	202	34,2	3000	2649	0,88	34	2006	68,4	14,8	59,5	1,76	1,16	0,59	0,34	23	26	08:31:24	157
14:55	0	202	34,1	2994	2644	0,88	33	2039	68,0	14,7	59,8	1,80	1,19	0,61	0,34	23	26	08:31:26	157
14:57	0	202	34,1	2992	2659	0,89	33	2073	68,6	14,7	59,4	1,81	1,18	0,64	0,35	23	26	08:31:28	157
14:59	0	202	33,6	2952	2631	0,89	34	1991	68,1	14,5	59,7	1,75	1,15	0,61	0,35	23	26	08:31:30	157
15:00	0	202	34,4	3018	2675	0,89	36	1950	69,7	14,9	58,7	1,68	1,09	0,58	0,35	23	26	08:31:31	158
15:02	0	202	35,6	3122	2783	0,89	35	2095	72,8	15,4	56,9	1,73	1,11	0,62	0,36	23	26	08:31:33	158
15:04	0	202	35,0	3071	2754	0,90	34	2100	71,5	15,2	57,7	1,76	1,14	0,62	0,35	23	26	08:31:35	158
15:07	0	202	32,8	2883	2614	0,91	32	2143	67,5	14,3	60,0	1,90	1,24	0,66	0,35	23	26	08:31:38	158
15:09	0	202	33,1	2904	2613	0,90	32	2091	66,9	14,3	60,4	1,88	1,25	0,63	0,34	23	26	08:31:40	158
15:11	0	202	34,5	3032	2703	0,89	33	2074	69,1	14,9	59,1	1,80	1,20	0,60	0,33	23	26	08:31:42	158
15:12	0	202	35,1	3085	2741	0,89	33	2122	70,5	15,2	58,3	1,81	1,21	0,60	0,33	23	26	08:31:43	158
15:14	0	202	33,9	2976	2651	0,89	33	2043	68,2	14,7	59,6	1,80	1,19	0,61	0,34	23	26	08:31:45	158
15:16	0	202	34,0	2988	2636	0,88	34	1974	67,5	14,7	60,1	1,75	1,18	0,58	0,33	23	26	08:31:47	158
15:18	0	202	35,0	3071	2729	0,89	33	2110	69,2	15,1	59,0	1,83	1,20	0,63	0,34	23	25	08:31:49	158
15:20	0	202	35,0	3070	2729	0,89	33	2110	69,2	15,1	59,0	1,83	1,20	0,63	0,34	23	25	08:31:51	158
15:22	0	202	34,1	2990	2689	0,90	30	2243	67,7	14,8	59,9	1,99	1,27	0,72	0,36	23	25	08:31:53	159
15:24	0	202	34,1	2990	2689	0,90	30	2243	67,7	14,8	59,9	1,99	1,27	0,72	0,36	23	25	08:31:55	159
15:26	0	202	34,1	2995	2704	0,90	30	2260	68,0	14,8	59,8	1,99	1,28	0,72	0,36	23	25	08:31:57	159
15:27	0	202	34,5	3033	2742	0,90	30	2282	69,0	15,0	59,2	1,98	1,28	0,70	0,35	23	25	08:31:58	159
15:30	0	202	33,6	2953	2677	0,91	30	2232	66,9	14,6	60,4	2,00	1,29	0,71	0,35	23	25	08:32:01	159
15:32	0	202	34,5	3026	2706	0,89	32	2095	67,5	14,9	60,1	1,86	1,23	0,64	0,34	22	25	08:32:03	160
15:34	0	202	34,8	3057	2762	0,90	31	2249	69,6	15,1	58,8	1,94	1,27	0,67	0,34	23	25	08:32:05	160
15:36	0	202	35,3	3099	2798	0,90	33	2164	71,6	15,3	57,6	1,81	1,22	0,59	0,32	23	26	08:32:07	160
15:38	0	202	34,4	3017	2749	0,91	31	2255	70,2	14,9	58,5	1,93	1,30	0,62	0,32	23	26	08:32:09	160
15:40	0	202	34,4	3023	2752	0,91	31	2228	69,3	15,0	59,0	1,93	1,30	0,63	0,33	23	25	08:32:11	160
15:41	0	202	34,4	3024	2753	0,91	31	2233	69,4	15,0	58,9	1,93	1,31	0,62	0,32	23	25	08:32:12	160
15:43	0	202	35,5	3117	2801	0,90	33	2118	70,8	15,4	58,1	1,79	1,20	0,59	0,33	23	25	08:32:14	160
15:46	0	202	34,3	3014	2748	0,91	31	2228	70,1	14,9	58,6	1,91	1,28	0,63	0,33	23	26	08:32:17	160
15:47	0	202	34,4	3020	2732	0,90	33	2098	69,4	14,9	58,9	1,81	1,22	0,60	0,33	23	25	08:32:18	160
15:49	0	202	35,0	3074	2782	0,90	33	2112	70,5	15,2	58,3	1,80	1,20	0,60	0,33	23	25	08:32:20	160
15:51	0	202	35,7	3133	2813	0,90	35	2047	71,1	15,5	58,0	1,73	1,13	0,60	0,35	23	25	08:32:22	160
15:53	0	202	34,2	3006	2731	0,91	31	2224	68,9	14,9	59,2	1,94	1,25	0,69	0,35	23	25	08:32:24	160
15:55	0	202	34,8	3054	2779	0,91	31	2264	69,8	15,1	58,7	1,95	1,27	0,68	0,35	23	25	08:32:26	160
15:57	0	202	35,2	3093	2813	0,91	30	2354	71,0	15,3	58,0	1,99	1,29	0,70	0,35	23	25	08:32:28	160
15:59	0	202	36,9	3242	2940	0,91	33	2279	75,1	16,0	55,6	1,82	1,18	0,64	0,35	23	26	08:32:30	160
16:01	0	202	36,1	3173	2913	0,92	31	2410	74,3	15,7	56,0	1,95	1,25	0,70	0,36	23	26	08:32:32	160
16:03	0	202	35,9	3153	2914	0,92	31	2395	75,0	15,7	55,6	1,92	1,22	0,70	0,36	24	26	08:32:34	160
16:04	0	202	37,0	3247	3016	0,93	33	2391	78,1	16,1	53,8	1,84	1,18	0,66	0,36	24	26	08:32:35	160
16:06	0	202	37,9	3329	3080	0,93	35	2290	81,2	16,5	52,0	1,69	1,10	0,59	0,35	24	26	08:32:37	161
16:07	0	202	37,9	3329	3080	0,93	35	2290	81,2	16,5	52,0	1,69	1,10	0,59	0,35	24	26	08:32:38	161
16:09	0	202	36,9	3239	3025	0,93	37	2190	80,5	16,1	52,4	1,63	1,06	0,57	0,35	25	27	08:32:40	161
16:10	0	202	36,5	3207	3008	0,94	38	2124	81,3	16,0	51,9	1,57	1,02	0,55	0,35	25	27	08:32:41	161
16:12	0	202	37,0	3247	3040	0,94	39	2126	82,2	16,2	51,4	1,55	1,00	0,55	0,35	25	27	08:32:43	161
16:14	0	202	36,3	3185	2997	0,94	38	2119	81,4	15,9	51,8	1,56	1,00	0,56	0,36	26	27	08:32:45	161
16:16	0	202	35,2	3091	2941	0,95	36	2233	79,6	15,4	52,9	1,68	1,07	0,62	0,37	26	27	08:32:47	162
16:17	0	202	35,0	3076	2923	0,95	36	2199	78,5	15,4	53,6	1,68	1,07	0,61	0,36	26	27	08:32:48	162
16:18	0	202	34,6	3035	2883	0,95	36	2166	77,4	15,2	54,2	1,68	1,09	0,59	0,35	25	27	08:32:49	162
16:20	0	202	34,2	2998	2840	0,95	36	2099	76,4	15,0	54,8	1,65	1,08	0,57	0,34	25	27	08:32:51	162
16:22	0	202	33,7	2959	2797	0,95	36	2074	75,1	14,8	55,5	1,66	1,09	0,57	0,34	25	27	08:32:53	162
16:24	0	202	33,1	2907	2713	0,93	39	1895	74,1	14,5	56,2	1,53	1,02	0,52	0,34	25	27	08:32:55	162
16:26	0	202	32,4	2848	2692	0,95	36	2037	73,2	14,2	56,7	1,67	1,08	0,59	0,35	26	27	08:32:57	161
16:27	0	202	32,4	2842	2690	0,95	36	2037	73,3	14,2	56,6	1,67	1,08	0,59	0,35	26	27	08:32:58	160
16:29	0	202	33,3	2921	2756	0,94	35	2121	74,5	14,6	55,9	1,71	1,09	0,62	0,36	26	27	08:33:00	161
16:30	0	202	33,7	2959	2773	0,94	35	2130	75,3	14,7	55,5	1,70	1,07	0,63	0,37	25	27	08:33:01	161
16:32	0	202	35,0	3072	2861	0,93	35	2169	76,6	15,3	54,7	1,70	1,07	0,63	0,37	25	27	08:33:03	161
16:33	0	202	35,7	3131	2906	0,93	36	2188	78,2	15,6	53,7	1,68	1,05	0,63	0,37	25	27	08:33:04	161
16:35	0	202	37,5	3296	3004	0,91	39	2066	80,4	16,3	52,4	1,54	0,98	0,56	0,36	24	27	08:33:06	162
16:37	0	202	37,5	3296	3004	0,91	39	2066	80,4	16,3	52,4	1,54	0,98	0,56	0,36	24	27	08:33:08	162
16:39	0	202	36,6	3213	2942	0,92	37	2108	77,7	15,9	54,0	1,63	1,04	0,59	0,36	24	26	08:33:10	162
16:42	0	202	35,3	3103	2861	0,92	33	2214	74,1	15,4	56,2	1,79	1,15	0,64	0,36	24	26	08:33:13	162
16:43	0	202	35,1	3083	2841	0,92	32	2228	72,2	15,3	57,3	1,85	1,19	0,66	0,36	23	25	08:33:14	162
16:46	0	202	33,8	2971	2758	0,93	30	2327	70,0	14,8	58,6	2,00	1,28	0,71	0,36	24	25	08:33:17	162
16:47	0	202	34,3	3008	2787	0,93	30	2323	70,0	14,9	58,6	1,99	1,30	0,69	0,35	23	25	08:33:18	163
16:49	0	202	34,4	3021	2804	0,93	29	2449	69,9	15,0	58,7	2,10	1,35	0,75	0,36	23	25	08:33:20	163
16:51	0	202	35,2	3091	2870	0,93	29	2469	71,5	15,4	57,7	2,07	1,32	0,76	0,36	23	25	08:33:22	163
16:53	0	202	35,0	3073	2847	0,93	28	2482	70,7	15,3	58,2	2,11	1,32	0,78	0,37	23	25	08:33:24	163
16:56	0	202	35,4	3108	2882	0,93	29	2501	71,8	15,4	57,5	2,09	1,31	0,78	0,37	23	25	08:33:27	163
16:58	0	202	35,7	3135	2911	0,93	28	2554	72,5	15,6	57,1	2,11	1,34	0,77	0,37	23	25	08:33:29	163
17:00	0	202	35,6	3121	2910	0,93	28	2649	72,9	15,5	56,9	2,18	1,39	0,79	0,36	23	25	08:33:31	163
17:02	0	202	35,6	3121	2909	0,93	28	2649	72,9	15,5	56,9	2,18	1,39	0,79	0,36	23	25	08:33:33	164
17:03	0	202	35,7	3130	2909	0,93	29	2553	73,4	15,6	56,6	2,09	1,34	0,75	0,36	23	25	08:33:34	164
17:05	0	202	35,6	3121	2884	0,92	30	2418	73,3	15,5	56,7	1,98	1,28	0,70	0,35	23	25	08:33:36	164
17:06	0	202	36,8	3232	2967	0,92	33	2307	76,1	16,0	55,0	1,82	1,18	0,64	0,35	24	26	08:33:37	164
17:08	0	202	36,5	3206	2933	0,91	34	2209	75,7	15,9	55,2	1,75	1,14	0,62	0,35	24	26	08:33:39	164
17:10	0	202	37,1	3260	2973	0,91	36	2173	77,2	16,1	54,4	1,69	1,09	0,60	0,36	24	26	08:33:41	164
17:13	0	202	37,1	3260	2973	0,91	36	2173	77,2	16,1	54,4	1,69	1,09	0,60	0,36	24	26	08:33:44	164
17:15	0	202	37,2	3269	2979	0,91	36	2167	77,6	16,2	54,1	1,68	1,08	0,60	0,36	24	26	08:33:46	164
17:17	0	202	36,8	3232	2942	0,91	33	2261	75,5	16,0	55,3	1,80	1,15	0,64	0,36	23	26	08:33:48	164
17:19	0	202	37,3	3272	2971	0,91	31	2383	74,5	16,2	56,0	1,92	1,24	0,68	0,35	23	25	08:33:50	164
17:22	0	202	36,5	3207	2905	0,91	29	2491	71,4	15,9	57,8	2,09	1,35	0,75	0,36	22	25	08:33:53	164
17:24	0	202	37,1	3258	2937	0,90	28	2585	71,3	16,1	57,8	2,18	1,40	0,78	0,36	22	24	08:33:55	164
SV2																			
17:26	0	202	36,5	3205	2899	0,90	26	2711	69,9	15,8	58,6	2,33	1,49	0,84	0,36	22	24	08:33:57	164
17:34	0	202	36,5	3204	2899	0,90	26	2711	69,9	15,8	58,6	2,33	1,49	0,84	0,36	22	24	08:34:05	164
17:35	0	202	36,5	3204	2899	0,90	26	2711	69,9	15,8	58,6	2,33	1,49	0,84	0,36	22	24	08:34:06	164
17:37	0	202	36,3	3190	2898	0,91	27	2633	70,8	15,8	58,1	2,23	1,42	0,81	0,36	22	24	08:34:08	164
17:38	0	202	36,4	3198	2916	0,91	29	2533	73,1	15,8	56,8	2,08	1,32	0,76	0,37	23	25	08:34:09	163
17:40	0	202	37,2	3265	2989	0,92	32	2395	76,9	16,2	54,5	1,87	1,19	0,68	0,36	24	26	08:34:11	163
17:41	0	202	37,6	3299	3037	0,92	36	2257	80,6	16,4	52,3	1,68	1,07	0,61	0,36	24	27	08:34:12	163
17:43	0	202	37,8	3321	3075	0,93	39	2138	83,7	16,5	50,5	1,53	0,97	0,56	0,36	25	27	08:34:14	163
17:44	0	202	38,0	3335	3095	0,93	40	2093	84,6	16,6	50,0	1,48	0,95	0,54	0,36	25	27	08:34:15	163
17:46	0	202	37,6	3301	3073	0,93	41	2069	84,0	16,4	50,3	1,48	0,94	0,54	0,36	25	27	08:34:17	163
17:47	0	202	37,7	3310	3092	0,93	40	2113	85,0	16,5	49,7	1,49	0,95	0,54	0,36	26	27	08:34:18	163
17:49	0	202	37,4	3284	3078	0,94	40	2097	84,9	16,4	49,8	1,48	0,93	0,55	0,37	26	28	08:34:20	163
17:50	0	202	37,4	3284	3079	0,94	40	2097	84,9	16,4	49,8	1,48	0,93	0,55	0,37	26	28	08:34:21	163
17:52	0	202	37,2	3269	3067	0,94	41	2078	84,3	16,3	50,2	1,48	0,93	0,55	0,37	26	27	08:34:23	163
17:54	0	202	37,1	3259	3049	0,94	40	2054	82,5	16,2	51,2	1,49	0,95	0,54	0,36	25	27	08:34:25	161
17:56	0	202	36,9	3244	3040	0,94	39	2129	82,0	16,2	51,5	1,56	0,98	0,58	0,37	25	27	08:34:27	161
17:57	0	202	37,3	3272	3072	0,94	38	2165	82,7	16,3	51,1	1,57	0,99	0,58	0,37	25	27	08:34:28	162
17:59	0	202	37,5	3289	3074	0,93	39	2137	82,7	16,4	51,1	1,55	0,99	0,56	0,36	25	27	08:34:30	162
18:01	0	202	35,8	3144	2971	0,94	35	2261	79,2	15,7	53,1	1,71	1,08	0,63	0,37	25	27	08:34:32	162
18:02	0	202	35,3	3099	2914	0,94	35	2234	77,6	15,4	54,1	1,73	1,09	0,64	0,37	25	27	08:34:33	164
18:04	0	202	36,5	3205	2990	0,93	35	2258	79,1	15,9	53,2	1,71	1,09	0,62	0,36	25	26	08:34:35	164
18:06	0	202	36,7	3221	2995	0,93	36	2240	79,8	16,0	52,8	1,68	1,07	0,61	0,36	25	27	08:34:37	164
18:08	0	202	37,1	3258	3016	0,93	36	2205	80,1	16,2	52,6	1,65	1,06	0,59	0,36	25	27	08:34:39	164
18:09	0	202	37,1	3258	3016	0,93	36	2205	80,1	16,2	52,6	1,65	1,06	0,59	0,36	25	27	08:34:40	165
18:11	0	202	36,7	3221	2977	0,92	36	2187	78,9	16,0	53,3	1,66	1,07	0,60	0,36	24	26	08:34:42	165
18:12	0	202	37,0	3246	2968	0,91	39	2025	79,6	16,1	52,9	1,53	0,98	0,54	0,36	25	27	08:34:43	165
18:14	0	202	36,9	3239	2985	0,92	37	2164	79,2	16,1	53,2	1,64	1,05	0,59	0,36	24	27	08:34:45	165
18:15	0	202	37,7	3313	3025	0,91	39	2064	81,1	16,4	52,0	1,53	0,98	0,55	0,36	24	27	08:34:46	165
18:17	0	202	38,2	3355	3064	0,91	39	2116	82,6	16,6	51,2	1,54	0,98	0,56	0,36	25	27	08:34:48	165
18:19	0	202	37,1	3253	2991	0,92	37	2197	80,6	16,1	52,3	1,64	1,04	0,59	0,36	25	27	08:34:50	165
18:20	0	202	36,2	3181	2919	0,92	37	2140	78,5	15,8	53,6	1,64	1,06	0,58	0,35	25	27	08:34:51	165
18:23	0	202	36,1	3171	2918	0,92	34	2275	77,6	15,7	54,1	1,76	1,13	0,63	0,36	24	27	08:34:54	165
18:24	0	202	36,8	3233	2972	0,92	34	2305	79,0	16,0	53,3	1,75	1,13	0,62	0,36	24	27	08:34:55	164
18:26	0	202	38,0	3339	3040	0,91	37	2205	81,2	16,5	52,0	1,63	1,05	0,58	0,36	24	27	08:34:57	164
18:29	0	202	36,5	3202	2946	0,92	34	2316	78,1	15,9	53,8	1,78	1,14	0,64	0,36	24	27	08:35:00	163
18:30	0	202	36,6	3214	2952	0,92	34	2292	78,1	15,9	53,8	1,76	1,13	0,63	0,36	24	26	08:35:01	163
18:31	0	202	38,5	3380	3036	0,90	38	2087	80,3	16,7	52,5	1,56	1,01	0,55	0,35	24	26	08:35:02	163
18:33	0	202	39,6	3475	3111	0,90	39	2120	83,2	17,1	50,8	1,53	0,97	0,56	0,36	24	27	08:35:04	160
18:34	0	202	41,8	3666	3252	0,89	44	2025	88,4	18,1	47,7	1,37	0,89	0,49	0,35	24	27	08:35:05	149
18:35	0	202	40,9	3587	3192	0,89	43	2018	87,6	17,7	48,2	1,38	0,89	0,49	0,35	24	27	08:35:06	150
18:37	0	202	40,5	3557	3178	0,89	44	2003	87,7	17,5	48,1	1,37	0,87	0,50	0,36	25	28	08:35:08	150
18:38	0	202	41,2	3614	3230	0,89	44	2024	88,3	17,8	47,8	1,38	0,88	0,49	0,36	24	27	08:35:09	150
18:40	0	202	40,2	3532	3210	0,91	41	2135	88,0	17,5	48,0	1,46	0,92	0,53	0,37	25	27	08:35:11	161
18:41	0	202	38,9	3415	3121	0,91	41	2102	85,3	16,9	49,5	1,48	0,93	0,55	0,37	25	27	08:35:12	165
18:43	0	202	38,0	3333	3068	0,92	40	2071	83,4	16,5	50,7	1,49	0,94	0,55	0,37	25	27	08:35:14	165
18:45	0	202	36,2	3181	2928	0,92	38	2074	79,6	15,8	52,9	1,56	1,01	0,56	0,36	25	27	08:35:16	165
18:47	0	202	35,8	3141	2868	0,91	37	2068	75,9	15,6	55,1	1,63	1,07	0,57	0,35	24	26	08:35:18	165
18:50	0	202	35,1	3079	2796	0,91	36	2037	72,8	15,2	56,9	1,68	1,10	0,57	0,34	24	26	08:35:21	165
18:51	0	202	35,1	3079	2795	0,91	36	2037	72,8	15,2	56,9	1,68	1,10	0,57	0,34	24	26	08:35:22	165
18:53	0	202	36,0	3161	2817	0,89	36	2025	72,3	15,6	57,2	1,68	1,11	0,57	0,34	23	26	08:35:24	165
18:54	0	202	36,4	3200	2838	0,89	36	2051	73,2	15,8	56,7	1,68	1,12	0,56	0,34	23	26	08:35:25	165
18:56	0	202	37,5	3293	2914	0,89	36	2091	75,6	16,2	55,3	1,66	1,09	0,57	0,35	23	26	08:35:27	165
18:58	0	202	37,2	3266	2924	0,90	34	2241	76,0	16,1	55,0	1,77	1,16	0,61	0,35	23	26	08:35:29	165
19:00	0	202	38,1	3346	3010	0,90	35	2265	79,4	16,5	53,0	1,71	1,11	0,60	0,35	24	26	08:35:31	165
19:01	0	202	39,6	3475	3095	0,89	38	2146	82,5	17,1	51,2	1,56	1,02	0,54	0,35	24	27	08:35:32	165
19:03	0	202	38,2	3354	3047	0,91	37	2209	82,2	16,6	51,4	1,61	1,04	0,57	0,35	25	27	08:35:34	165
19:05	0	202	38,2	3355	3048	0,91	37	2209	82,2	16,6	51,4	1,61	1,04	0,57	0,35	25	27	08:35:36	165
19:07	0	202	37,5	3289	3023	0,92	35	2296	81,0	16,3	52,1	1,70	1,10	0,60	0,35	25	27	08:35:38	165
19:08	0	202	37,8	3318	3047	0,92	37	2211	81,8	16,5	51,6	1,62	1,06	0,56	0,35	25	27	08:35:39	165
19:10	0	202	38,8	3409	3104	0,91	38	2151	82,1	16,9	51,4	1,57	1,05	0,52	0,33	24	26	08:35:41	166
19:12	0	202	37,9	3324	3054	0,92	36	2231	80,8	16,5	52,2	1,66	1,09	0,56	0,34	24	26	08:35:43	166
19:14	0	202	37,5	3288	3023	0,92	36	2224	79,6	16,3	52,9	1,68	1,11	0,57	0,34	24	26	08:35:45	166
19:15	0	202	37,5	3291	3015	0,92	37	2155	79,5	16,3	53,0	1,63	1,08	0,55	0,34	24	26	08:35:46	167
19:17	0	202	36,6	3210	2973	0,93	33	2339	77,9	15,9	53,9	1,80	1,16	0,64	0,36	24	26	08:35:48	167
19:19	0	202	36,4	3193	2949	0,92	33	2336	76,3	15,9	54,8	1,84	1,18	0,65	0,36	24	26	08:35:50	167
19:21	0	202	35,3	3102	2872	0,93	30	2446	74,6	15,4	55,9	1,97	1,24	0,73	0,37	24	26	08:35:52	167
19:23	0	202	35,4	3110	2863	0,92	31	2433	74,3	15,4	56,0	1,96	1,23	0,73	0,37	24	26	08:35:54	167
19:25	0	202	35,9	3154	2876	0,91	33	2276	74,9	15,6	55,7	1,82	1,17	0,65	0,36	24	26	08:35:56	167
19:26	0	202	36,5	3207	2922	0,91	33	2313	76,5	15,9	54,7	1,81	1,16	0,66	0,36	24	26	08:35:57	167
19:28	0	202	35,9	3152	2890	0,92	31	2426	75,6	15,6	55,3	1,93	1,22	0,71	0,37	24	26	08:35:59	167
19:30	0	202	36,4	3196	2914	0,91	33	2316	77,5	15,8	54,1	1,79	1,13	0,66	0,37	24	27	08:36:01	167
19:31	0	202	36,9	3238	2941	0,91	36	2169	78,6	16,0	53,5	1,66	1,07	0,58	0,35	24	27	08:36:02	167
19:34	0	202	36,9	3239	2941	0,91	36	2169	78,6	16,0	53,5	1,66	1,07	0,58	0,35	24	27	08:36:05	167
19:35	0	202	36,9	3236	2936	0,91	37	2142	78,6	16,0	53,5	1,64	1,06	0,58	0,35	24	27	08:36:06	167
19:37	0	202	37,0	3245	2928	0,90	37	2120	78,0	16,0	53,8	1,63	1,05	0,58	0,35	24	27	08:36:08	167
19:38	0	202	37,0	3244	2928	0,90	37	2120	78,0	16,0	53,8	1,63	1,05	0,58	0,35	24	27	08:36:09	167
19:40	0	202	38,6	3392	3020	0,89	39	2046	80,8	16,7	52,2	1,52	0,99	0,53	0,35	24	27	08:36:11	167
19:42	0	202	37,4	3282	2951	0,90	35	2211	77,7	16,2	54,1	1,71	1,10	0,61	0,35	24	26	08:36:13	167
19:44	0	202	37,0	3248	2907	0,89	36	2139	77,0	16,0	54,4	1,67	1,04	0,62	0,37	24	27	08:36:15	167
19:45	0	202	39,2	3444	3031	0,88	41	1991	80,8	16,9	52,2	1,48	0,94	0,54	0,36	23	27	08:36:16	167
19:47	0	202	38,1	3347	2986	0,89	37	2132	79,4	16,5	53,0	1,61	1,02	0,59	0,37	24	27	08:36:18	167
19:49	0	202	38,6	3385	3027	0,89	38	2141	80,8	16,7	52,2	1,59	1,00	0,59	0,37	24	27	08:36:20	167
19:50	0	202	37,8	3323	2973	0,89	39	2070	80,2	16,4	52,5	1,55	0,98	0,57	0,37	24	27	08:36:21	167
19:51	0	202	36,9	3237	2917	0,90	38	2078	79,0	16,0	53,3	1,58	1,00	0,57	0,36	24	27	08:36:22	167
19:54	0	202	36,9	3238	2917	0,90	38	2078	79,0	16,0	53,3	1,58	1,00	0,57	0,36	24	27	08:36:25	167
19:55	0	202	38,2	3352	3009	0,90	39	2089	81,8	16,5	51,6	1,53	0,99	0,55	0,36	24	27	08:36:26	167
19:56	0	202	37,4	3288	2954	0,90	39	2074	80,5	16,2	52,4	1,55	0,99	0,55	0,36	24	27	08:36:27	167
19:58	0	202	38,4	3374	3029	0,90	40	2073	82,9	16,7	50,9	1,50	0,98	0,52	0,35	25	27	08:36:29	167
20:00	0	202	37,7	3314	3005	0,91	37	2181	81,1	16,4	52,0	1,61	1,05	0,57	0,35	24	27	08:36:31	168
20:02	0	202	38,1	3347	3035	0,91	37	2199	80,8	16,6	52,2	1,63	1,05	0,59	0,36	24	27	08:36:33	168
20:05	0	202	36,8	3228	2950	0,91	34	2311	77,7	16,0	54,0	1,78	1,14	0,65	0,36	24	26	08:36:36	168
20:06	0	202	38,8	3410	3069	0,90	38	2131	81,9	16,8	51,6	1,56	0,99	0,57	0,36	24	27	08:36:37	168
20:07	0	202	39,9	3504	3124	0,89	39	2122	82,4	17,3	51,2	1,54	0,98	0,56	0,36	24	26	08:36:38	168
20:08	0	202	41,0	3601	3197	0,89	39	2155	85,0	17,7	49,7	1,52	0,96	0,56	0,37	24	27	08:36:39	168
20:10	0	202	41,7	3662	3215	0,88	42	2040	86,1	18,0	49,1	1,42	0,90	0,52	0,37	24	27	08:36:41	168
20:11	0	202	41,4	3635	3164	0,87	44	1942	86,0	17,8	49,1	1,35	0,86	0,50	0,37	24	27	08:36:42	168
20:12	0	202	41,3	3625	3148	0,87	45	1934	86,4	17,8	48,9	1,34	0,85	0,49	0,36	24	27	08:36:43	168
20:14	0	202	41,3	3625	3148	0,87	45	1934	86,4	17,8	48,9	1,34	0,85	0,49	0,36	24	27	08:36:45	167
20:15	0	202	40,3	3538	3103	0,88	44	1954	86,3	17,4	48,9	1,36	0,86	0,50	0,37	24	28	08:36:46	167
20:17	0	202	37,5	3294	2913	0,88	42	1916	80,2	16,2	52,6	1,43	0,92	0,52	0,36	24	28	08:36:48	167
20:19	0	202	37,5	3294	2912	0,88	42	1916	80,2	16,2	52,6	1,43	0,92	0,52	0,36	24	28	08:36:50	167
20:20	0	202	38,2	3358	2951	0,88	42	1903	80,6	16,5	52,3	1,42	0,90	0,52	0,37	24	27	08:36:51	167
20:21	0	202	39,1	3434	3016	0,88	43	1921	83,2	16,9	50,8	1,39	0,88	0,51	0,37	24	28	08:36:52	167
20:22	0	202	39,0	3426	3007	0,88	45	1881	83,7	16,8	50,5	1,35	0,85	0,50	0,37	24	28	08:36:53	167
20:24	0	202	40,7	3570	3123	0,87	46	1882	87,3	17,5	48,4	1,29	0,82	0,48	0,37	24	28	08:36:55	168
20:26	0	202	38,6	3390	2987	0,88	44	1898	82,9	16,7	51,0	1,37	0,86	0,51	0,37	24	28	08:36:57	168
20:27	0	202	40,5	3553	3113	0,88	46	1890	87,5	17,5	48,3	1,30	0,81	0,48	0,37	25	28	08:36:58	168
20:28	0	202	40,1	3519	3120	0,89	45	1948	88,0	17,3	47,9	1,33	0,84	0,49	0,37	25	28	08:36:59	168
20:30	0	202	38,9	3415	3030	0,89	45	1901	85,9	16,8	49,2	1,33	0,84	0,49	0,37	25	28	08:37:01	167
20:31	0	202	38,0	3340	2984	0,89	43	1941	83,2	16,5	50,8	1,40	0,90	0,50	0,36	25	28	08:37:02	167
20:33	0	202	38,2	3358	3014	0,90	41	2008	83,2	16,6	50,8	1,45	0,93	0,52	0,36	25	28	08:37:04	166
20:34	0	202	37,8	3314	2983	0,90	42	1989	82,6	16,4	51,1	1,44	0,92	0,52	0,36	25	28	08:37:05	165
20:36	0	202	38,4	3374	3027	0,90	43	1959	84,8	16,7	49,8	1,39	0,88	0,51	0,37	25	28	08:37:07	165
20:37	0	202	37,6	3299	2993	0,91	40	2055	82,6	16,3	51,1	1,49	0,95	0,54	0,36	25	28	08:37:08	165
20:39	0	202	36,6	3216	2925	0,91	39	2053	80,3	15,9	52,5	1,53	1,00	0,53	0,35	25	27	08:37:10	165
20:40	0	202	36,5	3207	2903	0,91	39	2022	78,3	15,9	53,7	1,55	1,00	0,55	0,35	24	27	08:37:11	165
20:42	0	202	37,6	3301	2991	0,91	38	2141	80,5	16,3	52,4	1,60	1,00	0,59	0,37	24	27	08:37:13	165
20:44	0	202	37,6	3301	2991	0,91	38	2141	80,5	16,3	52,4	1,60	1,00	0,59	0,37	24	27	08:37:15	132
20:45	0	202	38,0	3339	3013	0,90	38	2109	81,1	16,5	52,0	1,56	0,98	0,58	0,37	24	27	08:37:16	33
20:46	0	202	38,3	3361	3032	0,90	38	2127	81,7	16,6	51,7	1,56	0,97	0,59	0,38	24	27	08:37:17	 
20:48	0	202	38,9	3414	3064	0,90	40	2091	83,3	16,9	50,7	1,51	0,95	0,56	0,37	24	27	08:37:19	 
20:50	0	202	38,5	3379	3070	0,91	37	2238	83,8	16,7	50,4	1,60	1,02	0,58	0,36	25	27	08:37:21	 
20:51	0	202	38,5	3379	3070	0,91	37	2238	83,8	16,7	50,4	1,60	1,02	0,58	0,36	25	27	08:37:22	 
20:53	0	202	38,5	3381	3049	0,90	40	2087	84,1	16,7	50,2	1,49	0,96	0,53	0,35	25	28	08:37:24	 
20:54	0	202	38,4	3367	3058	0,91	40	2133	84,7	16,7	49,9	1,51	0,97	0,54	0,35	25	28	08:37:25	 
20:56	0	202	37,9	3327	3046	0,92	38	2200	84,4	16,5	50,1	1,56	1,00	0,56	0,36	25	28	08:37:27	 
20:58	0	202	36,5	3207	2947	0,92	38	2160	81,5	15,9	51,8	1,59	1,02	0,57	0,36	25	28	08:37:29	 
20:59	0	202	36,5	3200	2914	0,91	40	2026	80,5	15,8	52,4	1,51	0,96	0,55	0,37	25	28	08:37:30	 
21:01	0	202	38,4	3367	3039	0,90	44	1952	85,1	16,6	49,6	1,38	0,87	0,50	0,37	25	28	08:37:32	 
21:02	0	202	39,8	3498	3157	0,90	42	2102	87,5	17,3	48,3	1,44	0,91	0,53	0,37	25	28	08:37:33	 
21:04	0	202	38,6	3388	3049	0,90	41	2070	83,9	16,7	50,4	1,48	0,94	0,54	0,36	25	28	08:37:35	 
21:06	0	202	37,9	3330	3012	0,90	37	2184	81,4	16,5	51,9	1,61	1,01	0,60	0,37	24	27	08:37:37	 
21:08	0	202	38,7	3394	3058	0,90	37	2196	82,3	16,8	51,3	1,60	1,01	0,59	0,37	24	27	08:37:39	 
21:09	0	202	39,6	3478	3103	0,89	41	2079	84,5	17,1	50,0	1,48	0,95	0,52	0,35	24	27	08:37:40	 
21:11	0	202	38,8	3410	3092	0,91	36	2329	83,3	16,9	50,7	1,68	1,07	0,61	0,36	24	27	08:37:42	 
21:13	0	202	38,5	3381	3066	0,91	36	2296	82,2	16,7	51,4	1,68	1,05	0,63	0,37	24	27	08:37:44	 
21:14	0	202	38,8	3405	3075	0,90	38	2207	82,8	16,8	51,0	1,60	1,02	0,58	0,36	24	27	08:37:45	 
21:16	0	202	38,1	3348	3055	0,91	35	2343	82,0	16,6	51,5	1,71	1,06	0,65	0,38	24	27	08:37:47	 
21:17	0	202	38,8	3409	3080	0,90	39	2175	84,1	16,8	50,3	1,55	0,97	0,58	0,37	25	27	08:37:48	 
21:19	0	202	37,6	3299	2991	0,91	37	2193	81,1	16,3	52,0	1,62	1,02	0,61	0,37	25	27	08:37:50	 
21:21	0	202	37,4	3284	2982	0,91	38	2166	81,5	16,2	51,8	1,59	0,98	0,61	0,38	25	27	08:37:52	 
21:22	0	202	39,5	3464	3119	0,90	40	2130	85,2	17,1	49,6	1,50	0,92	0,58	0,39	25	27	08:37:53	 
21:23	0	202	39,1	3430	3100	0,90	40	2142	85,8	17,0	49,3	1,50	0,92	0,57	0,38	25	28	08:37:54	 
21:25	0	202	38,3	3360	3051	0,91	40	2129	85,7	16,6	49,3	1,49	0,92	0,57	0,39	26	28	08:37:56	 
21:26	0	202	38,1	3346	3024	0,90	42	2041	85,0	16,5	49,7	1,44	0,91	0,53	0,37	25	28	08:37:57	 
21:28	0	202	37,6	3301	2982	0,90	40	2054	82,5	16,3	51,2	1,49	0,96	0,54	0,36	25	28	08:37:59	 
21:30	0	202	37,2	3263	2937	0,90	42	1951	82,4	16,1	51,2	1,42	0,92	0,50	0,35	25	28	08:38:01	 
21:32	0	202	37,4	3283	2914	0,89	42	1922	80,0	16,2	52,7	1,44	0,94	0,50	0,35	24	27	08:38:03	 
21:33	0	202	37,9	3324	2918	0,88	40	1967	78,1	16,3	53,8	1,51	0,99	0,52	0,34	23	27	08:38:04	 
21:35	0	202	38,4	3376	2960	0,88	40	1968	79,0	16,6	53,3	1,49	0,98	0,51	0,34	23	27	08:38:06	 
21:37	0	202	37,7	3314	2889	0,87	38	1985	76,1	16,3	55,0	1,57	1,03	0,53	0,34	23	26	08:38:08	 
21:38	0	202	38,8	3409	2955	0,87	38	2040	77,5	16,7	54,2	1,58	1,03	0,55	0,35	23	26	08:38:09	 
21:40	0	202	37,8	3321	2897	0,87	35	2155	76,2	16,3	54,9	1,70	1,10	0,60	0,35	23	26	08:38:11	 
21:42	0	202	40,0	3513	3033	0,86	38	2117	80,0	17,2	52,7	1,59	1,01	0,57	0,36	23	26	08:38:13	 
21:43	0	202	39,9	3505	3053	0,87	38	2165	81,5	17,2	51,8	1,59	1,01	0,58	0,36	23	27	08:38:14	 
21:45	0	202	39,5	3469	3043	0,88	39	2126	82,8	17,0	51,0	1,54	0,98	0,56	0,36	24	27	08:38:16	 
21:46	0	202	38,6	3385	2993	0,88	39	2092	82,0	16,7	51,5	1,53	0,98	0,55	0,36	24	27	08:38:17	 
21:48	0	202	38,9	3417	3062	0,90	38	2205	84,0	16,9	50,3	1,57	1,00	0,58	0,37	25	27	08:38:19	 
21:50	0	202	39,3	3455	3116	0,90	38	2247	85,3	17,1	49,5	1,58	1,00	0,58	0,37	25	27	08:38:21	 
21:52	0	202	39,3	3455	3116	0,90	38	2247	85,3	17,1	49,5	1,58	1,00	0,58	0,37	25	27	08:38:23	 
21:53	0	202	39,3	3455	3116	0,90	38	2247	85,3	17,1	49,5	1,58	1,00	0,58	0,37	25	27	08:38:24	 
21:54	0	202	39,5	3468	3127	0,90	39	2199	86,3	17,1	48,9	1,53	0,97	0,56	0,37	25	28	08:38:25	 
21:55	0	202	40,0	3508	3162	0,90	40	2209	87,4	17,3	48,3	1,52	0,96	0,56	0,37	25	28	08:38:26	 
21:57	0	202	40,1	3522	3175	0,90	40	2188	88,3	17,4	47,7	1,49	0,93	0,56	0,37	25	28	08:38:28	 
21:59	0	202	39,1	3437	3101	0,90	40	2176	86,7	17,0	48,7	1,51	0,95	0,56	0,37	25	28	08:38:30	 
22:01	0	202	38,0	3337	3021	0,91	37	2254	83,1	16,5	50,8	1,63	1,02	0,61	0,38	25	28	08:38:32	 
22:03	0	202	39,6	3475	3104	0,89	40	2153	85,3	17,1	49,5	1,51	0,96	0,55	0,36	25	27	08:38:34	 
22:04	0	202	39,7	3483	3107	0,89	40	2144	85,4	17,2	49,5	1,51	0,95	0,55	0,37	25	27	08:38:35	 
22:05	0	202	39,7	3489	3119	0,89	39	2195	86,1	17,2	49,1	1,53	0,96	0,57	0,37	25	28	08:38:36	 
22:07	0	202	38,5	3381	3033	0,90	39	2176	83,8	16,7	50,4	1,56	0,99	0,57	0,36	25	28	08:38:38	 
22:08	0	202	38,4	3375	3028	0,90	38	2168	83,3	16,7	50,7	1,56	1,00	0,56	0,36	25	28	08:38:39	 
22:09	0	202	40,1	3523	3138	0,89	43	2050	88,9	17,4	47,4	1,38	0,90	0,48	0,35	25	28	08:38:40	 
22:11	0	202	40,7	3575	3175	0,89	45	2006	90,8	17,6	46,3	1,33	0,85	0,48	0,36	25	29	08:38:42	 
22:12	0	202	40,5	3555	3179	0,89	46	1992	91,2	17,5	46,0	1,31	0,83	0,48	0,36	26	29	08:38:43	 
22:14	0	202	39,0	3429	3082	0,90	44	1983	87,8	16,9	48,1	1,36	0,88	0,48	0,35	26	28	08:38:45	 
22:16	0	202	37,6	3301	2979	0,90	42	1972	83,8	16,3	50,4	1,41	0,92	0,49	0,35	25	28	08:38:47	 
22:17	0	202	38,5	3384	3034	0,90	44	1948	85,2	16,7	49,6	1,37	0,89	0,48	0,35	25	28	08:38:48	 
22:18	0	202	38,5	3378	3018	0,89	43	1942	84,2	16,7	50,2	1,38	0,90	0,48	0,35	25	28	08:38:49	 
22:20	0	202	38,0	3337	2992	0,90	40	2065	82,3	16,5	51,3	1,51	0,96	0,54	0,36	25	28	08:38:51	 
22:22	0	202	38,7	3395	3029	0,89	39	2112	82,0	16,7	51,5	1,55	0,99	0,55	0,36	24	27	08:38:53	 
22:24	0	202	37,5	3290	2965	0,90	36	2223	80,1	16,3	52,6	1,66	1,07	0,60	0,36	24	27	08:38:55	 
22:25	0	202	38,7	3394	3035	0,89	37	2230	82,1	16,7	51,4	1,63	1,04	0,59	0,36	24	27	08:38:56	 
22:26	0	202	40,0	3511	3113	0,89	41	2100	85,1	17,3	49,7	1,48	0,95	0,53	0,36	24	27	08:38:57	 
22:28	0	202	39,3	3453	3065	0,89	41	2058	84,6	17,0	50,0	1,46	0,92	0,54	0,37	24	28	08:38:59	 
22:29	0	202	40,1	3525	3120	0,89	43	2046	87,3	17,3	48,4	1,41	0,88	0,53	0,38	25	28	08:39:00	 
22:30	0	202	40,4	3547	3113	0,88	48	1884	90,0	17,4	46,8	1,26	0,80	0,46	0,37	25	29	08:39:01	 
22:31	0	202	39,9	3507	3091	0,88	49	1839	90,9	17,2	46,2	1,21	0,77	0,44	0,36	26	29	08:39:02	 
22:32	0	202	41,3	3623	3197	0,88	50	1891	93,6	17,8	44,6	1,21	0,78	0,44	0,36	26	29	08:39:03	 
22:34	0	202	40,2	3534	3182	0,90	45	2053	91,5	17,5	45,9	1,35	0,84	0,50	0,37	26	29	08:39:05	 
22:35	0	202	39,2	3441	3127	0,91	43	2067	89,5	17,0	47,1	1,39	0,87	0,51	0,37	26	29	08:39:06	 
22:37	0	202	39,5	3469	3153	0,91	43	2090	89,6	17,2	47,0	1,40	0,88	0,52	0,37	26	28	08:39:08	 
22:39	0	202	39,0	3427	3145	0,92	40	2203	88,0	17,0	47,9	1,50	0,95	0,55	0,37	26	28	08:39:10	 
22:40	0	202	39,3	3448	3166	0,92	40	2210	88,3	17,1	47,8	1,50	0,94	0,56	0,37	26	28	08:39:11	 
22:42	0	202	38,9	3419	3153	0,92	39	2248	87,6	17,0	48,2	1,54	0,96	0,58	0,37	26	28	08:39:13	 
22:43	0	202	38,9	3419	3153	0,92	39	2248	87,6	17,0	48,2	1,54	0,96	0,58	0,37	26	28	08:39:14	 
22:44	0	202	39,6	3479	3166	0,91	42	2110	88,9	17,2	47,4	1,42	0,90	0,53	0,37	26	28	08:39:15	 
22:46	0	202	38,3	3365	3083	0,92	38	2222	85,5	16,7	49,4	1,56	0,97	0,59	0,38	25	28	08:39:17	 
22:48	0	202	39,0	3423	3135	0,92	38	2252	86,6	17,0	48,8	1,56	0,98	0,58	0,37	25	28	08:39:19	 
22:50	0	202	38,1	3343	3066	0,92	37	2295	83,9	16,6	50,4	1,64	1,03	0,62	0,38	25	27	08:39:21	 
22:51	0	202	38,4	3370	3090	0,92	36	2310	83,8	16,7	50,4	1,65	1,05	0,60	0,37	25	27	08:39:22	 
22:53	0	202	39,9	3501	3177	0,91	39	2201	86,4	17,3	48,9	1,53	0,99	0,54	0,35	25	27	08:39:24	 
22:54	0	202	38,7	3401	3073	0,90	40	2131	84,3	16,8	50,1	1,52	0,98	0,54	0,36	25	27	08:39:25	 
22:56	0	202	37,0	3245	2966	0,91	36	2233	80,6	16,1	52,3	1,66	1,06	0,60	0,36	25	27	08:39:27	 
22:57	0	202	39,0	3427	3112	0,91	39	2172	84,6	17,0	49,9	1,54	1,00	0,54	0,35	25	27	08:39:28	 
22:58	0	202	38,5	3381	3071	0,91	41	2070	85,1	16,7	49,7	1,46	0,97	0,49	0,34	25	28	08:39:29	 
22:59	0	202	40,7	3572	3184	0,89	49	1885	91,9	17,6	45,6	1,23	0,82	0,41	0,33	26	29	08:39:30	 
23:01	0	202	39,5	3468	3137	0,90	46	1983	91,5	17,1	45,9	1,30	0,86	0,44	0,34	26	29	08:39:32	 
23:02	0	202	40,0	3512	3184	0,91	48	1962	94,2	17,4	44,3	1,25	0,82	0,43	0,34	27	30	08:39:33	 
23:03	0	202	40,1	3517	3222	0,92	48	1998	95,6	17,4	43,5	1,25	0,82	0,44	0,35	27	30	08:39:34	 
23:06	0	202	40,1	3518	3222	0,92	48	1998	95,6	17,4	43,5	1,25	0,82	0,44	0,35	27	30	08:39:37	 
23:08	0	202	40,9	3587	3260	0,91	43	2141	91,9	17,8	45,6	1,40	0,91	0,48	0,35	26	28	08:39:39	 
23:09	0	202	41,8	3667	3296	0,90	44	2154	93,8	18,1	44,5	1,38	0,88	0,50	0,36	26	28	08:39:40	 
23:10	0	202	42,3	3713	3339	0,90	42	2238	93,4	18,3	44,8	1,44	0,91	0,52	0,36	25	28	08:39:41	 
23:11	0	202	43,0	3774	3343	0,89	45	2108	95,0	18,6	43,8	1,33	0,84	0,50	0,37	25	28	08:39:42	 
23:12	0	202	43,6	3831	3364	0,88	47	2049	97,1	18,8	42,6	1,27	0,80	0,47	0,37	25	29	08:39:43	 
23:13	0	202	43,8	3848	3356	0,87	49	1990	98,2	18,9	41,9	1,22	0,77	0,45	0,37	26	29	08:39:44	 
V02 Max																			
23:14	0	202	43,9	3854	3365	0,87	49	2010	98,1	18,9	42,0	1,23	0,78	0,45	0,37	25	29	08:39:45	 
23:16	0	202	42,3	3712	3284	0,88	54	1859	100,3	18,3	40,7	1,11	0,70	0,41	0,37	27	31	08:39:47	 
23:17	0	202	40,8	3583	3204	0,89	54	1813	98,4	17,7	41,8	1,11	0,70	0,41	0,37	27	31	08:39:48	 
23:18	0	202	39,3	3449	3117	0,90	51	1849	95,0	17,0	43,8	1,17	0,73	0,44	0,38	28	30	08:39:49	 
23:20	0	202	39,5	3472	3173	0,91	47	1978	92,3	17,2	45,4	1,29	0,80	0,49	0,38	27	29	08:39:51	 
23:21	0	202	39,7	3484	3180	0,91	46	2010	91,7	17,3	45,8	1,32	0,82	0,50	0,38	26	29	08:39:52	 
23:24	0	202	38,4	3369	3105	0,92	40	2192	87,2	16,7	48,4	1,51	0,93	0,58	0,38	26	28	08:39:55	 
23:25	0	202	37,5	3294	3041	0,92	38	2199	84,2	16,4	50,2	1,57	0,98	0,59	0,37	26	28	08:39:56	 
23:26	0	202	37,7	3312	3061	0,92	38	2245	84,5	16,4	50,0	1,59	0,99	0,60	0,38	26	28	08:39:57	 
23:27	0	202	38,1	3344	3075	0,92	37	2280	84,7	16,6	49,9	1,61	1,01	0,61	0,38	25	28	08:39:58	 
23:28	0	202	39,9	3501	3204	0,92	38	2349	88,7	17,3	47,5	1,59	0,98	0,60	0,38	25	28	08:39:59	 
23:30	0	202	39,5	3470	3160	0,91	39	2268	88,9	17,2	47,4	1,53	0,95	0,58	0,38	26	28	08:40:01	 
23:31	0	202	39,1	3432	3120	0,91	40	2227	88,4	17,0	47,7	1,51	0,94	0,57	0,38	26	28	08:40:02	 
23:32	0	202	41,8	3669	3280	0,89	46	2070	94,2	18,1	44,3	1,32	0,82	0,49	0,37	26	29	08:40:03	 
23:34	0	202	41,8	3669	3281	0,89	46	2070	94,2	18,1	44,3	1,32	0,82	0,49	0,37	26	29	08:40:05	 
23:35	0	202	41,3	3628	3239	0,89	44	2095	91,9	17,9	45,7	1,37	0,86	0,51	0,37	25	28	08:40:06	 
23:37	0	202	40,7	3573	3184	0,89	44	2054	90,1	17,6	46,7	1,37	0,85	0,51	0,38	25	28	08:40:08	 
23:38	0	202	40,6	3568	3166	0,89	44	2022	89,9	17,6	46,8	1,35	0,84	0,51	0,38	25	28	08:40:09	 
23:39	0	202	41,6	3651	3241	0,89	45	2065	91,9	18,0	45,6	1,35	0,84	0,51	0,38	25	28	08:40:10	 
23:41	0	202	41,6	3653	3247	0,89	45	2072	92,5	18,0	45,3	1,34	0,84	0,50	0,37	25	28	08:40:12	 
23:42	0	202	40,9	3589	3204	0,89	44	2063	90,6	17,7	46,4	1,37	0,86	0,51	0,37	25	28	08:40:13	 
23:44	0	202	40,9	3589	3204	0,89	44	2063	90,6	17,7	46,4	1,37	0,86	0,51	0,37	25	28	08:40:15	 
23:45	0	202	41,0	3597	3209	0,89	44	2059	91,1	17,7	46,1	1,36	0,85	0,50	0,37	25	28	08:40:16	 
23:47	0	202	41,4	3638	3264	0,90	42	2204	91,7	18,0	45,8	1,44	0,89	0,55	0,38	25	28	08:40:18	 
23:48	0	202	41,4	3638	3263	0,90	42	2204	91,7	18,0	45,8	1,44	0,89	0,55	0,38	25	28	08:40:19	 
23:49	0	202	41,6	3653	3253	0,89	43	2127	91,7	18,0	45,8	1,39	0,85	0,54	0,39	25	28	08:40:20	 
23:51	0	202	41,4	3637	3238	0,89	43	2124	91,2	17,9	46,1	1,40	0,85	0,54	0,39	25	28	08:40:22	 
23:52	0	202	42,1	3694	3282	0,89	44	2114	93,0	18,2	45,0	1,36	0,83	0,53	0,39	25	28	08:40:23	 
