TEMPS	Vitesse	PUIS.	VO2/KG	VO2	VCO2	Q.R	FR	Vt	VE	KCal	Rés.V.	Ttot	Te	Ti	Ti/Ttot	VE/VO2	VE/VCO2	Horloge	FC
(min)	(RPM)	(Watts)	(mL/kg/min)	(mL/min)	(mL/min)		(br/min)	(mL)	(L/min)	(KCal/min)	(%)	(sec)	(sec)	(sec)				(Minuterie)	(BPM)
0:12	0	80	11,3	843	729	0,87	16	1251	20,4	4,1	86,9	3,68	2,48	1,20	0,33	24	28	07:30:00	79
0:15	0	80	11,5	858	714	0,83	17	1202	20,6	4,2	86,8	3,51	2,34	1,17	0,33	24	29	07:30:03	83
0:20	0	80	11,4	857	714	0,83	17	1202	20,6	4,2	86,8	3,51	2,34	1,17	0,33	24	29	07:30:08	83
0:25	0	80	11,3	849	722	0,85	17	1227	20,5	4,1	86,8	3,60	2,41	1,18	0,33	24	28	07:30:13	85
0:29	0	80	12,7	952	782	0,82	17	1279	21,8	4,6	85,9	3,51	2,34	1,18	0,33	23	28	07:30:17	86
0:32	0	80	13,6	1018	825	0,81	17	1327	22,9	4,9	85,2	3,47	2,35	1,12	0,32	23	28	07:30:20	87
0:36	0	80	13,8	1030	828	0,80	17	1341	23,0	5,0	85,2	3,50	2,40	1,10	0,32	22	28	07:30:24	88
0:40	0	80	14,7	1098	853	0,78	17	1364	22,9	5,3	85,2	3,57	2,47	1,10	0,31	21	27	07:30:28	90
0:43	0	80	15,8	1185	947	0,80	16	1630	25,6	5,7	83,5	3,82	2,64	1,18	0,31	22	27	07:30:31	92
0:47	0	80	16,3	1219	928	0,76	17	1458	24,5	5,8	84,2	3,56	2,41	1,15	0,32	20	26	07:30:35	93
0:51	0	80	16,7	1252	964	0,77	17	1541	25,8	6,0	83,4	3,58	2,49	1,09	0,30	21	27	07:30:39	95
0:55	0	80	17,6	1318	1010	0,77	16	1625	26,8	6,3	82,8	3,64	2,55	1,09	0,30	20	27	07:30:43	95
0:59	0	80	18,2	1364	1046	0,77	16	1669	27,5	6,5	82,3	3,64	2,52	1,13	0,31	20	26	07:30:47	99
1:01	0	80	19,5	1463	1123	0,77	16	1836	29,0	7,0	81,4	3,80	2,51	1,29	0,34	20	26	07:30:49	102
1:05	0	80	19,5	1463	1123	0,77	16	1836	29,0	7,0	81,4	3,80	2,51	1,29	0,34	20	26	07:30:53	103
1:07	0	80	18,9	1417	1115	0,79	16	1762	29,0	6,8	81,4	3,65	2,48	1,17	0,32	20	26	07:30:55	103
1:11	0	80	18,4	1380	1120	0,81	16	1776	29,0	6,7	81,3	3,67	2,46	1,22	0,33	21	26	07:30:59	103
1:18	0	80	18,0	1348	1122	0,83	17	1735	29,7	6,6	80,9	3,51	2,27	1,24	0,35	22	26	07:31:06	103
1:23	0	80	17,9	1343	1154	0,86	17	1840	31,0	6,6	80,0	3,56	2,36	1,20	0,34	23	27	07:31:11	102
1:27	0	80	16,5	1234	1098	0,89	14	2088	29,2	6,1	81,2	4,29	2,94	1,35	0,32	24	27	07:31:15	101
1:29	0	80	16,5	1234	1098	0,89	14	2088	29,2	6,1	81,2	4,29	2,94	1,35	0,32	24	27	07:31:17	101
1:32	0	80	17,4	1306	1142	0,87	14	2072	29,8	6,4	80,8	4,17	2,85	1,32	0,32	23	26	07:31:20	101
1:35	0	80	17,6	1318	1156	0,88	14	2134	30,4	6,5	80,4	4,21	2,87	1,33	0,32	23	26	07:31:23	101
1:38	0	80	17,3	1293	1134	0,88	15	2041	30,1	6,4	80,6	4,06	2,86	1,20	0,30	23	27	07:31:26	100
1:41	0	80	19,0	1422	1225	0,86	19	1748	33,1	7,0	78,7	3,17	2,16	1,01	0,32	23	27	07:31:29	104
1:44	0	80	19,3	1444	1253	0,87	21	1622	33,9	7,1	78,2	2,87	1,97	0,90	0,31	23	27	07:31:32	104
1:47	0	80	19,4	1452	1263	0,87	21	1667	34,3	7,1	77,9	2,91	1,98	0,94	0,32	24	27	07:31:35	106
1:50	0	80	18,8	1407	1252	0,89	20	1726	34,4	6,9	77,9	3,01	2,02	0,99	0,33	24	27	07:31:38	106
1:54	0	80	18,6	1394	1247	0,89	19	1770	34,1	6,9	78,1	3,12	2,08	1,03	0,33	24	27	07:31:42	106
1:57	0	80	18,8	1405	1255	0,89	19	1746	33,9	6,9	78,2	3,09	2,06	1,02	0,33	24	27	07:31:45	105
2:00	0	80	18,8	1404	1255	0,89	19	1746	33,9	6,9	78,2	3,09	2,06	1,02	0,33	24	27	07:31:48	105
2:03	0	80	18,8	1406	1261	0,90	18	1849	33,9	6,9	78,2	3,27	2,17	1,10	0,34	24	27	07:31:51	105
2:06	0	80	18,2	1362	1209	0,89	19	1697	32,6	6,7	79,0	3,12	2,08	1,04	0,33	24	27	07:31:54	105
2:09	0	80	18,0	1348	1191	0,88	19	1662	31,9	6,6	79,5	3,13	2,15	0,98	0,31	24	27	07:31:57	105
2:13	0	80	16,6	1244	1077	0,87	18	1598	28,4	6,1	81,7	3,37	2,56	0,82	0,24	23	26	07:32:01	104
2:17	0	80	16,6	1243	1077	0,87	18	1598	28,4	6,1	81,7	3,37	2,56	0,82	0,24	23	26	07:32:05	104
2:19	0	80	17,0	1273	1089	0,86	18	1579	28,8	6,2	81,5	3,29	2,53	0,75	0,23	23	26	07:32:07	103
2:22	0	80	17,5	1308	1114	0,85	19	1558	29,7	6,4	80,9	3,15	2,36	0,79	0,25	23	27	07:32:10	103
2:26	0	80	16,9	1264	1075	0,85	18	1594	28,4	6,2	81,7	3,37	2,65	0,72	0,21	22	26	07:32:14	103
2:30	0	80	16,6	1240	1042	0,84	17	1591	27,2	6,0	82,5	3,51	2,80	0,70	0,20	22	26	07:32:18	103
2:33	0	80	18,2	1366	1164	0,85	18	1719	31,2	6,7	79,9	3,31	2,37	0,93	0,28	23	27	07:32:21	104
2:35	0	80	19,3	1448	1232	0,85	20	1644	33,4	7,1	78,5	2,95	2,15	0,81	0,27	23	27	07:32:23	104
2:37	0	80	18,5	1382	1182	0,86	20	1610	32,7	6,8	79,0	2,96	2,02	0,93	0,32	24	28	07:32:25	105
2:40	0	80	18,7	1401	1195	0,85	21	1568	32,9	6,8	78,8	2,86	1,99	0,87	0,30	23	28	07:32:28	106
2:43	0	80	19,4	1455	1252	0,86	21	1621	34,2	7,1	78,0	2,84	1,96	0,88	0,31	24	27	07:32:31	105
2:45	0	80	20,1	1506	1305	0,87	24	1523	36,7	7,4	76,4	2,49	1,59	0,90	0,36	24	28	07:32:33	106
2:48	0	80	21,4	1606	1415	0,88	22	1751	38,6	7,9	75,2	2,73	1,84	0,89	0,33	24	27	07:32:36	106
2:54	0	80	20,9	1566	1379	0,88	25	1533	37,9	7,7	75,6	2,42	1,63	0,79	0,33	24	28	07:32:42	106
2:57	0	80	19,9	1488	1308	0,88	23	1563	35,6	7,3	77,1	2,63	1,68	0,96	0,36	24	27	07:32:45	106
3:00	0	80	20,7	1549	1349	0,87	20	1739	35,6	7,6	77,1	2,93	1,95	0,98	0,33	23	26	07:32:48	106
3:03	0	80	19,6	1468	1253	0,85	21	1616	33,2	7,2	78,6	2,92	1,91	1,01	0,34	23	27	07:32:51	106
3:08	0	80	18,8	1407	1210	0,86	17	1831	31,8	6,9	79,5	3,45	2,26	1,19	0,35	23	26	07:32:56	103
3:11	0	80	19,2	1441	1225	0,85	18	1805	31,7	7,0	79,6	3,42	2,29	1,12	0,33	22	26	07:32:59	103
3:14	0	80	18,5	1384	1184	0,86	17	1862	30,8	6,8	80,2	3,63	2,42	1,22	0,33	22	26	07:33:02	96
3:18	0	80	18,5	1385	1184	0,86	17	1862	30,8	6,8	80,2	3,63	2,42	1,22	0,33	22	26	07:33:06	96
3:21	0	80	18,4	1375	1185	0,86	16	1916	31,0	6,7	80,0	3,71	2,48	1,22	0,33	23	26	07:33:09	93
3:25	0	80	17,8	1333	1160	0,87	16	1888	30,4	6,5	80,4	3,72	2,48	1,24	0,33	23	26	07:33:13	93
3:28	0	80	17,7	1326	1157	0,87	16	1853	30,4	6,5	80,5	3,66	2,45	1,21	0,33	23	26	07:33:16	93
3:32	0	80	17,4	1303	1124	0,86	18	1647	29,2	6,4	81,2	3,38	2,30	1,08	0,32	22	26	07:33:20	93
3:36	0	80	17,4	1303	1124	0,86	18	1647	29,2	6,4	81,2	3,38	2,30	1,08	0,32	22	26	07:33:24	93
3:39	0	80	18,1	1355	1160	0,86	19	1614	30,1	6,6	80,6	3,22	2,21	1,01	0,31	22	26	07:33:27	93
3:41	0	80	18,9	1414	1205	0,85	20	1608	31,7	6,9	79,6	3,05	2,07	0,97	0,32	22	26	07:33:29	95
3:45	0	80	19,5	1458	1239	0,85	20	1623	32,4	7,1	79,2	3,01	2,06	0,95	0,31	22	26	07:33:33	95
3:49	0	80	19,6	1466	1252	0,85	19	1705	32,6	7,2	79,0	3,14	2,13	1,00	0,32	22	26	07:33:37	101
3:52	0	80	19,9	1491	1273	0,85	19	1766	32,9	7,3	78,8	3,22	2,19	1,04	0,32	22	26	07:33:40	101
Départ Exercice																			
3:56	0	150	20,8	1558	1337	0,86	19	1832	34,6	7,6	77,7	3,18	2,12	1,05	0,33	22	26	07:33:44	103
3:59	0	150	19,9	1491	1273	0,85	19	1766	32,9	7,3	78,8	3,22	2,19	1,04	0,32	22	26	07:33:47	103
4:02	0	150	20,3	1523	1315	0,86	18	1934	33,9	7,5	78,2	3,42	2,26	1,16	0,34	22	26	07:33:50	103
4:05	0	150	20,7	1549	1342	0,87	17	1970	34,4	7,6	77,8	3,43	2,28	1,16	0,34	22	26	07:33:53	103
4:09	0	150	20,8	1561	1369	0,88	16	2166	35,3	7,7	77,3	3,68	2,40	1,28	0,35	23	26	07:33:57	104
4:12	0	150	21,8	1629	1426	0,88	17	2107	36,9	8,0	76,3	3,43	2,22	1,21	0,35	23	26	07:34:00	107
4:15	0	150	22,7	1700	1496	0,88	17	2243	38,4	8,4	75,3	3,50	2,24	1,26	0,36	23	26	07:34:03	111
4:20	0	150	22,5	1683	1498	0,89	16	2320	38,1	8,3	75,5	3,65	2,42	1,23	0,34	23	25	07:34:08	111
4:23	0	150	22,8	1706	1513	0,89	18	2126	38,2	8,4	75,4	3,34	2,24	1,10	0,33	22	25	07:34:11	112
4:27	0	150	22,9	1714	1525	0,89	18	2122	38,6	8,4	75,2	3,30	2,26	1,04	0,32	23	25	07:34:15	112
4:30	0	150	22,7	1699	1538	0,91	18	2197	39,8	8,4	74,4	3,31	2,21	1,10	0,33	23	26	07:34:18	113
4:32	0	150	24,6	1842	1654	0,90	17	2514	42,2	9,1	72,9	3,58	2,43	1,14	0,32	23	25	07:34:20	113
4:36	0	150	24,1	1808	1660	0,92	17	2558	42,9	9,0	72,4	3,58	2,48	1,10	0,31	24	26	07:34:24	114
4:39	0	150	23,8	1779	1633	0,92	17	2524	42,0	8,8	73,0	3,61	2,48	1,12	0,31	24	26	07:34:27	113
4:42	0	150	24,8	1860	1704	0,92	18	2438	44,0	9,2	71,7	3,33	2,25	1,07	0,32	24	26	07:34:30	115
4:45	0	150	25,4	1903	1758	0,92	18	2558	45,6	9,4	70,7	3,37	2,28	1,09	0,32	24	26	07:34:33	116
4:48	0	150	24,7	1848	1748	0,95	19	2415	46,2	9,2	70,3	3,14	2,08	1,06	0,34	25	26	07:34:36	116
4:51	0	150	25,8	1936	1823	0,94	20	2421	47,3	9,7	69,6	3,07	2,09	0,98	0,32	24	26	07:34:39	119
4:54	0	150	25,4	1900	1801	0,95	19	2490	46,9	9,5	69,8	3,18	2,15	1,04	0,33	25	26	07:34:42	122
4:57	0	150	26,4	1976	1855	0,94	20	2406	48,2	9,8	69,0	3,00	2,00	1,00	0,33	24	26	07:34:45	122
4:59	0	150	26,5	1982	1862	0,94	20	2349	48,1	9,9	69,0	2,93	1,96	0,97	0,33	24	26	07:34:47	124
5:02	0	150	26,6	1994	1875	0,94	21	2291	48,5	9,9	68,8	2,83	1,90	0,93	0,33	24	26	07:34:50	124
5:05	0	150	26,8	2006	1892	0,94	21	2347	48,8	10,0	68,6	2,89	1,91	0,98	0,34	24	26	07:34:53	125
5:08	0	150	26,8	2006	1892	0,94	21	2347	48,8	10,0	68,6	2,89	1,91	0,98	0,34	24	26	07:34:56	127
5:10	0	150	26,9	2017	1905	0,94	21	2304	49,4	10,1	68,2	2,80	1,83	0,97	0,35	25	26	07:34:58	127
5:12	0	150	28,1	2104	1970	0,94	23	2187	50,7	10,5	67,4	2,59	1,70	0,89	0,34	24	26	07:35:00	127
5:15	0	150	27,9	2090	1972	0,94	22	2289	50,6	10,4	67,4	2,71	1,79	0,92	0,34	24	26	07:35:03	127
5:18	0	150	27,9	2090	1972	0,94	22	2289	50,6	10,4	67,4	2,71	1,79	0,92	0,34	24	26	07:35:06	127
5:21	0	150	27,8	2081	1990	0,96	22	2389	51,5	10,4	66,8	2,78	1,84	0,94	0,34	25	26	07:35:09	127
5:24	0	150	28,5	2135	2043	0,96	22	2393	52,4	10,7	66,3	2,74	1,86	0,88	0,32	25	26	07:35:12	127
5:26	0	150	27,8	2080	2000	0,96	22	2346	51,9	10,4	66,6	2,71	1,83	0,88	0,33	25	26	07:35:14	129
5:30	0	150	27,7	2074	2011	0,97	20	2524	51,7	10,4	66,7	2,93	2,01	0,92	0,32	25	26	07:35:18	131
5:32	0	150	27,1	2032	1978	0,97	21	2457	51,8	10,2	66,6	2,84	1,90	0,94	0,33	26	26	07:35:20	134
5:35	0	150	27,7	2078	2014	0,97	22	2386	52,0	10,4	66,5	2,75	1,87	0,89	0,32	25	26	07:35:23	133
5:38	0	150	27,7	2078	2014	0,97	22	2386	52,0	10,4	66,5	2,75	1,87	0,89	0,32	25	26	07:35:26	133
5:40	0	150	28,7	2151	2087	0,97	21	2493	53,5	10,8	65,6	2,79	1,93	0,87	0,31	25	26	07:35:28	133
5:43	0	150	28,5	2136	2081	0,97	22	2490	54,4	10,7	65,0	2,74	1,87	0,87	0,32	25	26	07:35:31	133
5:45	0	150	29,3	2192	2143	0,98	21	2615	55,9	11,0	64,0	2,81	1,93	0,88	0,31	25	26	07:35:33	132
5:48	0	150	29,0	2170	2123	0,98	22	2491	55,9	10,9	64,0	2,67	1,78	0,89	0,33	26	26	07:35:36	132
5:51	0	150	29,1	2181	2135	0,98	21	2662	55,9	11,0	64,0	2,86	1,89	0,97	0,34	26	26	07:35:39	132
5:53	0	150	29,4	2201	2137	0,97	23	2458	56,5	11,0	63,6	2,61	1,70	0,91	0,35	26	26	07:35:41	132
5:56	0	150	30,0	2245	2177	0,97	23	2476	57,6	11,3	62,9	2,58	1,72	0,86	0,33	26	26	07:35:44	132
5:58	0	150	29,2	2187	2123	0,97	22	2481	55,8	11,0	64,1	2,67	1,79	0,88	0,33	26	26	07:35:46	130
6:01	0	150	29,2	2185	2106	0,96	22	2463	54,8	10,9	64,7	2,70	1,81	0,89	0,33	25	26	07:35:49	130
6:04	0	150	28,5	2133	2080	0,97	22	2413	53,8	10,7	65,4	2,69	1,81	0,88	0,33	25	26	07:35:52	130
6:07	0	150	28,3	2120	2073	0,98	22	2475	54,1	10,7	65,2	2,75	1,84	0,91	0,33	26	26	07:35:55	130
6:09	0	150	28,6	2141	2082	0,97	23	2420	54,5	10,7	65,0	2,67	1,82	0,85	0,32	25	26	07:35:57	130
6:13	0	150	28,6	2139	2062	0,96	22	2385	53,3	10,7	65,7	2,69	1,83	0,85	0,32	25	26	07:36:01	130
6:16	0	150	27,7	2075	1983	0,96	23	2250	51,7	10,4	66,7	2,61	1,76	0,85	0,33	25	26	07:36:04	129
6:18	0	150	27,8	2079	1990	0,96	22	2319	52,1	10,4	66,5	2,67	1,78	0,89	0,33	25	26	07:36:06	129
6:21	0	150	27,7	2078	1978	0,95	23	2284	52,3	10,4	66,3	2,62	1,70	0,92	0,35	25	26	07:36:09	130
6:24	0	150	28,2	2109	1967	0,93	22	2322	51,8	10,5	66,7	2,69	1,76	0,93	0,35	25	26	07:36:12	129
6:27	0	150	28,9	2166	2009	0,93	22	2319	52,1	10,8	66,5	2,67	1,73	0,94	0,35	24	26	07:36:15	131
6:29	0	150	29,4	2201	2043	0,93	22	2372	53,2	10,9	65,8	2,67	1,67	1,01	0,38	24	26	07:36:17	132
6:33	0	150	29,4	2201	2043	0,93	22	2372	53,2	10,9	65,8	2,67	1,67	1,01	0,38	24	26	07:36:21	132
6:34	0	150	29,2	2187	2012	0,92	25	2126	52,3	10,8	66,3	2,44	1,58	0,85	0,35	24	26	07:36:22	135
6:37	0	150	25,3	1898	1730	0,91	23	1947	44,4	9,4	71,4	2,63	1,87	0,76	0,29	23	26	07:36:25	137
6:39	0	150	26,0	1948	1799	0,92	22	2104	46,3	9,7	70,2	2,73	1,93	0,80	0,29	24	26	07:36:27	137
6:41	0	150	26,8	2004	1813	0,90	24	1989	47,1	9,9	69,7	2,53	1,75	0,78	0,31	24	26	07:36:29	137
6:43	0	150	28,3	2123	1913	0,90	25	2045	50,8	10,5	67,3	2,42	1,70	0,72	0,30	24	27	07:36:31	137
6:45	0	150	28,7	2149	1927	0,90	26	1944	51,3	10,6	67,0	2,27	1,66	0,61	0,27	24	27	07:36:33	137
6:48	0	150	34,0	2545	2327	0,91	30	2104	62,6	12,6	59,7	2,02	1,38	0,64	0,32	25	27	07:36:36	135
6:50	0	150	35,0	2619	2451	0,94	27	2396	65,6	13,0	57,8	2,19	1,43	0,76	0,35	25	27	07:36:38	135
6:52	0	150	35,0	2621	2452	0,94	27	2396	65,6	13,0	57,8	2,19	1,43	0,76	0,35	25	27	07:36:40	135
6:55	0	150	33,6	2517	2398	0,95	28	2314	64,3	12,6	58,6	2,16	1,41	0,75	0,35	26	27	07:36:43	135
6:58	0	150	32,5	2431	2404	0,99	25	2556	63,7	12,2	59,0	2,41	1,64	0,77	0,32	26	26	07:36:46	135
7:00	0	150	31,5	2358	2339	0,99	24	2599	61,7	11,9	60,3	2,53	1,73	0,79	0,31	26	26	07:36:48	136
7:02	0	150	31,5	2362	2363	1,00	24	2613	62,3	11,9	59,9	2,52	1,73	0,79	0,31	26	26	07:36:50	136
7:04	0	150	31,6	2367	2377	1,00	25	2506	63,2	12,0	59,4	2,38	1,63	0,75	0,32	27	27	07:36:52	138
7:06	0	150	31,8	2385	2409	1,01	25	2533	63,9	12,0	58,9	2,38	1,63	0,75	0,32	27	27	07:36:54	138
7:08	0	150	32,2	2410	2448	1,02	26	2533	65,7	12,2	57,7	2,31	1,55	0,76	0,33	27	27	07:36:56	139
7:11	0	150	31,5	2362	2422	1,03	25	2597	65,1	11,9	58,1	2,39	1,62	0,78	0,32	28	27	07:36:59	139
7:13	0	150	30,9	2311	2371	1,03	27	2382	65,1	11,7	58,1	2,19	1,44	0,75	0,34	28	27	07:37:01	139
7:16	0	150	32,0	2400	2458	1,02	27	2472	66,5	12,1	57,2	2,23	1,48	0,75	0,34	28	27	07:37:04	139
7:18	0	150	31,1	2331	2383	1,02	26	2456	63,9	11,8	58,9	2,31	1,54	0,77	0,33	27	27	07:37:06	139
7:20	0	150	30,6	2292	2346	1,02	26	2451	63,6	11,6	59,1	2,31	1,53	0,78	0,34	28	27	07:37:08	140
7:22	0	150	31,0	2325	2376	1,02	25	2533	63,8	11,7	59,0	2,38	1,59	0,80	0,33	27	27	07:37:10	140
7:25	0	150	30,6	2291	2326	1,02	25	2448	62,0	11,6	60,1	2,37	1,57	0,80	0,34	27	27	07:37:13	142
7:27	0	150	30,6	2292	2315	1,01	25	2469	61,6	11,6	60,3	2,40	1,58	0,82	0,34	27	27	07:37:15	142
7:30	0	150	31,0	2326	2344	1,01	25	2503	62,3	11,7	59,9	2,41	1,62	0,80	0,33	27	27	07:37:18	143
7:32	0	150	30,9	2313	2318	1,00	26	2431	62,2	11,7	60,0	2,34	1,56	0,79	0,34	27	27	07:37:20	143
7:34	0	150	31,4	2355	2363	1,00	25	2582	63,6	11,9	59,1	2,44	1,61	0,83	0,34	27	27	07:37:22	143
7:36	0	150	31,9	2393	2388	1,00	26	2519	64,4	12,1	58,5	2,35	1,56	0,79	0,34	27	27	07:37:24	143
7:39	0	150	31,9	2393	2388	1,00	26	2519	64,4	12,1	58,5	2,35	1,56	0,79	0,34	27	27	07:37:27	143
7:41	0	150	31,9	2393	2388	1,00	26	2519	64,4	12,1	58,5	2,35	1,56	0,79	0,34	27	27	07:37:29	143
7:46	0	150	30,4	2275	2182	0,96	22	2542	55,6	11,4	64,2	2,74	2,01	0,73	0,27	24	25	07:37:34	143
7:48	0	150	30,7	2300	2210	0,96	22	2591	56,8	11,5	63,5	2,74	2,00	0,73	0,27	25	26	07:37:36	143
7:51	0	150	30,1	2253	2153	0,96	21	2582	55,5	11,3	64,3	2,79	2,01	0,78	0,28	25	26	07:37:39	143
7:53	0	150	30,4	2279	2156	0,95	22	2523	55,5	11,4	64,3	2,73	2,01	0,72	0,26	24	26	07:37:41	144
7:56	0	150	29,7	2225	2100	0,94	21	2596	53,7	11,1	65,5	2,90	2,15	0,75	0,26	24	26	07:37:44	143
7:58	0	150	29,5	2211	2072	0,94	21	2533	52,8	11,0	66,0	2,88	2,13	0,75	0,26	24	25	07:37:46	143
8:01	0	150	30,6	2294	2220	0,97	24	2538	59,8	11,5	61,5	2,55	1,71	0,83	0,33	26	27	07:37:49	141
8:03	0	150	31,4	2350	2268	0,97	25	2451	61,4	11,8	60,5	2,40	1,59	0,80	0,34	26	27	07:37:51	141
8:05	0	150	31,4	2350	2268	0,97	25	2451	61,4	11,8	60,5	2,40	1,59	0,80	0,34	26	27	07:37:53	140
8:07	0	150	32,3	2418	2344	0,97	26	2455	63,5	12,1	59,1	2,32	1,56	0,76	0,33	26	27	07:37:55	140
8:09	0	150	32,0	2400	2342	0,98	26	2423	63,9	12,1	58,9	2,28	1,51	0,77	0,34	27	27	07:37:57	140
8:11	0	150	32,4	2427	2360	0,97	29	2250	65,0	12,2	58,1	2,08	1,37	0,70	0,34	27	28	07:37:59	140
8:13	0	150	32,1	2406	2354	0,98	29	2258	65,4	12,1	57,9	2,07	1,37	0,70	0,34	27	28	07:38:01	140
8:16	0	150	32,6	2442	2395	0,98	29	2285	66,4	12,3	57,3	2,06	1,37	0,70	0,34	27	28	07:38:04	140
8:18	0	150	32,3	2420	2390	0,99	29	2294	67,0	12,2	56,9	2,05	1,35	0,70	0,34	28	28	07:38:06	140
8:20	0	150	31,8	2381	2350	0,99	29	2247	65,9	12,0	57,6	2,05	1,34	0,70	0,34	28	28	07:38:08	140
8:22	0	150	31,3	2348	2326	0,99	29	2260	64,9	11,8	58,3	2,09	1,38	0,71	0,34	28	28	07:38:10	140
8:25	0	150	31,2	2336	2317	0,99	27	2332	64,0	11,8	58,8	2,19	1,45	0,74	0,34	27	28	07:38:13	142
8:27	0	150	31,3	2342	2318	0,99	27	2340	63,7	11,8	59,0	2,20	1,46	0,74	0,34	27	27	07:38:15	142
8:30	0	150	30,7	2298	2272	0,99	27	2328	61,9	11,6	60,2	2,26	1,48	0,78	0,34	27	27	07:38:18	142
8:40	0	150	30,1	2251	2209	0,98	27	2242	60,5	11,3	61,0	2,22	1,45	0,78	0,35	27	27	07:38:28	142
8:43	0	150	30,0	2245	2185	0,97	26	2269	59,5	11,3	61,7	2,29	1,51	0,78	0,34	27	27	07:38:31	142
8:45	0	150	30,2	2262	2185	0,97	25	2326	59,1	11,3	61,9	2,36	1,56	0,80	0,34	26	27	07:38:33	143
8:48	0	150	31,1	2328	2234	0,96	25	2391	60,2	11,7	61,3	2,38	1,59	0,79	0,33	26	27	07:38:36	145
8:50	0	150	31,1	2333	2234	0,96	24	2476	59,9	11,7	61,5	2,48	1,65	0,83	0,33	26	27	07:38:38	146
8:53	0	150	30,8	2308	2214	0,96	24	2482	59,7	11,6	61,6	2,50	1,65	0,84	0,34	26	27	07:38:41	146
8:55	0	150	31,4	2352	2254	0,96	24	2527	60,3	11,8	61,2	2,52	1,67	0,85	0,34	26	27	07:38:43	146
8:58	0	150	31,6	2369	2289	0,97	23	2681	61,3	11,9	60,6	2,63	1,74	0,89	0,34	26	27	07:38:46	147
9:00	0	150	31,6	2369	2289	0,97	23	2681	61,3	11,9	60,6	2,63	1,74	0,89	0,34	26	27	07:38:48	147
SV1																			
9:02	0	150	31,6	2365	2287	0,97	23	2632	61,7	11,9	60,3	2,56	1,70	0,86	0,34	26	27	07:38:50	147
9:04	0	150	31,7	2374	2298	0,97	24	2580	62,6	11,9	59,7	2,47	1,66	0,82	0,33	26	27	07:38:52	147
9:07	0	150	31,4	2354	2282	0,97	25	2506	62,4	11,8	59,8	2,41	1,60	0,81	0,34	27	27	07:38:55	146
9:09	0	150	32,1	2403	2327	0,97	26	2459	63,9	12,0	58,9	2,31	1,55	0,76	0,33	27	27	07:38:57	146
9:11	0	150	31,3	2347	2289	0,98	25	2510	62,6	11,8	59,7	2,41	1,60	0,80	0,33	27	27	07:38:59	146
9:13	0	150	31,7	2373	2301	0,97	27	2350	63,5	11,9	59,1	2,22	1,46	0,76	0,34	27	28	07:39:01	146
9:16	0	150	32,0	2396	2340	0,98	27	2414	65,5	12,0	57,9	2,21	1,47	0,74	0,34	27	28	07:39:04	146
9:17	0	150	32,3	2423	2370	0,98	28	2383	66,9	12,2	57,0	2,14	1,41	0,72	0,34	28	28	07:39:05	146
9:19	0	150	32,6	2443	2394	0,98	28	2447	67,9	12,3	56,3	2,16	1,42	0,75	0,35	28	28	07:39:07	146
9:21	0	150	33,5	2512	2456	0,98	29	2406	70,8	12,6	54,4	2,04	1,34	0,70	0,34	28	29	07:39:09	146
9:23	0	150	33,4	2500	2451	0,98	30	2335	71,1	12,6	54,2	1,97	1,28	0,69	0,35	28	29	07:39:11	146
9:26	0	150	33,4	2501	2451	0,98	30	2335	71,1	12,6	54,2	1,97	1,28	0,69	0,35	28	29	07:39:14	146
9:28	0	150	32,2	2409	2387	0,99	28	2428	69,1	12,1	55,5	2,11	1,36	0,75	0,36	29	29	07:39:16	145
9:31	0	150	32,4	2423	2380	0,98	27	2474	67,2	12,2	56,8	2,21	1,42	0,79	0,36	28	28	07:39:19	146
9:34	0	150	30,2	2263	2227	0,98	26	2410	61,9	11,4	60,1	2,33	1,49	0,84	0,36	27	28	07:39:22	147
9:36	0	150	30,6	2294	2211	0,96	26	2335	60,5	11,5	61,1	2,32	1,47	0,84	0,36	26	27	07:39:24	147
9:39	0	150	30,6	2294	2211	0,96	26	2335	60,5	11,5	61,1	2,32	1,47	0,84	0,36	26	27	07:39:27	147
9:41	0	150	30,3	2271	2163	0,95	25	2367	58,2	11,3	62,5	2,44	1,56	0,88	0,36	26	27	07:39:29	147
9:44	0	150	31,0	2323	2170	0,93	25	2354	57,7	11,6	62,9	2,45	1,58	0,87	0,35	25	27	07:39:32	147
9:46	0	150	33,0	2471	2290	0,93	25	2427	61,4	12,3	60,5	2,37	1,52	0,85	0,36	25	27	07:39:34	147
9:49	0	150	33,1	2477	2303	0,93	25	2485	62,5	12,3	59,8	2,39	1,56	0,83	0,35	25	27	07:39:37	147
9:51	0	150	33,4	2501	2331	0,93	26	2429	63,6	12,4	59,1	2,29	1,52	0,77	0,34	25	27	07:39:39	147
9:53	0	150	32,4	2428	2283	0,94	25	2506	62,2	12,1	60,0	2,42	1,61	0,81	0,33	26	27	07:39:41	147
9:55	0	150	32,4	2428	2258	0,93	27	2322	61,6	12,1	60,3	2,26	1,49	0,77	0,34	25	27	07:39:43	147
9:57	0	150	32,8	2459	2312	0,94	26	2443	63,5	12,3	59,2	2,31	1,55	0,76	0,33	26	27	07:39:45	147
9:59	0	150	33,5	2509	2359	0,94	28	2365	65,5	12,5	57,9	2,17	1,45	0,72	0,33	26	28	07:39:47	147
10:01	0	150	32,9	2465	2327	0,94	27	2364	64,7	12,3	58,4	2,19	1,47	0,73	0,33	26	28	07:39:49	147
10:03	0	150	33,1	2476	2318	0,94	29	2218	64,5	12,3	58,5	2,06	1,37	0,69	0,34	26	28	07:39:51	148
10:06	0	150	32,8	2460	2318	0,94	28	2326	64,7	12,3	58,4	2,16	1,41	0,75	0,35	26	28	07:39:54	148
10:08	0	150	33,8	2532	2375	0,94	29	2292	66,2	12,6	57,4	2,08	1,36	0,71	0,34	26	28	07:39:56	147
10:10	0	150	33,6	2517	2373	0,94	29	2290	66,5	12,6	57,2	2,07	1,36	0,71	0,34	26	28	07:39:58	149
10:12	0	150	33,8	2529	2401	0,95	28	2410	66,3	12,6	57,3	2,18	1,43	0,75	0,34	26	28	07:40:00	149
10:15	0	150	32,6	2445	2313	0,95	28	2281	64,8	12,2	58,3	2,11	1,38	0,73	0,35	26	28	07:40:03	149
10:17	0	150	32,7	2446	2325	0,95	27	2379	65,2	12,2	58,1	2,19	1,43	0,76	0,35	27	28	07:40:05	149
10:19	0	150	32,7	2448	2331	0,95	27	2383	65,5	12,2	57,8	2,18	1,43	0,75	0,35	27	28	07:40:07	149
10:22	0	150	32,9	2462	2340	0,95	28	2374	65,5	12,3	57,8	2,17	1,44	0,74	0,34	27	28	07:40:10	150
10:24	0	150	31,8	2383	2275	0,95	26	2414	63,6	11,9	59,1	2,28	1,50	0,78	0,34	27	28	07:40:12	150
10:27	0	150	31,9	2389	2293	0,96	24	2600	63,3	12,0	59,3	2,47	1,62	0,85	0,34	26	28	07:40:15	150
10:29	0	150	31,5	2358	2265	0,96	24	2627	62,5	11,8	59,8	2,52	1,65	0,87	0,34	26	28	07:40:17	150
10:31	0	150	32,3	2422	2322	0,96	24	2629	64,1	12,1	58,7	2,46	1,63	0,83	0,34	26	28	07:40:19	150
10:34	0	150	33,1	2481	2365	0,95	25	2555	65,1	12,4	58,1	2,35	1,57	0,78	0,33	26	28	07:40:22	149
10:36	0	150	33,0	2469	2354	0,95	25	2556	65,1	12,3	58,1	2,36	1,57	0,79	0,33	26	28	07:40:24	149
10:38	0	150	32,9	2462	2347	0,95	26	2497	65,1	12,3	58,1	2,30	1,53	0,77	0,34	26	28	07:40:26	148
10:40	0	150	32,9	2462	2347	0,95	26	2497	65,1	12,3	58,1	2,30	1,53	0,77	0,34	26	28	07:40:28	148
10:42	0	150	33,5	2507	2372	0,95	28	2382	66,3	12,5	57,3	2,16	1,44	0,72	0,33	26	28	07:40:30	147
10:45	0	150	33,4	2504	2371	0,95	28	2335	66,1	12,5	57,5	2,12	1,40	0,72	0,34	26	28	07:40:33	147
10:47	0	150	32,3	2421	2308	0,95	28	2337	64,6	12,1	58,4	2,17	1,43	0,74	0,34	27	28	07:40:35	147
10:49	0	150	32,1	2405	2288	0,95	28	2298	64,4	12,0	58,6	2,14	1,40	0,74	0,35	27	28	07:40:37	147
10:51	0	150	31,7	2376	2274	0,96	27	2360	64,5	11,9	58,5	2,20	1,42	0,78	0,35	27	28	07:40:39	148
10:53	0	150	32,0	2397	2291	0,96	28	2330	65,2	12,0	58,0	2,14	1,39	0,75	0,35	27	28	07:40:41	148
10:55	0	150	32,2	2412	2309	0,96	28	2359	66,6	12,1	57,2	2,13	1,38	0,74	0,35	28	29	07:40:43	148
10:58	0	150	32,0	2397	2307	0,96	27	2450	66,6	12,0	57,1	2,21	1,44	0,77	0,35	28	29	07:40:46	148
11:00	0	150	32,4	2427	2329	0,96	28	2414	67,5	12,1	56,6	2,15	1,40	0,74	0,35	28	29	07:40:48	148
11:02	0	150	32,4	2427	2329	0,96	28	2414	67,5	12,1	56,6	2,15	1,40	0,74	0,35	28	29	07:40:50	149
11:04	0	150	32,4	2426	2337	0,96	28	2455	67,7	12,2	56,4	2,18	1,44	0,73	0,34	28	29	07:40:52	149
11:07	0	150	32,3	2419	2328	0,96	26	2531	66,6	12,1	57,1	2,28	1,53	0,75	0,33	28	29	07:40:55	149
11:11	0	150	31,7	2372	2296	0,97	25	2596	65,4	11,9	57,9	2,38	1,59	0,79	0,33	28	29	07:40:59	149
11:13	0	150	31,8	2384	2302	0,97	25	2603	65,4	11,9	57,9	2,39	1,61	0,78	0,33	27	28	07:41:01	149
11:15	0	150	32,7	2451	2313	0,94	26	2480	65,2	12,2	58,1	2,28	1,51	0,77	0,34	27	28	07:41:03	149
11:17	0	150	33,4	2500	2333	0,93	27	2461	65,5	12,4	57,8	2,25	1,48	0,77	0,34	26	28	07:41:05	149
11:19	0	150	34,9	2616	2404	0,92	27	2477	67,5	13,0	56,5	2,20	1,47	0,73	0,33	26	28	07:41:07	148
11:21	0	150	35,0	2623	2416	0,92	27	2500	68,6	13,0	55,8	2,19	1,44	0,75	0,34	26	28	07:41:09	148
11:23	0	150	35,8	2679	2454	0,92	30	2356	70,5	13,3	54,7	2,01	1,31	0,69	0,35	26	29	07:41:11	148
11:25	0	150	36,4	2725	2489	0,91	30	2363	71,2	13,5	54,2	1,99	1,30	0,69	0,35	26	29	07:41:13	148
11:27	0	150	35,4	2651	2474	0,93	30	2415	71,5	13,2	54,0	2,03	1,34	0,69	0,34	27	29	07:41:15	148
11:29	0	150	34,0	2549	2422	0,95	29	2405	70,3	12,7	54,8	2,05	1,33	0,72	0,35	28	29	07:41:17	148
11:31	0	150	33,6	2514	2410	0,96	29	2419	70,2	12,6	54,8	2,07	1,35	0,72	0,35	28	29	07:41:19	149
11:33	0	150	33,2	2487	2387	0,96	29	2438	69,5	12,4	55,3	2,10	1,37	0,74	0,35	28	29	07:41:21	149
11:35	0	150	33,2	2484	2379	0,96	29	2395	68,6	12,4	55,8	2,09	1,37	0,73	0,35	28	29	07:41:23	151
11:37	0	150	33,4	2503	2390	0,95	29	2368	69,0	12,5	55,6	2,06	1,34	0,72	0,35	28	29	07:41:25	152
11:39	0	150	32,8	2460	2358	0,96	28	2392	68,0	12,3	56,2	2,11	1,37	0,74	0,35	28	29	07:41:27	152
11:41	0	150	33,0	2475	2353	0,95	30	2261	67,8	12,4	56,4	2,00	1,30	0,70	0,35	27	29	07:41:29	152
11:43	0	150	32,8	2456	2344	0,95	29	2342	67,7	12,3	56,4	2,08	1,34	0,73	0,35	28	29	07:41:31	152
11:45	0	150	32,7	2448	2314	0,95	30	2197	67,0	12,2	56,9	1,97	1,28	0,69	0,35	27	29	07:41:33	152
11:47	0	150	31,8	2382	2254	0,95	30	2193	64,9	11,9	58,2	2,03	1,31	0,72	0,36	27	29	07:41:35	152
11:50	0	150	31,7	2371	2246	0,95	27	2348	64,0	11,8	58,8	2,20	1,42	0,78	0,35	27	28	07:41:38	151
11:52	0	150	31,9	2387	2239	0,94	27	2307	63,4	11,9	59,2	2,18	1,42	0,77	0,35	27	28	07:41:40	150
11:54	0	150	31,9	2387	2239	0,94	27	2307	63,4	11,9	59,2	2,18	1,42	0,77	0,35	27	28	07:41:42	149
11:56	0	150	32,4	2429	2264	0,93	28	2305	63,9	12,1	58,9	2,16	1,42	0,75	0,34	26	28	07:41:44	149
11:58	0	150	33,1	2478	2299	0,93	28	2282	65,0	12,3	58,2	2,11	1,40	0,71	0,34	26	28	07:41:46	149
12:00	0	150	33,0	2472	2306	0,93	27	2386	65,1	12,3	58,1	2,20	1,45	0,75	0,34	26	28	07:41:48	149
12:02	0	150	33,4	2500	2337	0,93	27	2455	66,1	12,4	57,5	2,23	1,47	0,76	0,34	26	28	07:41:50	149
12:04	0	150	33,8	2531	2347	0,93	29	2285	67,1	12,6	56,8	2,04	1,35	0,69	0,34	27	29	07:41:52	149
12:06	0	150	33,6	2517	2354	0,94	29	2377	67,9	12,5	56,3	2,10	1,39	0,72	0,34	27	29	07:41:54	149
12:09	0	150	33,2	2488	2322	0,93	29	2308	66,8	12,4	57,0	2,07	1,37	0,70	0,34	27	29	07:41:57	149
12:10	0	150	33,3	2497	2327	0,93	29	2293	67,2	12,4	56,8	2,05	1,35	0,70	0,34	27	29	07:41:58	149
12:13	0	150	33,5	2510	2348	0,94	29	2354	68,4	12,5	56,0	2,07	1,35	0,72	0,35	27	29	07:42:01	149
12:14	0	150	34,3	2568	2403	0,94	29	2398	70,1	12,8	54,9	2,05	1,33	0,72	0,35	27	29	07:42:02	151
12:16	0	150	34,2	2562	2412	0,94	30	2394	71,0	12,8	54,3	2,02	1,30	0,72	0,36	28	29	07:42:04	151
12:19	0	150	33,0	2471	2363	0,96	28	2497	70,2	12,4	54,8	2,13	1,37	0,76	0,36	28	30	07:42:07	151
12:21	0	150	33,0	2469	2363	0,96	29	2401	70,3	12,4	54,8	2,05	1,32	0,73	0,35	28	30	07:42:09	151
12:22	0	150	34,7	2596	2455	0,95	32	2310	73,2	13,0	52,9	1,89	1,22	0,67	0,35	28	30	07:42:10	151
12:24	0	150	32,9	2462	2369	0,96	30	2402	71,2	12,3	54,2	2,02	1,30	0,72	0,36	29	30	07:42:12	151
12:27	0	150	33,1	2476	2379	0,96	29	2442	70,6	12,4	54,5	2,07	1,34	0,74	0,35	29	30	07:42:15	151
12:30	0	150	31,6	2370	2269	0,96	28	2388	66,3	11,9	57,3	2,16	1,44	0,72	0,34	28	29	07:42:18	151
12:33	0	150	29,8	2233	2134	0,96	26	2389	61,7	11,2	60,3	2,32	1,55	0,77	0,33	28	29	07:42:21	151
12:34	0	150	31,2	2336	2173	0,93	28	2245	61,9	11,6	60,2	2,18	1,46	0,72	0,33	27	28	07:42:22	151
12:37	0	150	32,6	2442	2254	0,92	26	2423	63,5	12,1	59,2	2,29	1,53	0,76	0,33	26	28	07:42:25	152
12:39	0	150	31,7	2373	2190	0,92	27	2291	62,1	11,8	60,0	2,21	1,50	0,72	0,32	26	28	07:42:27	152
12:41	0	150	32,9	2465	2270	0,92	28	2335	65,0	12,2	58,2	2,16	1,43	0,73	0,34	26	29	07:42:29	152
12:43	0	150	32,4	2430	2229	0,92	29	2233	64,5	12,0	58,5	2,08	1,39	0,69	0,33	27	29	07:42:31	152
12:45	0	150	34,6	2594	2371	0,91	31	2231	68,6	12,9	55,9	1,95	1,31	0,64	0,33	26	29	07:42:33	152
12:47	0	150	34,9	2611	2385	0,91	31	2221	69,2	12,9	55,5	1,93	1,29	0,64	0,33	26	29	07:42:35	152
12:48	0	150	34,5	2586	2393	0,93	31	2250	70,2	12,8	54,8	1,92	1,28	0,64	0,33	27	29	07:42:36	150
12:51	0	150	34,5	2587	2393	0,93	31	2250	70,2	12,8	54,8	1,92	1,28	0,64	0,33	27	29	07:42:39	150
12:52	0	150	34,6	2594	2425	0,93	31	2305	71,6	12,9	53,9	1,93	1,28	0,65	0,34	28	30	07:42:40	150
12:54	0	150	34,2	2564	2422	0,94	31	2301	72,2	12,8	53,5	1,91	1,25	0,66	0,34	28	30	07:42:42	151
12:56	0	150	33,8	2528	2427	0,96	31	2380	73,3	12,7	52,8	1,95	1,27	0,68	0,35	29	30	07:42:44	151
12:59	0	150	33,8	2529	2427	0,96	31	2380	73,3	12,7	52,8	1,95	1,27	0,68	0,35	29	30	07:42:47	152
13:01	0	150	34,0	2550	2435	0,96	31	2365	73,0	12,7	53,0	1,94	1,26	0,68	0,35	29	30	07:42:49	152
13:04	0	150	34,3	2569	2458	0,96	29	2540	72,9	12,8	53,1	2,09	1,38	0,71	0,34	28	30	07:42:52	153
13:06	0	150	33,2	2488	2371	0,95	28	2479	70,2	12,4	54,8	2,12	1,39	0,73	0,35	28	30	07:42:54	153
13:08	0	150	32,3	2419	2295	0,95	29	2344	68,1	12,1	56,2	2,07	1,34	0,72	0,35	28	30	07:42:56	153
13:10	0	150	31,8	2381	2233	0,94	28	2356	65,3	11,9	58,0	2,17	1,39	0,78	0,36	27	29	07:42:58	153
13:13	0	150	31,9	2387	2191	0,92	27	2303	62,9	11,8	59,5	2,20	1,41	0,79	0,36	26	29	07:43:01	153
13:15	0	150	32,6	2438	2235	0,92	28	2295	64,2	12,1	58,7	2,14	1,40	0,75	0,35	26	29	07:43:03	153
13:17	0	150	32,6	2444	2247	0,92	28	2356	65,0	12,1	58,2	2,17	1,42	0,75	0,34	27	29	07:43:05	153
13:19	0	150	31,8	2383	2192	0,92	28	2275	63,5	11,8	59,1	2,15	1,41	0,74	0,34	27	29	07:43:07	153
13:21	0	150	32,9	2465	2263	0,92	28	2318	65,8	12,2	57,7	2,11	1,40	0,71	0,34	27	29	07:43:09	153
13:23	0	150	32,9	2465	2279	0,92	29	2338	66,9	12,2	57,0	2,10	1,37	0,73	0,35	27	29	07:43:11	153
13:25	0	150	33,2	2489	2324	0,93	29	2343	69,0	12,4	55,6	2,04	1,33	0,71	0,35	28	30	07:43:13	153
13:27	0	150	33,6	2517	2369	0,94	29	2437	70,4	12,5	54,7	2,08	1,35	0,73	0,35	28	30	07:43:15	152
13:29	0	150	33,2	2489	2372	0,95	29	2427	71,2	12,4	54,2	2,05	1,32	0,72	0,35	29	30	07:43:17	154
13:31	0	150	33,3	2495	2384	0,96	29	2422	71,2	12,5	54,2	2,04	1,31	0,73	0,36	29	30	07:43:19	154
13:33	0	150	33,3	2495	2384	0,96	29	2422	71,2	12,5	54,2	2,04	1,31	0,73	0,36	29	30	07:43:21	154
13:35	0	150	32,8	2457	2374	0,97	28	2522	71,0	12,3	54,3	2,13	1,36	0,77	0,36	29	30	07:43:23	155
13:37	0	150	33,5	2513	2419	0,96	30	2440	72,5	12,6	53,4	2,02	1,30	0,72	0,36	29	30	07:43:25	156
13:39	0	150	33,4	2498	2405	0,96	31	2358	72,8	12,5	53,2	1,94	1,25	0,70	0,36	29	30	07:43:27	156
13:41	0	150	33,3	2495	2396	0,96	31	2306	72,4	12,5	53,4	1,91	1,21	0,70	0,37	29	30	07:43:29	156
13:43	0	150	33,1	2479	2380	0,96	31	2308	71,8	12,4	53,8	1,93	1,23	0,70	0,36	29	30	07:43:31	156
13:44	0	150	33,1	2479	2380	0,96	31	2308	71,8	12,4	53,8	1,93	1,23	0,70	0,36	29	30	07:43:32	156
13:46	0	150	33,5	2509	2393	0,95	32	2290	72,4	12,5	53,4	1,90	1,20	0,69	0,37	29	30	07:43:34	156
13:48	0	150	33,1	2480	2332	0,94	33	2134	70,0	12,4	55,0	1,83	1,20	0,63	0,35	28	30	07:43:36	156
13:50	0	150	33,4	2505	2343	0,94	32	2214	69,9	12,5	55,0	1,90	1,23	0,67	0,35	28	30	07:43:38	156
13:52	0	150	33,7	2528	2343	0,93	31	2213	68,9	12,6	55,6	1,93	1,24	0,68	0,36	27	29	07:43:40	156
13:54	0	150	34,8	2610	2405	0,92	32	2214	70,1	13,0	54,9	1,90	1,24	0,66	0,35	27	29	07:43:42	156
13:55	0	225	35,6	2669	2455	0,92	33	2192	72,7	13,2	53,2	1,81	1,16	0,65	0,36	27	30	07:43:43	156
13:57	0	225	35,4	2650	2448	0,92	33	2216	73,1	13,2	52,9	1,82	1,16	0,65	0,36	28	30	07:43:45	156
14:00	0	225	34,9	2616	2418	0,92	32	2226	71,1	13,0	54,2	1,88	1,22	0,65	0,35	27	29	07:43:48	156
14:02	0	225	36,3	2720	2509	0,92	33	2249	74,8	13,5	51,9	1,80	1,15	0,65	0,36	27	30	07:43:50	156
14:03	0	225	36,6	2744	2534	0,92	34	2210	75,5	13,6	51,4	1,76	1,12	0,64	0,36	28	30	07:43:51	156
14:06	0	225	35,5	2662	2486	0,93	32	2323	73,4	13,2	52,8	1,90	1,25	0,65	0,34	28	30	07:43:54	157
14:08	0	225	34,7	2602	2435	0,94	31	2275	70,9	13,0	54,4	1,93	1,27	0,66	0,34	27	29	07:43:56	157
14:10	0	225	35,2	2640	2481	0,94	30	2395	71,8	13,2	53,8	2,00	1,32	0,68	0,34	27	29	07:43:58	157
14:12	0	225	35,6	2666	2512	0,94	30	2459	72,9	13,3	53,1	2,02	1,34	0,69	0,34	27	29	07:44:00	157
14:13	0	225	37,3	2794	2629	0,94	32	2400	77,4	13,9	50,2	1,86	1,21	0,65	0,35	28	29	07:44:01	158
14:15	0	225	36,6	2740	2605	0,95	32	2427	77,4	13,7	50,2	1,88	1,22	0,66	0,35	28	30	07:44:03	159
14:17	0	225	35,8	2678	2557	0,95	33	2325	76,1	13,4	51,0	1,83	1,19	0,64	0,35	28	30	07:44:05	160
14:19	0	225	36,0	2696	2601	0,96	32	2441	77,6	13,5	50,1	1,89	1,24	0,65	0,34	29	30	07:44:07	160
14:22	0	225	36,0	2696	2601	0,96	32	2441	77,6	13,5	50,1	1,89	1,24	0,65	0,34	29	30	07:44:10	158
14:26	0	225	32,6	2441	2279	0,93	27	2403	63,9	12,1	58,9	2,26	1,52	0,74	0,33	26	28	07:44:14	160
14:28	0	225	32,6	2439	2278	0,93	27	2403	63,9	12,1	58,9	2,26	1,52	0,74	0,33	26	28	07:44:16	160
14:29	0	225	33,7	2527	2309	0,91	26	2438	64,0	12,5	58,8	2,28	1,51	0,77	0,34	25	28	07:44:17	160
14:31	0	225	34,5	2585	2332	0,90	27	2413	64,6	12,8	58,4	2,24	1,49	0,76	0,34	25	28	07:44:19	160
14:33	0	225	36,1	2701	2420	0,90	26	2511	66,2	13,3	57,4	2,28	1,52	0,76	0,33	25	27	07:44:21	160
14:35	0	225	35,5	2656	2363	0,89	26	2455	64,7	13,1	58,4	2,28	1,48	0,79	0,35	24	27	07:44:23	159
14:37	0	225	39,5	2961	2732	0,92	31	2557	78,7	14,7	49,4	1,95	1,22	0,73	0,38	27	29	07:44:25	159
14:39	0	225	41,0	3067	2834	0,92	32	2536	81,6	15,2	47,5	1,86	1,19	0,68	0,36	27	29	07:44:27	159
14:40	0	225	40,0	2995	2830	0,94	33	2468	82,1	14,9	47,2	1,80	1,17	0,63	0,35	27	29	07:44:28	159
14:42	0	225	39,0	2924	2782	0,95	35	2365	81,7	14,6	47,5	1,74	1,12	0,62	0,36	28	29	07:44:30	159
14:44	0	225	39,8	2978	2842	0,95	34	2452	82,2	14,9	47,1	1,79	1,16	0,63	0,35	28	29	07:44:32	159
14:45	0	225	39,5	2957	2850	0,96	35	2404	83,1	14,8	46,5	1,74	1,12	0,62	0,36	28	29	07:44:33	160
14:47	0	225	39,5	2957	2850	0,96	35	2404	83,1	14,8	46,5	1,74	1,12	0,62	0,36	28	29	07:44:35	160
14:48	0	225	39,7	2974	2867	0,96	39	2212	85,2	14,9	45,2	1,56	1,01	0,55	0,35	29	30	07:44:36	160
14:50	0	225	40,0	2998	2908	0,97	40	2179	87,2	15,0	43,9	1,50	0,97	0,53	0,36	29	30	07:44:38	160
14:51	0	225	40,6	3043	2991	0,98	40	2254	89,7	15,3	42,3	1,51	0,98	0,53	0,35	29	30	07:44:39	160
14:53	0	225	39,8	2982	2952	0,99	40	2241	88,6	15,0	43,0	1,52	0,97	0,55	0,36	30	30	07:44:41	160
14:55	0	225	38,6	2894	2894	1,00	39	2250	86,8	14,6	44,2	1,56	1,00	0,56	0,36	30	30	07:44:43	161
14:57	0	225	37,8	2833	2833	1,00	37	2252	84,2	14,3	45,8	1,60	1,02	0,58	0,36	30	30	07:44:45	161
14:58	0	225	39,1	2925	2940	1,01	37	2346	87,0	14,8	44,0	1,62	1,05	0,57	0,35	30	30	07:44:46	162
15:00	0	225	39,1	2932	2958	1,01	36	2439	87,3	14,8	43,8	1,68	1,10	0,58	0,35	30	30	07:44:48	162
15:02	0	225	39,3	2943	2976	1,01	35	2501	87,8	14,9	43,5	1,71	1,11	0,60	0,35	30	29	07:44:50	163
15:03	0	225	39,0	2922	2942	1,01	36	2433	87,1	14,8	43,9	1,68	1,08	0,59	0,35	30	30	07:44:51	163
15:05	0	225	40,0	2997	3011	1,00	37	2428	89,5	15,1	42,4	1,63	1,05	0,58	0,36	30	30	07:44:53	164
15:06	0	225	40,6	3042	3056	1,00	38	2418	91,6	15,4	41,1	1,58	1,01	0,57	0,36	30	30	07:44:54	164
15:08	0	225	41,1	3075	3112	1,01	37	2512	92,4	15,5	40,6	1,63	1,04	0,59	0,36	30	30	07:44:56	164
15:10	0	225	40,3	3017	3058	1,01	37	2488	91,8	15,2	40,9	1,63	1,04	0,59	0,36	30	30	07:44:58	164
15:11	0	225	40,6	3042	3092	1,02	37	2483	91,4	15,4	41,2	1,63	1,03	0,60	0,37	30	30	07:44:59	164
15:13	0	225	40,5	3034	3112	1,03	35	2640	91,1	15,3	41,4	1,74	1,09	0,65	0,37	30	29	07:45:01	164
15:15	0	225	40,4	3022	3117	1,03	34	2684	91,6	15,3	41,1	1,76	1,09	0,67	0,38	30	29	07:45:03	164
15:16	0	225	39,8	2979	3062	1,03	35	2578	90,7	15,0	41,7	1,71	1,05	0,65	0,38	30	30	07:45:04	164
15:18	0	225	39,9	2992	3090	1,03	34	2674	90,9	15,1	41,5	1,77	1,09	0,67	0,38	30	29	07:45:06	164
15:19	0	225	40,0	2999	3092	1,03	36	2572	92,1	15,1	40,8	1,68	1,03	0,65	0,39	31	30	07:45:07	164
15:21	0	225	40,9	3067	3167	1,03	37	2573	94,8	15,5	39,0	1,63	1,01	0,62	0,38	31	30	07:45:09	164
15:22	0	225	41,1	3076	3187	1,04	37	2587	96,9	15,5	37,7	1,60	1,00	0,60	0,38	31	30	07:45:10	164
15:24	0	225	41,6	3113	3222	1,04	40	2481	99,6	15,7	35,9	1,49	0,94	0,56	0,37	32	31	07:45:12	164
15:25	0	225	41,9	3135	3261	1,04	41	2492	101,0	15,8	35,0	1,48	0,93	0,55	0,37	32	31	07:45:13	165
15:27	0	225	42,1	3155	3294	1,04	40	2528	101,4	15,9	34,7	1,50	0,94	0,55	0,37	32	31	07:45:15	165
15:29	0	225	41,7	3127	3270	1,05	39	2547	100,1	15,8	35,6	1,53	0,97	0,56	0,37	32	31	07:45:17	165
15:30	0	225	41,2	3083	3248	1,05	38	2627	99,4	15,6	36,0	1,59	1,01	0,58	0,36	32	31	07:45:18	165
15:32	0	225	40,5	3034	3210	1,06	37	2695	98,5	15,3	36,6	1,64	1,04	0,60	0,37	32	31	07:45:20	165
15:33	0	225	40,0	2996	3180	1,06	37	2656	98,5	15,1	36,6	1,62	1,02	0,59	0,37	33	31	07:45:21	165
15:35	0	225	40,3	3018	3210	1,06	37	2667	98,5	15,2	36,6	1,62	1,04	0,59	0,36	33	31	07:45:23	166
15:37	0	225	40,2	3011	3203	1,06	36	2696	98,0	15,2	36,9	1,65	1,05	0,60	0,36	33	31	07:45:25	166
15:38	0	225	39,4	2952	3146	1,07	37	2669	97,6	14,9	37,2	1,64	1,04	0,60	0,37	33	31	07:45:26	166
15:40	0	225	39,7	2974	3148	1,06	37	2634	96,7	15,0	37,8	1,63	1,03	0,60	0,37	33	31	07:45:28	167
15:42	0	225	40,2	3009	3166	1,05	37	2615	96,6	15,2	37,8	1,62	1,03	0,60	0,37	32	31	07:45:30	167
15:44	0	225	40,5	3031	3162	1,04	36	2601	94,8	15,3	39,0	1,65	1,05	0,59	0,36	31	30	07:45:32	167
15:46	0	225	40,8	3053	3179	1,04	34	2760	92,6	15,4	40,4	1,79	1,12	0,66	0,37	30	29	07:45:34	168
15:47	0	225	40,7	3052	3178	1,04	34	2760	92,6	15,4	40,4	1,79	1,12	0,66	0,37	30	29	07:45:35	168
15:49	0	225	40,7	3048	3168	1,04	34	2771	93,4	15,4	39,9	1,78	1,11	0,67	0,38	31	29	07:45:37	169
15:51	0	225	40,7	3048	3169	1,04	34	2771	93,4	15,4	39,9	1,78	1,11	0,67	0,38	31	29	07:45:39	169
15:52	0	225	41,3	3096	3224	1,04	35	2787	96,2	15,6	38,1	1,74	1,09	0,65	0,38	31	30	07:45:40	169
15:54	0	225	41,7	3125	3268	1,05	35	2838	98,3	15,8	36,7	1,73	1,08	0,65	0,38	31	30	07:45:42	168
15:56	0	225	41,8	3134	3306	1,05	34	2924	100,7	15,8	35,2	1,74	1,07	0,67	0,39	32	30	07:45:44	168
15:58	0	225	40,6	3043	3219	1,06	36	2796	99,7	15,4	35,8	1,68	1,06	0,62	0,37	33	31	07:45:46	167
15:59	0	225	40,0	2995	3154	1,05	36	2696	98,1	15,1	36,8	1,65	1,03	0,61	0,37	33	31	07:45:47	167
16:01	0	225	40,0	2993	3163	1,06	37	2664	98,4	15,1	36,7	1,62	1,03	0,60	0,37	33	31	07:45:49	167
16:02	0	225	41,1	3079	3262	1,06	38	2708	103,4	15,5	33,5	1,57	0,99	0,58	0,37	34	32	07:45:50	167
16:04	0	225	39,2	2933	3109	1,06	37	2609	97,5	14,8	37,3	1,61	1,02	0,58	0,36	33	31	07:45:52	167
16:05	0	225	39,2	2933	3108	1,06	37	2609	97,5	14,8	37,3	1,61	1,02	0,58	0,36	33	31	07:45:53	167
16:07	0	225	39,2	2934	3106	1,06	38	2586	98,1	14,8	36,9	1,58	1,00	0,58	0,37	33	32	07:45:55	167
16:08	0	225	40,9	3063	3244	1,06	39	2652	104,3	15,5	32,9	1,53	0,95	0,58	0,38	34	32	07:45:56	167
16:10	0	225	41,1	3076	3275	1,06	39	2710	105,3	15,5	32,2	1,54	0,95	0,59	0,38	34	32	07:45:58	168
16:11	0	225	40,8	3058	3260	1,07	40	2675	105,7	15,4	32,0	1,52	0,93	0,59	0,39	35	32	07:45:59	168
16:13	0	225	41,2	3085	3304	1,07	40	2695	107,5	15,6	30,8	1,50	0,92	0,59	0,39	35	33	07:46:01	168
16:14	0	225	41,4	3102	3345	1,08	39	2769	108,0	15,7	30,5	1,54	0,95	0,59	0,38	35	32	07:46:02	168
16:16	0	225	41,1	3078	3345	1,09	39	2786	108,0	15,5	30,5	1,55	0,96	0,59	0,38	35	32	07:46:04	168
16:18	0	225	40,2	3012	3279	1,09	40	2713	107,5	15,2	30,8	1,51	0,94	0,58	0,38	36	33	07:46:06	169
16:19	0	225	39,4	2953	3214	1,09	39	2690	104,8	14,9	32,6	1,54	0,95	0,59	0,39	35	33	07:46:07	171
16:22	0	225	38,7	2900	3159	1,09	39	2633	102,7	14,6	33,9	1,54	0,96	0,58	0,38	35	33	07:46:10	171
16:23	0	225	39,7	2971	3210	1,08	39	2649	102,8	15,0	33,8	1,55	0,96	0,58	0,38	35	32	07:46:11	171
16:24	0	225	39,4	2952	3197	1,08	39	2638	102,4	14,9	34,1	1,55	0,98	0,57	0,37	35	32	07:46:12	171
16:26	0	225	39,5	2961	3176	1,07	39	2590	101,8	15,0	34,5	1,53	0,95	0,57	0,37	34	32	07:46:14	169
16:27	0	225	39,8	2980	3161	1,06	41	2473	102,3	15,0	34,1	1,45	0,91	0,54	0,38	34	32	07:46:15	168
16:28	0	225	39,5	2956	3116	1,05	42	2384	100,7	14,9	35,2	1,42	0,88	0,54	0,38	34	32	07:46:16	169
16:30	0	225	40,7	3048	3184	1,04	43	2382	102,8	15,4	33,8	1,39	0,85	0,54	0,39	34	32	07:46:18	169
16:31	0	225	42,4	3179	3329	1,05	43	2518	107,5	16,1	30,9	1,41	0,88	0,52	0,37	34	32	07:46:19	169
16:33	0	225	41,3	3097	3280	1,06	41	2580	106,3	15,6	31,6	1,46	0,92	0,53	0,37	34	32	07:46:21	169
16:35	0	225	41,5	3112	3314	1,06	40	2673	107,3	15,7	30,9	1,49	0,94	0,56	0,37	34	32	07:46:23	169
16:36	0	225	40,5	3034	3240	1,07	40	2611	104,4	15,3	32,8	1,50	0,93	0,57	0,38	34	32	07:46:24	169
16:38	0	225	41,0	3073	3279	1,07	39	2687	105,4	15,5	32,2	1,53	0,95	0,58	0,38	34	32	07:46:26	169
16:39	0	225	42,7	3196	3405	1,07	39	2812	109,0	16,1	29,9	1,55	0,97	0,57	0,37	34	32	07:46:27	169
16:41	0	225	41,9	3141	3361	1,07	39	2808	108,2	15,9	30,4	1,56	0,98	0,58	0,37	34	32	07:46:29	169
16:42	0	225	41,5	3110	3321	1,07	39	2746	107,8	15,7	30,6	1,53	0,95	0,58	0,38	35	32	07:46:30	169
16:44	0	225	42,6	3190	3383	1,06	41	2722	110,3	16,1	29,0	1,48	0,92	0,56	0,38	35	33	07:46:32	170
16:45	0	225	41,9	3140	3338	1,06	42	2672	111,2	15,9	28,5	1,44	0,89	0,55	0,38	35	33	07:46:33	170
16:47	0	225	41,9	3140	3338	1,06	42	2672	111,2	15,9	28,5	1,44	0,89	0,55	0,38	35	33	07:46:35	170
16:49	0	225	41,6	3117	3329	1,07	40	2726	110,0	15,7	29,2	1,49	0,91	0,57	0,38	35	33	07:46:37	170
16:50	0	225	41,5	3107	3321	1,07	41	2699	111,2	15,7	28,4	1,46	0,90	0,56	0,38	36	33	07:46:38	170
16:51	0	225	40,9	3066	3271	1,07	42	2614	110,1	15,5	29,1	1,42	0,88	0,55	0,38	36	34	07:46:39	170
16:53	0	225	40,7	3046	3265	1,07	41	2674	109,6	15,4	29,5	1,46	0,91	0,55	0,38	36	34	07:46:41	171
16:54	0	225	39,4	2950	3166	1,07	40	2644	105,9	14,9	31,8	1,50	0,93	0,57	0,38	36	33	07:46:42	172
16:56	0	225	40,1	3002	3197	1,07	40	2657	105,6	15,2	32,1	1,51	0,93	0,58	0,39	35	33	07:46:44	173
16:57	0	225	41,5	3109	3300	1,06	40	2710	109,0	15,7	29,9	1,49	0,92	0,57	0,38	35	33	07:46:45	172
16:59	0	225	40,4	3027	3214	1,06	41	2636	106,9	15,3	31,2	1,48	0,91	0,57	0,38	35	33	07:46:47	172
17:00	0	225	39,8	2981	3167	1,06	41	2586	105,4	15,1	32,2	1,47	0,91	0,57	0,38	35	33	07:46:48	172
17:02	0	225	40,2	3013	3210	1,07	40	2668	106,8	15,2	31,2	1,50	0,92	0,58	0,39	35	33	07:46:50	172
17:03	0	225	41,0	3072	3250	1,06	41	2656	108,0	15,5	30,5	1,48	0,89	0,58	0,39	35	33	07:46:51	171
17:05	0	225	41,6	3119	3288	1,05	41	2683	109,2	15,8	29,7	1,47	0,89	0,58	0,39	35	33	07:46:53	171
17:06	0	225	41,2	3086	3251	1,05	41	2663	108,4	15,6	30,2	1,47	0,90	0,58	0,39	35	33	07:46:54	171
17:08	0	225	40,7	3052	3205	1,05	40	2696	106,7	15,4	31,3	1,52	0,90	0,61	0,41	35	33	07:46:56	170
17:09	0	225	41,6	3113	3240	1,04	41	2659	108,7	15,7	30,1	1,47	0,87	0,59	0,40	35	34	07:46:57	170
17:11	0	225	41,8	3133	3240	1,03	41	2642	109,6	15,8	29,5	1,45	0,86	0,58	0,40	35	34	07:46:59	171
17:12	0	225	42,5	3182	3270	1,03	42	2630	111,0	16,1	28,6	1,42	0,86	0,57	0,40	35	34	07:47:00	171
17:13	0	225	42,1	3153	3272	1,04	42	2674	111,1	15,9	28,5	1,44	0,87	0,57	0,40	35	34	07:47:01	171
17:15	0	225	42,2	3163	3291	1,04	42	2708	112,7	16,0	27,5	1,44	0,88	0,56	0,39	36	34	07:47:03	171
17:17	0	225	42,2	3164	3291	1,04	42	2708	112,7	16,0	27,5	1,44	0,88	0,56	0,39	36	34	07:47:05	171
17:19	0	225	39,1	2928	3045	1,04	40	2598	104,5	14,8	32,8	1,49	0,96	0,54	0,36	36	34	07:47:07	171
17:21	0	225	39,4	2954	3026	1,02	39	2587	101,2	14,9	34,9	1,53	0,99	0,54	0,35	34	33	07:47:09	170
17:22	0	225	39,2	2937	2988	1,02	38	2595	99,2	14,8	36,2	1,57	1,02	0,55	0,35	34	33	07:47:10	171
17:24	0	215	36,2	2713	2719	1,00	35	2500	87,3	13,7	43,8	1,72	1,15	0,56	0,33	32	32	07:47:12	170
17:26	0	215	36,2	2712	2719	1,00	35	2500	87,3	13,7	43,8	1,72	1,15	0,56	0,33	32	32	07:47:14	169
17:27	0	215	36,4	2727	2709	0,99	36	2463	87,8	13,8	43,5	1,68	1,12	0,56	0,33	32	32	07:47:15	169
17:28	0	215	39,0	2923	2911	1,00	38	2540	96,0	14,7	38,3	1,59	1,04	0,55	0,35	33	33	07:47:16	169
17:30	0	215	42,8	3208	3236	1,01	42	2616	111,0	16,2	28,6	1,41	0,89	0,53	0,37	35	34	07:47:18	169
17:31	0	215	42,3	3169	3260	1,03	43	2652	115,1	16,0	25,9	1,38	0,86	0,52	0,38	36	35	07:47:19	169
17:33	0	215	42,0	3145	3293	1,05	44	2677	117,9	15,9	24,1	1,36	0,84	0,53	0,39	38	36	07:47:21	169
17:34	0	215	42,0	3146	3294	1,05	44	2677	117,9	15,9	24,1	1,36	0,84	0,53	0,39	37	36	07:47:22	169
17:36	0	215	41,1	3079	3245	1,05	42	2732	114,5	15,5	26,3	1,43	0,86	0,57	0,40	37	35	07:47:24	169
17:37	0	215	41,1	3079	3267	1,06	42	2745	114,7	15,5	26,2	1,44	0,87	0,56	0,39	37	35	07:47:25	169
17:38	0	215	39,9	2992	3177	1,06	42	2681	111,9	15,1	28,0	1,44	0,89	0,55	0,38	37	35	07:47:26	169
17:40	0	215	39,4	2952	3156	1,07	41	2693	111,7	14,9	28,1	1,45	0,89	0,56	0,39	38	35	07:47:28	169
17:42	0	215	37,3	2793	2999	1,07	39	2687	104,7	14,1	32,6	1,54	0,97	0,57	0,37	37	35	07:47:30	169
17:43	0	215	37,4	2798	2982	1,07	40	2612	103,9	14,1	33,1	1,51	0,95	0,56	0,37	37	35	07:47:31	169
17:45	0	215	37,4	2798	2982	1,07	40	2612	103,9	14,1	33,1	1,51	0,95	0,56	0,37	37	35	07:47:33	170
17:46	0	215	38,5	2881	3045	1,06	42	2530	107,5	14,5	30,8	1,41	0,91	0,50	0,36	37	35	07:47:34	170
17:48	0	215	38,1	2856	2997	1,05	42	2536	105,4	14,4	32,2	1,44	0,93	0,52	0,36	37	35	07:47:36	170
17:49	0	215	40,0	2995	3116	1,04	42	2585	108,9	15,1	29,9	1,42	0,90	0,52	0,37	36	35	07:47:37	170
17:51	0	215	39,4	2948	3050	1,03	41	2598	105,4	14,9	32,1	1,48	0,95	0,53	0,36	36	35	07:47:39	170
17:52	0	215	42,5	3185	3252	1,02	44	2584	113,7	16,1	26,8	1,36	0,85	0,51	0,38	36	35	07:47:40	170
17:53	0	215	42,9	3215	3290	1,02	43	2668	115,0	16,2	26,0	1,39	0,87	0,52	0,37	36	35	07:47:41	170
17:55	0	215	44,3	3319	3410	1,03	44	2699	120,0	16,8	22,8	1,35	0,83	0,52	0,39	36	35	07:47:43	170
17:56	0	215	42,9	3210	3314	1,03	43	2712	116,6	16,2	25,0	1,40	0,87	0,52	0,38	36	35	07:47:44	170
17:58	0	215	42,1	3156	3287	1,04	43	2720	116,6	15,9	25,0	1,40	0,87	0,53	0,38	37	35	07:47:46	170
17:59	0	215	41,2	3084	3235	1,05	44	2651	116,4	15,6	25,1	1,37	0,84	0,52	0,38	38	36	07:47:47	170
18:00	0	215	42,6	3194	3332	1,04	45	2638	119,9	16,1	22,8	1,32	0,80	0,52	0,39	38	36	07:47:48	170
18:01	0	215	42,3	3170	3334	1,05	45	2669	121,1	16,0	22,1	1,32	0,80	0,52	0,40	38	36	07:47:49	170
18:03	0	215	42,7	3200	3375	1,05	46	2674	123,4	16,2	20,6	1,30	0,78	0,52	0,40	39	37	07:47:51	170
18:04	0	215	42,7	3202	3370	1,05	47	2640	124,1	16,2	20,1	1,28	0,76	0,51	0,40	39	37	07:47:52	171
18:05	0	215	43,3	3246	3425	1,06	47	2685	126,7	16,4	18,5	1,27	0,76	0,51	0,40	39	37	07:47:53	171
18:07	0	215	43,7	3270	3463	1,06	46	2778	127,2	16,5	18,1	1,31	0,78	0,53	0,40	39	37	07:47:55	171
18:08	0	215	44,1	3306	3486	1,05	46	2754	127,9	16,7	17,7	1,29	0,78	0,51	0,39	39	37	07:47:56	171
18:09	0	215	44,5	3330	3492	1,05	47	2751	128,0	16,8	17,7	1,29	0,78	0,51	0,39	38	37	07:47:57	171
18:10	0	205	44,3	3321	3472	1,05	48	2693	128,0	16,8	17,6	1,26	0,77	0,49	0,39	39	37	07:47:58	171
18:12	0	205	43,9	3291	3449	1,05	47	2720	127,1	16,6	18,2	1,28	0,78	0,50	0,39	39	37	07:48:00	171
18:13	0	205	43,5	3255	3399	1,04	47	2669	126,1	16,4	18,9	1,27	0,77	0,50	0,39	39	37	07:48:01	171
18:14	0	205	42,5	3181	3318	1,04	48	2584	124,0	16,1	20,2	1,25	0,77	0,48	0,38	39	37	07:48:02	171
18:17	0	205	41,5	3107	3248	1,05	47	2600	121,3	15,7	21,9	1,29	0,78	0,50	0,39	39	37	07:48:05	171
18:18	0	205	41,6	3118	3252	1,04	47	2598	122,0	15,7	21,5	1,28	0,77	0,51	0,40	39	38	07:48:06	171
18:19	0	205	42,9	3213	3305	1,03	46	2639	121,8	16,2	21,6	1,30	0,78	0,52	0,40	38	37	07:48:07	171
18:21	0	205	42,5	3183	3263	1,03	45	2653	119,1	16,1	23,3	1,34	0,79	0,54	0,41	37	37	07:48:09	171
18:22	0	205	43,5	3259	3299	1,01	47	2558	120,9	16,5	22,2	1,27	0,77	0,50	0,39	37	37	07:48:10	171
18:23	0	205	44,2	3312	3341	1,01	47	2583	121,4	16,7	21,8	1,28	0,78	0,50	0,39	37	36	07:48:11	171
18:24	0	205	44,2	3311	3333	1,01	46	2598	120,5	16,7	22,5	1,29	0,78	0,52	0,40	36	36	07:48:12	170
18:26	0	205	45,2	3382	3404	1,01	47	2632	123,0	17,1	20,9	1,28	0,78	0,51	0,39	36	36	07:48:14	170
18:27	0	205	42,7	3199	3266	1,02	47	2547	120,3	16,2	22,6	1,27	0,77	0,50	0,39	38	37	07:48:15	170
18:28	0	205	42,2	3164	3244	1,03	47	2535	120,1	16,0	22,7	1,27	0,77	0,50	0,39	38	37	07:48:16	170
18:30	0	205	41,6	3117	3236	1,04	47	2566	120,7	15,7	22,4	1,28	0,78	0,50	0,39	39	37	07:48:18	170
18:31	0	205	40,9	3065	3208	1,05	46	2601	120,4	15,5	22,5	1,30	0,79	0,50	0,39	39	38	07:48:19	170
18:32	0	205	40,4	3026	3178	1,05	46	2613	119,5	15,3	23,1	1,31	0,79	0,52	0,40	39	38	07:48:20	170
18:34	0	205	40,4	3027	3178	1,05	46	2593	119,5	15,3	23,1	1,30	0,79	0,51	0,39	39	38	07:48:22	171
18:35	0	205	39,9	2985	3135	1,05	46	2583	117,6	15,1	24,3	1,32	0,80	0,52	0,40	39	38	07:48:23	171
18:37	0	205	40,6	3038	3182	1,05	43	2697	116,7	15,3	24,9	1,39	0,84	0,55	0,40	38	37	07:48:25	171
18:38	0	205	40,6	3038	3182	1,05	43	2697	116,7	15,3	24,9	1,39	0,84	0,55	0,40	38	37	07:48:26	171
18:39	0	205	41,1	3081	3201	1,04	43	2702	117,3	15,6	24,5	1,38	0,84	0,54	0,39	38	37	07:48:27	171
18:41	0	205	42,0	3143	3249	1,03	43	2760	118,1	15,9	24,0	1,40	0,85	0,55	0,39	38	36	07:48:29	171
18:42	0	205	41,7	3126	3221	1,03	43	2723	117,0	15,8	24,7	1,40	0,85	0,54	0,39	37	36	07:48:30	171
18:43	0	205	41,9	3139	3225	1,03	43	2724	117,9	15,9	24,1	1,39	0,85	0,54	0,39	38	37	07:48:31	171
18:45	0	205	41,9	3136	3236	1,03	43	2765	119,0	15,8	23,4	1,39	0,85	0,54	0,39	38	37	07:48:33	171
18:46	0	205	41,6	3113	3219	1,03	45	2687	121,4	15,7	21,9	1,33	0,83	0,50	0,38	39	38	07:48:34	171
18:47	0	205	41,0	3074	3181	1,03	46	2620	120,3	15,5	22,6	1,31	0,81	0,49	0,38	39	38	07:48:35	171
18:49	0	205	40,8	3056	3170	1,04	46	2627	119,8	15,4	22,9	1,32	0,81	0,51	0,38	39	38	07:48:37	172
18:50	0	205	40,8	3056	3170	1,04	46	2627	119,8	15,4	22,9	1,32	0,81	0,51	0,38	39	38	07:48:38	172
18:51	0	205	41,6	3118	3212	1,03	47	2599	121,1	15,7	22,1	1,29	0,79	0,50	0,39	39	38	07:48:39	172
18:52	0	205	42,1	3150	3243	1,03	47	2630	122,5	15,9	21,2	1,29	0,79	0,50	0,39	39	38	07:48:40	172
18:54	0	205	42,1	3150	3243	1,03	47	2630	122,5	15,9	21,2	1,29	0,79	0,50	0,39	39	38	07:48:42	172
18:55	0	205	42,2	3162	3244	1,03	47	2609	123,2	16,0	20,7	1,27	0,77	0,50	0,39	39	38	07:48:43	172
18:56	0	205	42,6	3189	3261	1,02	49	2571	125,0	16,1	19,6	1,23	0,75	0,49	0,40	39	38	07:48:44	172
18:57	0	205	42,5	3186	3261	1,02	49	2552	125,5	16,1	19,2	1,22	0,74	0,48	0,39	39	38	07:48:45	172
19:00	0	205	41,3	3091	3175	1,03	48	2535	121,5	15,6	21,8	1,25	0,75	0,50	0,40	39	38	07:48:48	172
19:01	0	205	40,9	3064	3115	1,02	45	2570	116,3	15,5	25,2	1,33	0,82	0,50	0,38	38	37	07:48:49	172
19:02	0	205	40,9	3063	3114	1,02	45	2570	116,3	15,5	25,2	1,33	0,82	0,50	0,38	38	37	07:48:50	172
19:04	0	205	41,8	3131	3150	1,01	46	2560	117,3	15,8	24,5	1,31	0,82	0,49	0,38	37	37	07:48:52	172
19:05	0	205	42,3	3170	3164	1,00	45	2586	117,2	16,0	24,6	1,32	0,82	0,50	0,38	37	37	07:48:53	172
19:06	0	205	42,7	3197	3185	1,00	45	2644	117,9	16,1	24,1	1,35	0,84	0,51	0,38	37	37	07:48:54	172
19:08	0	205	42,7	3198	3174	0,99	45	2641	118,6	16,1	23,7	1,34	0,84	0,50	0,37	37	37	07:48:56	172
19:09	0	205	42,7	3198	3174	0,99	45	2641	118,6	16,1	23,7	1,34	0,84	0,50	0,37	37	37	07:48:57	171
19:10	0	205	42,9	3213	3220	1,00	45	2691	121,7	16,2	21,7	1,33	0,81	0,52	0,39	38	38	07:48:58	171
19:12	0	205	42,7	3199	3203	1,00	45	2684	120,9	16,2	22,2	1,33	0,81	0,52	0,39	38	38	07:49:00	171
19:14	0	205	40,8	3057	3061	1,00	44	2590	114,6	15,4	26,3	1,36	0,83	0,52	0,39	37	37	07:49:02	171
19:16	0	205	36,9	2762	2705	0,98	39	2472	97,2	13,9	37,5	1,53	1,00	0,53	0,34	35	36	07:49:04	172
SV2																			
19:18	0	205	36,8	2759	2703	0,98	39	2472	97,2	13,9	37,5	1,53	1,00	0,53	0,34	35	36	07:49:06	172
19:19	0	205	37,7	2825	2724	0,96	39	2457	97,0	14,2	37,6	1,52	0,99	0,53	0,35	34	36	07:49:07	172
19:20	0	205	39,5	2958	2851	0,96	40	2585	103,1	14,8	33,6	1,50	0,98	0,53	0,35	35	36	07:49:08	172
19:21	0	205	39,2	2934	2809	0,96	41	2519	102,7	14,7	33,9	1,47	0,97	0,50	0,34	35	37	07:49:09	172
19:23	0	205	39,3	2947	2820	0,96	40	2557	101,8	14,7	34,5	1,51	0,99	0,52	0,34	35	36	07:49:11	172
19:24	0	205	43,3	3247	3168	0,98	45	2658	119,0	16,3	23,4	1,34	0,83	0,51	0,38	37	38	07:49:12	170
19:26	0	205	44,1	3302	3223	0,98	45	2686	121,5	16,6	21,8	1,33	0,80	0,52	0,39	37	38	07:49:14	170
19:27	0	205	43,4	3252	3219	0,99	45	2726	122,6	16,4	21,1	1,33	0,81	0,52	0,39	38	38	07:49:15	170
19:28	0	205	42,9	3210	3188	0,99	45	2702	121,7	16,2	21,7	1,33	0,82	0,51	0,39	38	38	07:49:16	170
19:29	0	205	42,6	3194	3199	1,00	45	2721	122,9	16,1	20,9	1,33	0,81	0,52	0,39	38	38	07:49:17	170
19:31	0	205	42,6	3194	3199	1,00	45	2721	122,9	16,1	20,9	1,33	0,81	0,52	0,39	38	38	07:49:19	170
19:32	0	205	41,7	3125	3151	1,01	46	2678	123,4	15,8	20,6	1,30	0,79	0,51	0,39	39	39	07:49:20	170
19:33	0	205	40,8	3055	3108	1,02	47	2639	122,8	15,4	21,0	1,29	0,78	0,51	0,39	40	39	07:49:21	170
19:35	0	205	40,8	3056	3108	1,02	47	2639	122,8	15,4	21,0	1,29	0,78	0,51	0,39	40	39	07:49:23	171
19:36	0	205	39,8	2984	3045	1,02	46	2599	120,3	15,1	22,6	1,30	0,79	0,50	0,39	40	40	07:49:24	171
19:37	0	205	40,1	3002	3045	1,01	47	2538	120,5	15,2	22,5	1,26	0,77	0,49	0,39	40	40	07:49:25	171
19:38	0	205	40,4	3028	3048	1,01	49	2459	120,3	15,3	22,6	1,23	0,75	0,48	0,39	40	39	07:49:26	171
19:40	0	205	40,9	3066	3067	1,00	50	2428	121,2	15,5	22,0	1,20	0,74	0,47	0,39	40	40	07:49:28	171
19:41	0	205	41,2	3083	3067	1,00	51	2366	121,5	15,6	21,8	1,17	0,72	0,45	0,39	39	40	07:49:29	171
19:42	0	205	41,8	3133	3103	0,99	53	2340	123,4	15,8	20,6	1,14	0,69	0,45	0,39	39	40	07:49:30	171
19:43	0	205	41,8	3133	3103	0,99	53	2340	123,4	15,8	20,6	1,14	0,69	0,45	0,39	39	40	07:49:31	172
19:44	0	205	42,3	3172	3126	0,99	53	2333	124,3	16,0	20,0	1,13	0,69	0,44	0,39	39	40	07:49:32	172
19:45	0	205	42,1	3157	3111	0,99	54	2325	124,5	15,9	19,9	1,12	0,68	0,44	0,39	39	40	07:49:33	172
19:46	0	205	41,4	3100	3083	0,99	53	2363	124,4	15,6	20,0	1,14	0,69	0,45	0,40	40	40	07:49:34	172
19:48	0	205	41,4	3103	3101	1,00	51	2437	125,0	15,7	19,6	1,17	0,70	0,47	0,40	40	40	07:49:36	172
19:49	0	205	41,7	3125	3117	1,00	51	2446	125,2	15,8	19,4	1,17	0,70	0,47	0,40	40	40	07:49:37	171
19:50	0	205	41,6	3118	3110	1,00	51	2455	124,8	15,7	19,7	1,18	0,71	0,47	0,40	40	40	07:49:38	171
19:51	0	205	41,0	3069	3090	1,01	50	2490	124,5	15,5	19,9	1,20	0,72	0,48	0,40	41	40	07:49:39	171
19:52	0	205	41,0	3069	3090	1,01	50	2490	124,5	15,5	19,9	1,20	0,72	0,48	0,40	41	40	07:49:40	171
19:54	0	205	40,5	3037	3086	1,02	47	2623	122,8	15,3	21,0	1,28	0,77	0,51	0,40	40	40	07:49:42	171
19:55	0	205	41,0	3070	3091	1,01	46	2627	121,8	15,5	21,6	1,29	0,78	0,51	0,40	40	39	07:49:43	171
19:57	0	205	40,5	3032	3044	1,00	47	2558	120,5	15,3	22,5	1,27	0,77	0,51	0,40	40	40	07:49:45	171
19:58	0	205	40,8	3053	3027	0,99	46	2549	117,5	15,4	24,4	1,30	0,78	0,52	0,40	38	39	07:49:46	171
19:59	0	205	41,1	3075	3045	0,99	46	2554	117,7	15,5	24,3	1,30	0,78	0,52	0,40	38	39	07:49:47	171
20:01	0	205	42,5	3181	3116	0,98	46	2598	119,4	16,0	23,2	1,31	0,79	0,52	0,40	38	38	07:49:49	171
20:02	0	205	42,7	3198	3125	0,98	45	2637	119,5	16,1	23,1	1,32	0,79	0,53	0,40	37	38	07:49:50	171
20:03	0	205	43,3	3240	3144	0,97	46	2617	121,5	16,3	21,8	1,29	0,77	0,52	0,40	38	39	07:49:51	171
20:04	0	205	43,9	3287	3195	0,97	47	2661	124,1	16,5	20,1	1,29	0,77	0,51	0,40	38	39	07:49:52	172
20:06	0	205	43,5	3256	3203	0,98	45	2780	125,4	16,4	19,3	1,33	0,80	0,53	0,40	39	39	07:49:54	172
20:07	0	205	44,2	3312	3229	0,97	47	2683	127,1	16,6	18,2	1,27	0,76	0,50	0,40	38	39	07:49:55	172
20:08	0	205	44,0	3297	3226	0,98	47	2702	127,6	16,6	17,9	1,27	0,77	0,50	0,39	39	40	07:49:56	172
20:10	0	205	43,1	3227	3174	0,98	45	2774	124,4	16,2	20,0	1,34	0,80	0,54	0,40	39	39	07:49:58	172
20:12	0	205	40,0	2993	2944	0,98	42	2702	114,2	15,1	26,5	1,42	0,87	0,55	0,39	38	39	07:50:00	172
20:13	0	205	40,4	3023	2966	0,98	43	2668	114,7	15,2	26,2	1,40	0,86	0,53	0,38	38	39	07:50:01	172
20:14	0	205	40,6	3042	2958	0,97	43	2684	114,5	15,3	26,3	1,41	0,86	0,54	0,39	38	39	07:50:02	173
20:16	0	205	40,5	3035	2920	0,96	44	2586	114,3	15,2	26,5	1,36	0,84	0,52	0,38	38	39	07:50:04	173
20:17	0	205	40,4	3029	2917	0,96	43	2657	114,2	15,2	26,5	1,40	0,87	0,53	0,38	38	39	07:50:05	173
20:19	0	205	39,9	2992	2873	0,96	42	2666	110,9	15,0	28,6	1,44	0,90	0,54	0,37	37	39	07:50:07	172
20:20	0	205	42,3	3168	3044	0,96	41	2830	117,0	15,9	24,7	1,45	0,90	0,55	0,38	37	38	07:50:08	171
20:22	0	205	43,0	3222	3069	0,95	43	2728	118,6	16,1	23,7	1,38	0,86	0,52	0,38	37	39	07:50:10	170
20:24	0	205	41,9	3140	3013	0,96	41	2794	114,0	15,7	26,6	1,47	0,92	0,55	0,38	36	38	07:50:12	170
20:25	0	205	41,9	3140	3013	0,96	41	2794	114,0	15,7	26,6	1,47	0,92	0,55	0,38	36	38	07:50:13	170
20:26	0	205	43,2	3239	3086	0,95	41	2806	115,0	16,2	26,0	1,46	0,91	0,55	0,38	36	37	07:50:14	170
20:27	0	205	43,8	3282	3104	0,95	42	2737	115,6	16,4	25,6	1,42	0,88	0,54	0,38	35	37	07:50:15	170
20:28	0	205	44,8	3353	3162	0,94	44	2708	119,1	16,7	23,4	1,36	0,84	0,53	0,39	36	38	07:50:16	171
20:30	0	205	45,9	3435	3231	0,94	47	2633	124,2	17,1	20,1	1,27	0,78	0,49	0,39	36	38	07:50:18	171
20:31	0	205	44,4	3326	3167	0,95	46	2678	122,5	16,6	21,2	1,31	0,80	0,51	0,39	37	39	07:50:19	171
20:34	0	205	44,4	3327	3168	0,95	46	2678	122,5	16,6	21,2	1,31	0,80	0,51	0,39	37	39	07:50:22	171
20:36	0	205	44,5	3332	3186	0,96	46	2680	124,5	16,7	19,9	1,29	0,79	0,50	0,39	37	39	07:50:24	170
20:37	0	205	45,6	3418	3231	0,95	45	2737	123,5	17,1	20,5	1,33	0,82	0,51	0,38	36	38	07:50:25	170
20:38	0	205	45,6	3417	3213	0,94	44	2779	122,1	17,0	21,4	1,37	0,84	0,52	0,38	36	38	07:50:26	170
20:40	0	205	45,2	3384	3175	0,94	43	2771	120,5	16,9	22,5	1,38	0,85	0,53	0,38	36	38	07:50:28	170
20:41	0	205	45,5	3406	3170	0,93	44	2735	120,0	16,9	22,8	1,37	0,85	0,52	0,38	35	38	07:50:29	170
V02 Max																			
20:42	0	205	47,1	3529	3252	0,92	46	2677	123,7	17,5	20,4	1,30	0,80	0,50	0,38	35	38	07:50:30	170
20:44	0	205	47,1	3529	3252	0,92	46	2677	123,7	17,5	20,4	1,30	0,80	0,50	0,38	35	38	07:50:32	170
20:45	0	205	45,6	3419	3200	0,94	48	2599	124,5	17,0	19,9	1,25	0,77	0,48	0,39	36	39	07:50:33	170
20:46	0	205	45,7	3420	3200	0,94	48	2599	124,5	17,0	19,9	1,25	0,77	0,48	0,39	36	39	07:50:34	170
20:47	0	205	44,8	3357	3192	0,95	47	2642	124,8	16,8	19,7	1,27	0,77	0,50	0,39	37	39	07:50:35	170
20:49	0	205	44,4	3326	3186	0,96	46	2697	123,5	16,6	20,5	1,31	0,79	0,52	0,39	37	39	07:50:37	170
20:50	0	205	44,1	3301	3177	0,96	45	2704	122,9	16,5	20,9	1,32	0,79	0,53	0,40	37	39	07:50:38	170
20:52	0	205	43,6	3267	3160	0,97	44	2744	121,8	16,4	21,6	1,35	0,83	0,53	0,39	37	39	07:50:40	170
20:53	0	205	44,2	3308	3183	0,96	46	2673	122,6	16,6	21,1	1,31	0,81	0,49	0,38	37	39	07:50:41	170
20:54	0	205	44,0	3295	3181	0,97	46	2675	122,9	16,5	20,9	1,31	0,82	0,49	0,38	37	39	07:50:42	171
20:55	0	205	43,2	3235	3136	0,97	46	2670	122,1	16,2	21,4	1,31	0,81	0,50	0,38	38	39	07:50:43	171
20:57	0	205	43,6	3264	3166	0,97	47	2622	124,1	16,4	20,2	1,27	0,77	0,49	0,39	38	39	07:50:45	171
20:58	0	205	43,3	3246	3154	0,97	49	2559	125,4	16,3	19,3	1,22	0,74	0,48	0,39	39	40	07:50:46	171
20:59	0	205	41,9	3136	3076	0,98	46	2647	120,8	15,8	22,2	1,31	0,79	0,52	0,40	39	39	07:50:47	171
21:01	0	205	43,4	3253	3160	0,97	49	2541	125,6	16,3	19,2	1,21	0,73	0,48	0,40	39	40	07:50:49	171
21:02	0	205	43,5	3256	3151	0,97	49	2537	125,2	16,3	19,4	1,22	0,73	0,48	0,40	38	40	07:50:50	171
21:03	0	205	43,2	3233	3135	0,97	48	2591	124,0	16,2	20,2	1,25	0,75	0,50	0,40	38	40	07:50:51	171
21:05	0	205	43,6	3266	3167	0,97	47	2642	124,4	16,4	19,9	1,27	0,77	0,50	0,39	38	39	07:50:53	171
21:06	0	205	43,6	3266	3166	0,97	47	2642	124,4	16,4	19,9	1,27	0,77	0,50	0,39	38	39	07:50:54	171
21:07	0	205	43,5	3256	3161	0,97	45	2724	123,3	16,3	20,7	1,33	0,80	0,52	0,40	38	39	07:50:55	171
21:09	0	205	43,6	3269	3157	0,97	47	2645	124,4	16,4	20,0	1,28	0,78	0,50	0,39	38	39	07:50:57	171
21:10	0	205	43,7	3275	3166	0,97	47	2671	125,0	16,4	19,6	1,28	0,79	0,49	0,38	38	39	07:50:58	171
21:11	0	205	43,3	3240	3147	0,97	44	2770	123,1	16,3	20,8	1,35	0,83	0,52	0,38	38	39	07:50:59	171
21:12	0	205	43,1	3225	3120	0,97	45	2713	123,2	16,2	20,8	1,32	0,82	0,50	0,38	38	39	07:51:00	171
21:14	0	205	42,1	3151	3048	0,97	44	2729	118,8	15,8	23,5	1,38	0,83	0,55	0,40	38	39	07:51:02	171
21:15	0	205	41,9	3139	3030	0,97	44	2712	118,4	15,7	23,8	1,37	0,82	0,55	0,40	38	39	07:51:03	171
21:17	0	205	41,8	3131	3010	0,96	45	2630	118,7	15,7	23,6	1,33	0,80	0,53	0,40	38	39	07:51:05	171
21:18	0	205	41,8	3133	3017	0,96	45	2659	118,7	15,7	23,6	1,34	0,81	0,54	0,40	38	39	07:51:06	171
21:19	0	205	41,3	3090	2987	0,97	44	2671	118,5	15,5	23,7	1,35	0,82	0,54	0,40	38	40	07:51:07	171
21:20	0	205	41,6	3117	3015	0,97	44	2717	119,2	15,6	23,3	1,37	0,83	0,54	0,39	38	40	07:51:08	171
21:23	0	205	41,6	3117	3015	0,97	44	2717	119,2	15,6	23,3	1,37	0,83	0,54	0,39	38	40	07:51:11	171
21:24	0	205	42,7	3198	3072	0,96	47	2649	123,2	16,0	20,7	1,29	0,80	0,49	0,38	39	40	07:51:12	171
21:25	0	205	43,4	3250	3112	0,96	47	2669	125,1	16,3	19,5	1,28	0,79	0,49	0,38	39	40	07:51:13	170
21:26	0	205	44,0	3296	3152	0,96	47	2693	127,4	16,5	18,0	1,27	0,79	0,48	0,38	39	40	07:51:14	170
21:27	0	205	44,2	3308	3151	0,95	49	2630	128,5	16,5	17,3	1,23	0,76	0,47	0,38	39	41	07:51:15	170
21:29	0	205	42,1	3156	2992	0,95	47	2521	119,5	15,8	23,1	1,27	0,79	0,47	0,37	38	40	07:51:17	170
21:30	0	205	42,5	3182	3017	0,95	47	2571	119,8	15,9	22,9	1,29	0,80	0,49	0,38	38	40	07:51:18	170
21:31	0	205	44,8	3354	3184	0,95	49	2620	129,1	16,7	16,9	1,22	0,73	0,49	0,40	38	41	07:51:19	170
21:33	0	205	43,5	3256	3108	0,95	50	2559	126,9	16,3	18,3	1,21	0,73	0,48	0,40	39	41	07:51:21	170
21:34	0	205	42,6	3194	3057	0,96	50	2496	125,6	16,0	19,2	1,19	0,71	0,48	0,40	39	41	07:51:22	170
21:35	0	205	42,2	3162	3037	0,96	50	2489	125,3	15,8	19,4	1,19	0,72	0,47	0,40	40	41	07:51:23	170
21:36	0	205	41,7	3120	2995	0,96	53	2369	124,7	15,6	19,8	1,14	0,69	0,45	0,39	40	42	07:51:24	170
21:37	0	205	42,4	3178	3052	0,96	50	2488	125,0	15,9	19,5	1,19	0,72	0,47	0,40	39	41	07:51:25	170
21:38	0	205	41,8	3131	3010	0,96	51	2436	125,1	15,7	19,5	1,17	0,72	0,45	0,39	40	42	07:51:26	170
21:40	0	205	42,1	3153	3034	0,96	49	2515	124,1	15,8	20,2	1,22	0,76	0,46	0,38	39	41	07:51:28	170
21:41	0	205	42,0	3146	3031	0,96	49	2520	124,1	15,8	20,1	1,22	0,75	0,47	0,38	39	41	07:51:29	170
21:42	0	205	42,5	3184	3062	0,96	48	2580	124,4	15,9	19,9	1,24	0,77	0,47	0,38	39	41	07:51:30	170
21:44	0	205	42,8	3207	3073	0,96	47	2634	124,2	16,0	20,1	1,27	0,79	0,48	0,38	39	40	07:51:32	171
21:45	0	205	43,0	3219	3079	0,96	46	2692	124,6	16,1	19,8	1,30	0,80	0,49	0,38	39	40	07:51:33	171
21:46	0	205	42,9	3216	3076	0,96	47	2681	124,7	16,1	19,8	1,29	0,79	0,50	0,38	39	41	07:51:34	171
21:48	0	205	43,2	3234	3084	0,95	45	2729	123,1	16,2	20,8	1,33	0,80	0,53	0,40	38	40	07:51:36	171
21:49	0	205	43,2	3232	3078	0,95	45	2732	123,8	16,2	20,3	1,32	0,80	0,52	0,39	38	40	07:51:37	170
21:50	0	205	43,3	3242	3088	0,95	47	2677	125,3	16,2	19,4	1,28	0,78	0,50	0,39	39	41	07:51:38	170
21:52	0	205	43,2	3232	3079	0,95	45	2732	123,8	16,2	20,3	1,32	0,80	0,52	0,39	38	40	07:51:40	170
21:53	0	205	43,7	3272	3117	0,95	46	2760	126,2	16,4	18,8	1,31	0,79	0,52	0,40	39	40	07:51:41	166
21:54	0	205	44,0	3295	3137	0,95	45	2778	126,1	16,5	18,9	1,32	0,80	0,53	0,40	38	40	07:51:42	156
21:56	0	205	43,0	3217	3080	0,96	44	2813	123,2	16,1	20,7	1,37	0,85	0,52	0,38	38	40	07:51:44	156
21:57	0	205	42,3	3168	3035	0,96	42	2837	120,0	15,9	22,8	1,42	0,88	0,54	0,38	38	40	07:51:45	156
21:59	0	205	42,4	3176	3021	0,95	43	2782	118,9	15,9	23,5	1,40	0,87	0,54	0,38	37	39	07:51:47	156
22:00	0	205	42,3	3171	2989	0,94	43	2702	116,3	15,8	25,2	1,39	0,87	0,53	0,38	37	39	07:51:48	167
22:01	0	205	43,9	3286	3049	0,93	45	2624	119,1	16,3	23,4	1,32	0,81	0,51	0,39	36	39	07:51:49	170
22:02	0	205	43,5	3260	3031	0,93	45	2612	118,7	16,2	23,6	1,32	0,81	0,51	0,39	36	39	07:51:50	170
22:03	0	205	43,4	3250	3004	0,92	47	2541	118,4	16,1	23,8	1,29	0,79	0,50	0,39	36	39	07:51:51	169
22:04	0	205	44,7	3347	3069	0,92	51	2434	124,0	16,6	20,2	1,18	0,73	0,45	0,38	37	40	07:51:52	169
22:06	0	205	44,5	3337	3076	0,92	51	2455	125,9	16,6	19,0	1,17	0,72	0,45	0,38	38	41	07:51:54	169
22:07	0	205	44,6	3337	3077	0,92	51	2455	125,9	16,6	19,0	1,17	0,72	0,45	0,38	38	41	07:51:55	169
22:09	0	205	43,9	3286	3064	0,93	51	2491	126,7	16,3	18,5	1,18	0,73	0,45	0,38	39	41	07:51:57	169
22:11	0	205	43,9	3287	3064	0,93	51	2491	126,7	16,4	18,5	1,18	0,73	0,45	0,38	39	41	07:51:59	169
22:12	0	205	44,6	3340	3102	0,93	50	2531	126,1	16,6	18,9	1,20	0,74	0,46	0,38	38	41	07:52:00	169
22:13	0	205	44,3	3319	3100	0,93	49	2581	126,1	16,5	18,8	1,23	0,75	0,47	0,39	38	41	07:52:01	169
22:14	0	205	43,9	3286	3078	0,94	49	2570	126,0	16,4	18,9	1,22	0,75	0,47	0,39	38	41	07:52:02	168
22:15	0	205	43,8	3283	3083	0,94	50	2536	127,0	16,4	18,3	1,20	0,74	0,46	0,39	39	41	07:52:03	168
22:17	0	205	43,8	3282	3092	0,94	50	2551	127,6	16,4	17,9	1,20	0,74	0,46	0,38	39	41	07:52:05	168
22:18	0	205	43,8	3282	3092	0,94	50	2551	127,6	16,4	17,9	1,20	0,74	0,46	0,38	39	41	07:52:06	168
22:19	0	205	42,5	3184	3045	0,96	51	2526	129,1	15,9	16,9	1,17	0,72	0,45	0,39	41	42	07:52:07	169
22:20	0	205	42,1	3154	3031	0,96	50	2555	128,0	15,8	17,6	1,20	0,74	0,46	0,38	41	42	07:52:08	169
22:21	0	205	41,8	3130	3022	0,97	51	2553	128,9	15,7	17,0	1,19	0,73	0,46	0,38	41	43	07:52:09	169
22:23	0	205	41,6	3118	3033	0,97	50	2603	130,1	15,6	16,3	1,20	0,74	0,46	0,38	42	43	07:52:11	169
22:24	0	205	41,4	3102	3009	0,97	50	2556	128,2	15,6	17,5	1,20	0,73	0,46	0,39	41	43	07:52:12	169
22:25	0	205	41,0	3074	2991	0,97	49	2583	126,8	15,4	18,4	1,22	0,75	0,47	0,38	41	42	07:52:13	169
22:26	0	205	41,1	3080	2997	0,97	50	2577	127,8	15,5	17,8	1,21	0,75	0,46	0,38	41	43	07:52:14	169
22:28	0	205	40,9	3067	2992	0,98	48	2617	126,8	15,4	18,4	1,24	0,77	0,47	0,38	41	42	07:52:16	169
22:29	0	205	40,8	3055	2976	0,97	49	2596	126,0	15,3	18,9	1,24	0,76	0,47	0,38	41	42	07:52:17	170
22:30	0	205	40,9	3067	2992	0,98	49	2615	127,3	15,4	18,1	1,23	0,77	0,47	0,38	42	43	07:52:18	170
22:31	0	205	40,8	3053	2975	0,97	49	2587	126,4	15,3	18,7	1,23	0,76	0,47	0,38	41	42	07:52:19	170
22:32	0	205	40,9	3066	2982	0,97	51	2513	128,9	15,4	17,1	1,17	0,71	0,46	0,39	42	43	07:52:20	170
22:34	0	205	40,8	3056	2988	0,98	49	2596	128,1	15,4	17,6	1,22	0,74	0,47	0,39	42	43	07:52:22	171
22:35	0	205	40,1	3004	2938	0,98	48	2593	125,4	15,1	19,3	1,24	0,75	0,49	0,39	42	43	07:52:23	171
22:36	0	205	40,0	2999	2922	0,97	49	2549	125,4	15,1	19,3	1,22	0,74	0,48	0,40	42	43	07:52:24	171
22:38	0	205	40,0	2999	2922	0,97	49	2549	125,4	15,1	19,3	1,22	0,74	0,48	0,40	42	43	07:52:26	171
22:39	0	205	40,2	3009	2908	0,97	48	2538	122,8	15,1	21,0	1,24	0,76	0,48	0,39	41	42	07:52:27	171
22:40	0	205	39,6	2963	2837	0,96	49	2425	119,7	14,8	23,0	1,22	0,75	0,47	0,38	40	42	07:52:28	171
22:41	0	205	39,2	2934	2817	0,96	50	2421	119,8	14,7	22,9	1,21	0,74	0,47	0,39	41	43	07:52:29	171
22:42	0	205	39,2	2935	2791	0,95	52	2332	120,4	14,7	22,5	1,16	0,71	0,45	0,39	41	43	07:52:30	171
22:44	0	205	39,6	2963	2804	0,95	52	2321	121,3	14,8	22,0	1,15	0,71	0,44	0,38	41	43	07:52:32	171
22:45	0	205	39,9	2992	2815	0,94	52	2312	120,4	14,9	22,5	1,15	0,72	0,43	0,37	40	43	07:52:33	171
22:46	0	205	40,2	3014	2841	0,94	51	2370	121,3	15,0	21,9	1,17	0,74	0,43	0,37	40	43	07:52:34	171
22:47	0	205	40,2	3009	2841	0,94	51	2390	121,5	15,0	21,8	1,18	0,74	0,44	0,37	40	43	07:52:35	171
22:48	0	205	40,7	3046	2876	0,94	51	2410	122,3	15,2	21,3	1,18	0,75	0,44	0,37	40	43	07:52:36	169
22:50	0	205	40,6	3039	2867	0,94	51	2406	121,7	15,2	21,7	1,19	0,74	0,44	0,37	40	42	07:52:38	169
22:51	0	205	40,5	3030	2855	0,94	51	2393	120,9	15,1	22,2	1,19	0,74	0,45	0,38	40	42	07:52:39	169
22:52	0	205	40,7	3048	2862	0,94	51	2374	120,5	15,2	22,5	1,18	0,73	0,45	0,38	40	42	07:52:40	169
22:53	0	205	40,6	3040	2862	0,94	51	2391	121,1	15,2	22,0	1,18	0,73	0,45	0,38	40	42	07:52:41	169
22:54	0	205	40,6	3040	2862	0,94	51	2391	121,1	15,2	22,0	1,18	0,73	0,45	0,38	40	42	07:52:42	169
22:56	0	205	40,0	2999	2835	0,95	50	2414	120,7	15,0	22,3	1,20	0,73	0,47	0,39	40	43	07:52:44	169
22:58	0	205	39,6	2967	2806	0,95	50	2391	119,5	14,8	23,1	1,20	0,73	0,47	0,39	40	43	07:52:46	169
22:59	0	205	39,9	2991	2834	0,95	50	2428	120,8	14,9	22,3	1,21	0,74	0,47	0,39	40	43	07:52:47	169
23:00	0	205	41,9	3140	2926	0,93	49	2481	121,4	15,6	21,9	1,23	0,75	0,48	0,39	39	41	07:52:48	169
23:01	0	205	43,0	3219	2993	0,93	49	2566	124,6	16,0	19,8	1,24	0,76	0,48	0,39	39	42	07:52:49	169
23:03	0	205	43,3	3243	3013	0,93	48	2611	125,1	16,1	19,5	1,25	0,77	0,48	0,38	39	42	07:52:51	169
23:04	0	205	43,9	3285	3044	0,93	47	2656	125,7	16,3	19,1	1,27	0,77	0,49	0,39	38	41	07:52:52	169
23:05	0	205	45,1	3378	3119	0,92	48	2682	128,3	16,8	17,4	1,25	0,77	0,48	0,38	38	41	07:52:53	169
23:06	0	205	45,7	3425	3167	0,92	48	2698	130,8	17,0	15,8	1,24	0,77	0,47	0,38	38	41	07:52:54	169
23:08	0	205	44,6	3342	3141	0,94	49	2698	132,3	16,7	14,9	1,22	0,76	0,46	0,38	40	42	07:52:56	169
23:09	0	205	43,7	3273	3090	0,94	49	2664	130,1	16,3	16,3	1,23	0,77	0,46	0,38	40	42	07:52:57	169
23:10	0	205	43,7	3275	3089	0,94	49	2632	129,0	16,3	17,0	1,22	0,76	0,46	0,38	39	42	07:52:58	169
23:11	0	205	43,8	3283	3099	0,94	49	2613	129,1	16,4	16,9	1,21	0,75	0,46	0,38	39	42	07:52:59	169
23:12	0	205	44,1	3300	3112	0,94	50	2584	129,2	16,5	16,9	1,20	0,74	0,46	0,38	39	42	07:53:00	169
23:14	0	205	43,4	3252	3072	0,94	50	2565	127,2	16,2	18,1	1,21	0,74	0,47	0,39	39	41	07:53:02	170
23:15	0	205	43,0	3223	3045	0,94	49	2574	126,8	16,1	18,4	1,22	0,74	0,48	0,39	39	42	07:53:03	170
23:16	0	205	43,0	3223	3036	0,94	49	2555	125,9	16,1	19,0	1,22	0,75	0,47	0,39	39	41	07:53:04	170
23:17	0	205	43,3	3241	3048	0,94	50	2532	126,0	16,2	18,9	1,21	0,74	0,46	0,38	39	41	07:53:05	170
23:19	0	205	43,0	3219	3029	0,94	49	2529	125,0	16,0	19,6	1,21	0,74	0,47	0,39	39	41	07:53:07	171
23:20	0	205	42,7	3199	3001	0,94	50	2476	123,6	15,9	20,5	1,20	0,73	0,47	0,39	39	41	07:53:08	171
23:21	0	205	42,7	3199	2992	0,94	51	2454	124,1	15,9	20,1	1,19	0,72	0,46	0,39	39	41	07:53:09	171
23:22	0	205	42,4	3178	2968	0,93	52	2392	124,8	15,8	19,7	1,15	0,70	0,45	0,39	39	42	07:53:10	171
23:23	0	205	41,5	3110	2911	0,94	53	2340	123,4	15,5	20,6	1,14	0,69	0,45	0,40	40	42	07:53:11	170
23:25	0	205	41,2	3090	2908	0,94	52	2364	123,2	15,4	20,8	1,15	0,69	0,46	0,40	40	42	07:53:13	170
23:26	0	205	41,1	3076	2888	0,94	53	2325	123,9	15,3	20,3	1,13	0,68	0,45	0,40	40	43	07:53:14	170
23:27	0	205	41,3	3094	2903	0,94	53	2335	124,9	15,4	19,7	1,12	0,68	0,45	0,40	40	43	07:53:15	170
23:28	0	205	41,6	3114	2942	0,94	53	2387	126,5	15,5	18,6	1,13	0,69	0,44	0,39	41	43	07:53:16	170
23:29	0	205	40,9	3065	2908	0,95	52	2379	124,5	15,3	19,9	1,15	0,69	0,45	0,40	41	43	07:53:17	170
23:30	0	205	41,2	3087	2921	0,95	51	2401	123,3	15,4	20,6	1,17	0,70	0,47	0,40	40	42	07:53:18	170
23:32	0	205	41,5	3108	2941	0,95	51	2439	124,9	15,5	19,6	1,17	0,71	0,47	0,40	40	42	07:53:20	170
23:33	0	205	41,2	3086	2922	0,95	51	2432	124,9	15,4	19,6	1,17	0,71	0,46	0,40	40	43	07:53:21	170
23:34	0	205	40,5	3037	2874	0,95	52	2383	124,3	15,2	20,0	1,15	0,70	0,45	0,39	41	43	07:53:22	169
23:35	0	205	40,4	3027	2876	0,95	51	2428	125,0	15,1	19,6	1,17	0,71	0,45	0,39	41	43	07:53:23	169
23:36	0	205	40,1	3005	2859	0,95	52	2392	123,7	15,0	20,4	1,16	0,70	0,46	0,39	41	43	07:53:24	169
23:37	0	205	40,4	3027	2876	0,95	51	2428	125,0	15,1	19,6	1,17	0,71	0,45	0,39	41	43	07:53:25	169
23:38	0	205	40,3	3019	2877	0,95	53	2388	125,9	15,1	19,0	1,14	0,70	0,44	0,38	42	44	07:53:26	170
23:39	0	205	40,0	2996	2859	0,95	53	2351	124,6	15,0	19,8	1,13	0,69	0,44	0,39	42	44	07:53:27	170
23:41	0	205	39,7	2970	2837	0,96	53	2330	123,0	14,9	20,8	1,14	0,69	0,44	0,39	41	43	07:53:29	170
23:42	0	205	39,6	2969	2836	0,96	53	2317	122,6	14,8	21,1	1,13	0,69	0,45	0,39	41	43	07:53:30	170
23:43	0	205	39,4	2949	2814	0,95	54	2256	121,3	14,7	21,9	1,12	0,67	0,45	0,40	41	43	07:53:31	170
23:44	0	205	39,1	2929	2806	0,96	53	2290	121,8	14,7	21,6	1,13	0,68	0,45	0,40	42	43	07:53:32	170
23:45	0	205	38,8	2909	2801	0,96	53	2327	122,2	14,6	21,3	1,14	0,69	0,45	0,39	42	44	07:53:33	170
23:46	0	205	38,8	2910	2801	0,96	53	2327	122,2	14,6	21,3	1,14	0,69	0,45	0,39	42	44	07:53:34	170
23:48	0	205	39,6	2963	2853	0,96	52	2391	123,6	14,8	20,4	1,16	0,71	0,45	0,39	42	43	07:53:36	170
23:49	0	205	40,1	3002	2897	0,96	51	2467	125,7	15,0	19,1	1,18	0,72	0,45	0,39	42	43	07:53:37	171
23:50	0	205	40,5	3036	2931	0,97	51	2509	127,6	15,2	17,9	1,18	0,73	0,45	0,38	42	44	07:53:38	171
23:51	0	205	40,5	3036	2931	0,97	51	2509	127,6	15,2	17,9	1,18	0,73	0,45	0,38	42	44	07:53:39	171
23:52	0	205	41,4	3102	2980	0,96	51	2525	129,7	15,5	16,5	1,17	0,73	0,44	0,38	42	44	07:53:40	171
