TEMPS	Vitesse	PUIS.	VO2/KG	VO2	VCO2	Q.R	FR	Vt	VE	KCal	Rés.V.	Ttot	Te	Ti	Ti/Ttot	VE/VO2	VE/VCO2	Horloge	FC
(min)	(RPM)	(Watts)	(mL/kg/min)	(mL/min)	(mL/min)		(br/min)	(mL)	(L/min)	(KCal/min)	(%)	(sec)	(sec)	(sec)				(Minuterie)	(BPM)
0:15	0	100	15,1	1302	970	0,74	18	1407	24,9	6,2	84,7	3,39	2,50	0,89	0,26	19	26	08:56:36	95
0:19	0	100	15,5	1338	1051	0,79	15	1892	28,1	6,4	82,7	4,04	2,76	1,28	0,32	21	27	08:56:40	101
0:21	0	100	15,1	1304	971	0,74	18	1407	24,9	6,2	84,7	3,39	2,50	0,89	0,26	19	26	08:56:42	101
0:25	0	100	13,2	1138	834	0,73	16	1401	21,8	5,4	86,6	3,86	3,13	0,73	0,19	19	26	08:56:46	100
0:29	0	100	14,1	1221	881	0,72	16	1377	22,4	5,8	86,3	3,69	2,81	0,88	0,24	18	25	08:56:50	100
0:32	0	100	14,5	1252	926	0,74	16	1506	23,9	6,0	85,3	3,78	2,80	0,98	0,26	19	26	08:56:53	100
0:35	0	100	14,9	1286	955	0,74	17	1488	24,8	6,1	84,8	3,60	2,67	0,94	0,26	19	26	08:56:56	100
0:40	0	100	15,3	1325	1024	0,77	15	1765	26,7	6,4	83,6	3,96	2,88	1,09	0,27	20	26	08:57:01	100
0:42	0	100	15,8	1367	1041	0,76	16	1692	27,0	6,5	83,4	3,76	2,75	1,02	0,27	20	26	08:57:03	102
0:44	0	100	16,5	1425	1103	0,77	18	1567	29,0	6,8	82,2	3,25	2,24	1,01	0,31	20	26	08:57:05	107
0:47	0	100	17,0	1468	1148	0,78	17	1729	29,6	7,1	81,8	3,51	2,44	1,06	0,30	20	26	08:57:08	109
0:50	0	100	16,9	1459	1175	0,81	17	1765	30,3	7,1	81,4	3,49	2,49	1,00	0,29	21	26	08:57:11	109
0:53	0	100	16,8	1451	1186	0,82	17	1736	30,2	7,0	81,5	3,45	2,48	0,97	0,28	21	25	08:57:14	109
0:56	0	100	17,4	1506	1243	0,83	18	1766	31,2	7,3	80,9	3,40	2,41	0,99	0,29	21	25	08:57:17	109
0:58	0	100	17,7	1527	1249	0,82	21	1483	30,9	7,4	81,0	2,88	2,06	0,82	0,28	20	25	08:57:19	111
1:01	0	100	17,7	1527	1249	0,82	21	1483	30,9	7,4	81,0	2,88	2,06	0,82	0,28	20	25	08:57:22	112
1:04	0	100	18,3	1582	1295	0,82	22	1458	32,1	7,7	80,3	2,73	1,93	0,80	0,29	20	25	08:57:25	114
1:06	0	100	19,0	1645	1354	0,82	22	1480	33,0	8,0	79,7	2,69	1,87	0,82	0,30	20	24	08:57:27	114
1:09	0	100	19,1	1649	1378	0,84	22	1516	33,8	8,0	79,2	2,69	1,86	0,83	0,31	21	25	08:57:30	113
1:13	0	100	20,1	1741	1483	0,85	20	1769	35,8	8,5	78,0	2,96	1,98	0,98	0,33	21	24	08:57:34	114
1:16	0	100	19,8	1713	1475	0,86	21	1719	35,6	8,4	78,1	2,90	1,94	0,96	0,33	21	24	08:57:37	114
1:18	0	100	20,5	1768	1528	0,86	21	1727	36,6	8,7	77,5	2,83	1,89	0,94	0,33	21	24	08:57:39	114
1:21	0	100	20,2	1745	1507	0,86	23	1580	36,2	8,5	77,8	2,62	1,78	0,83	0,32	21	24	08:57:42	114
1:24	0	100	20,3	1758	1543	0,88	22	1668	36,8	8,6	77,4	2,72	1,84	0,87	0,32	21	24	08:57:45	114
1:27	0	100	20,0	1724	1513	0,88	22	1643	36,2	8,5	77,7	2,72	1,86	0,86	0,32	21	24	08:57:48	116
1:32	0	100	20,1	1736	1563	0,90	20	1885	37,1	8,6	77,2	3,05	1,97	1,08	0,35	21	24	08:57:53	118
1:34	0	100	19,9	1720	1550	0,90	20	1827	36,8	8,5	77,4	2,98	1,95	1,03	0,34	21	24	08:57:55	117
1:37	0	100	20,3	1753	1588	0,91	19	1946	37,7	8,7	76,8	3,10	2,00	1,10	0,36	22	24	08:57:58	118
1:40	0	100	19,4	1679	1545	0,92	19	1972	36,7	8,3	77,5	3,23	2,15	1,07	0,33	22	24	08:58:01	119
1:42	0	100	19,4	1678	1545	0,92	19	1929	36,6	8,3	77,5	3,16	2,14	1,03	0,32	22	24	08:58:03	120
1:45	0	100	20,4	1765	1618	0,92	19	2045	38,1	8,7	76,6	3,22	2,17	1,05	0,33	22	24	08:58:06	120
1:48	0	100	21,4	1853	1683	0,91	19	2083	39,8	9,2	75,6	3,14	2,02	1,12	0,36	21	24	08:58:09	121
1:50	0	100	22,5	1948	1754	0,90	22	1894	41,7	9,6	74,4	2,72	1,85	0,87	0,32	21	24	08:58:11	121
1:53	0	100	21,7	1871	1683	0,90	22	1849	39,8	9,2	75,5	2,78	1,92	0,86	0,31	21	24	08:58:14	122
1:58	0	100	21,8	1884	1736	0,92	19	2165	41,2	9,4	74,7	3,15	2,10	1,05	0,33	22	24	08:58:19	124
2:00	0	100	22,7	1959	1808	0,92	20	2182	43,1	9,7	73,5	3,03	2,00	1,04	0,34	22	24	08:58:21	126
2:02	0	100	21,7	1878	1744	0,93	21	2012	42,0	9,3	74,2	2,88	1,90	0,98	0,34	22	24	08:58:23	126
2:05	0	100	20,4	1761	1630	0,93	20	1926	39,0	8,7	76,1	2,97	1,98	0,99	0,33	22	24	08:58:26	126
2:08	0	100	20,4	1762	1621	0,92	20	1881	38,3	8,7	76,5	2,95	1,99	0,96	0,32	22	24	08:58:29	124
2:11	0	100	20,4	1762	1621	0,92	20	1881	38,3	8,7	76,5	2,95	1,99	0,96	0,32	22	24	08:58:32	124
2:14	0	100	21,2	1833	1688	0,92	20	1951	39,9	9,1	75,5	2,94	1,94	0,99	0,34	22	24	08:58:35	123
2:17	0	100	21,5	1855	1677	0,90	22	1753	39,2	9,2	75,9	2,68	1,81	0,87	0,33	21	23	08:58:38	123
2:20	0	100	21,6	1869	1696	0,91	22	1769	39,7	9,2	75,6	2,67	1,80	0,87	0,32	21	23	08:58:41	123
2:23	0	100	21,3	1845	1682	0,91	22	1806	39,3	9,1	75,8	2,76	1,88	0,88	0,32	21	23	08:58:44	124
2:26	0	100	22,5	1944	1780	0,92	21	1959	41,4	9,6	74,6	2,84	1,87	0,97	0,34	21	23	08:58:47	125
2:29	0	100	22,2	1918	1777	0,93	21	1984	42,0	9,5	74,2	2,84	1,85	0,99	0,35	22	24	08:58:50	125
2:33	0	100	21,2	1832	1700	0,93	21	1874	40,3	9,1	75,3	2,79	1,87	0,92	0,33	22	24	08:58:54	125
2:37	0	100	21,6	1869	1753	0,94	20	2093	41,7	9,3	74,4	3,01	1,95	1,06	0,35	22	24	08:58:58	127
2:39	0	100	21,1	1823	1695	0,93	22	1863	40,7	9,1	75,0	2,74	1,85	0,89	0,33	22	24	08:59:00	127
2:42	0	100	20,1	1736	1625	0,94	19	2072	39,3	8,6	75,9	3,17	2,15	1,01	0,32	23	24	08:59:03	130
2:44	0	100	20,9	1807	1665	0,92	20	2005	40,1	9,0	75,4	3,00	2,02	0,98	0,33	22	24	08:59:05	129
2:48	0	100	20,9	1807	1665	0,92	20	2005	40,1	9,0	75,4	3,00	2,02	0,98	0,33	22	24	08:59:09	130
2:50	0	100	21,0	1815	1663	0,92	21	1924	40,1	9,0	75,4	2,88	1,96	0,92	0,32	22	24	08:59:11	131
2:53	0	100	22,0	1905	1720	0,90	24	1721	41,1	9,4	74,8	2,51	1,68	0,83	0,33	22	24	08:59:14	131
2:57	0	100	20,9	1807	1611	0,89	24	1589	37,8	8,9	76,8	2,52	1,77	0,75	0,30	21	23	08:59:18	130
3:00	0	100	21,2	1832	1645	0,90	22	1747	38,3	9,0	76,5	2,74	1,84	0,89	0,33	21	23	08:59:21	128
3:03	0	100	22,2	1917	1719	0,90	24	1717	40,7	9,5	75,0	2,53	1,69	0,84	0,33	21	24	08:59:24	128
3:06	0	100	21,6	1862	1697	0,91	23	1790	40,5	9,2	75,1	2,65	1,78	0,87	0,33	22	24	08:59:27	127
3:10	0	100	21,6	1863	1698	0,91	23	1790	40,5	9,2	75,1	2,65	1,78	0,87	0,33	22	24	08:59:31	127
3:12	0	100	21,2	1834	1679	0,92	22	1794	40,0	9,1	75,4	2,69	1,82	0,87	0,32	22	24	08:59:33	126
3:15	0	100	21,0	1814	1667	0,92	22	1838	39,7	9,0	75,6	2,78	1,87	0,91	0,33	22	24	08:59:36	125
3:19	0	100	21,1	1827	1681	0,92	21	1926	39,9	9,1	75,5	2,90	1,94	0,96	0,33	22	24	08:59:40	126
3:21	0	100	20,6	1782	1635	0,92	21	1830	39,1	8,8	75,9	2,80	1,90	0,90	0,32	22	24	08:59:42	126
3:24	0	100	20,1	1736	1594	0,92	21	1785	38,1	8,6	76,6	2,81	1,88	0,92	0,33	22	24	08:59:45	125
3:28	0	100	19,8	1707	1563	0,92	21	1771	37,5	8,5	76,9	2,83	1,89	0,94	0,33	22	24	08:59:49	125
3:32	0	100	19,6	1690	1550	0,92	20	1879	36,9	8,4	77,3	3,06	2,03	1,02	0,33	22	24	08:59:53	126
3:35	0	100	19,9	1716	1552	0,90	20	1868	36,6	8,5	77,5	3,06	2,03	1,03	0,34	21	24	08:59:56	126
3:38	0	100	20,0	1726	1555	0,90	20	1839	36,9	8,5	77,3	2,99	2,00	0,99	0,33	21	24	08:59:59	127
3:41	0	100	19,4	1679	1514	0,90	19	1940	36,0	8,3	77,9	3,23	2,14	1,09	0,34	21	24	09:00:02	127
3:45	0	100	19,8	1711	1555	0,91	17	2178	36,6	8,5	77,5	3,57	2,34	1,23	0,34	21	24	09:00:06	127
3:48	0	100	19,7	1701	1543	0,91	17	2115	36,0	8,4	77,9	3,53	2,36	1,17	0,33	21	23	09:00:09	128
3:50	0	100	20,2	1748	1579	0,90	18	2035	37,1	8,6	77,2	3,29	2,21	1,08	0,33	21	23	09:00:11	128
3:54	0	100	20,9	1802	1631	0,91	20	1954	38,4	8,9	76,4	3,05	2,10	0,95	0,31	21	24	09:00:15	128
3:57	0	100	20,7	1786	1635	0,92	19	2049	38,7	8,9	76,2	3,17	2,12	1,05	0,33	22	24	09:00:18	128
3:59	0	175	20,7	1787	1635	0,92	19	2049	38,7	8,9	76,2	3,17	2,12	1,05	0,33	22	24	09:00:20	128
Départ Exercice																			
4:01	0	175	21,6	1864	1707	0,92	19	2091	40,6	9,2	75,1	3,09	2,02	1,07	0,35	22	24	09:00:22	128
4:03	0	175	21,7	1879	1698	0,90	22	1841	41,2	9,3	74,7	2,68	1,78	0,91	0,34	22	24	09:00:24	128
4:07	0	175	22,7	1964	1766	0,90	23	1826	42,8	9,7	73,7	2,56	1,74	0,82	0,32	22	24	09:00:28	129
4:09	0	175	22,8	1968	1773	0,90	24	1774	43,2	9,7	73,5	2,46	1,69	0,77	0,31	22	24	09:00:30	129
4:13	0	175	22,7	1964	1757	0,89	26	1678	43,1	9,7	73,5	2,34	1,56	0,78	0,33	22	24	09:00:34	131
SV1																			
4:16	0	175	24,2	2090	1860	0,89	25	1783	45,1	10,3	72,3	2,37	1,61	0,76	0,32	22	24	09:00:37	135
4:20	0	175	24,3	2096	1882	0,90	22	2047	45,5	10,3	72,0	2,70	1,76	0,94	0,35	22	24	09:00:41	136
4:23	0	175	24,1	2079	1873	0,90	21	2102	45,1	10,3	72,3	2,79	1,81	0,98	0,35	22	24	09:00:44	136
4:25	0	175	24,5	2119	1919	0,91	21	2208	45,8	10,5	71,9	2,89	1,88	1,01	0,35	22	24	09:00:46	136
4:29	0	175	24,5	2119	1919	0,91	21	2208	45,8	10,5	71,9	2,89	1,88	1,01	0,35	22	24	09:00:50	137
4:33	0	175	23,4	2017	1835	0,91	19	2336	43,3	10,0	73,4	3,23	2,13	1,10	0,34	21	24	09:00:54	137
4:37	0	175	25,1	2170	1978	0,91	18	2593	46,5	10,7	71,5	3,35	2,14	1,21	0,36	21	23	09:00:58	138
4:40	0	175	25,0	2158	1961	0,91	18	2577	45,7	10,7	71,9	3,38	2,18	1,20	0,36	21	23	09:01:01	138
4:43	0	175	25,4	2196	1991	0,91	18	2508	46,2	10,9	71,6	3,25	2,13	1,12	0,35	21	23	09:01:04	137
4:46	0	175	26,3	2273	2051	0,90	19	2565	47,5	11,2	70,8	3,24	2,14	1,10	0,34	21	23	09:01:07	138
4:49	0	175	26,7	2305	2086	0,90	18	2610	48,2	11,4	70,4	3,25	2,13	1,12	0,34	21	23	09:01:10	141
4:52	0	175	26,8	2313	2111	0,91	18	2659	48,5	11,5	70,2	3,29	2,18	1,11	0,34	21	23	09:01:13	141
4:54	0	175	26,8	2313	2111	0,91	18	2659	48,5	11,5	70,2	3,29	2,18	1,11	0,34	21	23	09:01:15	142
4:56	0	175	27,5	2379	2149	0,90	20	2467	49,6	11,8	69,5	2,98	1,99	1,00	0,33	21	23	09:01:17	142
4:59	0	175	28,4	2453	2232	0,91	21	2459	52,2	12,1	67,9	2,82	1,87	0,96	0,34	21	23	09:01:20	141
5:01	0	175	28,1	2428	2234	0,92	22	2411	52,5	12,0	67,7	2,75	1,82	0,93	0,34	22	24	09:01:22	143
5:04	0	175	27,6	2382	2226	0,93	22	2433	52,4	11,9	67,8	2,79	1,82	0,97	0,35	22	24	09:01:25	145
5:08	0	175	27,9	2406	2296	0,95	20	2663	54,5	12,0	66,5	2,93	1,89	1,04	0,36	23	24	09:01:29	145
5:10	0	175	27,8	2401	2296	0,96	21	2576	54,7	12,0	66,4	2,83	1,82	1,01	0,36	23	24	09:01:31	147
5:13	0	175	28,6	2467	2350	0,95	22	2559	55,9	12,3	65,6	2,75	1,77	0,97	0,35	23	24	09:01:34	146
5:16	0	175	27,8	2401	2296	0,96	21	2576	54,7	12,0	66,4	2,83	1,82	1,01	0,36	23	24	09:01:37	146
5:19	0	175	28,0	2422	2338	0,97	20	2787	55,1	12,1	66,1	3,03	1,91	1,12	0,37	23	24	09:01:40	146
5:22	0	175	28,0	2419	2351	0,97	19	2905	55,3	12,1	66,0	3,15	1,99	1,16	0,37	23	24	09:01:43	146
5:25	0	175	28,6	2475	2397	0,97	20	2872	56,3	12,4	65,4	3,06	1,95	1,11	0,36	23	23	09:01:46	146
5:28	0	175	28,8	2487	2398	0,96	21	2730	56,0	12,5	65,6	2,93	1,88	1,05	0,36	23	23	09:01:49	147
5:31	0	175	29,2	2524	2444	0,97	20	2796	57,0	12,7	65,0	2,94	1,90	1,05	0,36	23	23	09:01:52	148
5:34	0	175	29,2	2525	2457	0,97	20	2895	57,2	12,7	64,9	3,04	1,94	1,10	0,36	23	23	09:01:55	148
5:37	0	175	29,6	2553	2482	0,97	20	2863	57,5	12,8	64,7	2,99	1,92	1,07	0,36	23	23	09:01:58	149
5:39	0	175	29,2	2522	2456	0,97	21	2772	57,2	12,7	64,9	2,91	1,89	1,01	0,35	23	23	09:02:00	149
5:41	0	175	29,6	2561	2467	0,96	23	2500	57,7	12,8	64,6	2,60	1,72	0,88	0,34	23	23	09:02:02	149
5:43	0	175	29,6	2553	2435	0,95	25	2290	57,3	12,8	64,8	2,40	1,61	0,79	0,33	22	24	09:02:04	149
5:45	0	175	29,3	2529	2363	0,93	26	2107	55,2	12,6	66,1	2,29	1,56	0,73	0,32	22	23	09:02:06	151
5:48	0	175	28,8	2485	2292	0,92	28	1948	53,8	12,3	66,9	2,17	1,47	0,70	0,32	22	23	09:02:09	151
5:51	0	175	27,4	2371	2217	0,93	23	2238	52,2	11,8	67,9	2,57	1,66	0,91	0,35	22	24	09:02:12	151
5:53	0	175	27,3	2360	2172	0,92	26	1997	51,8	11,7	68,2	2,31	1,51	0,81	0,35	22	24	09:02:14	151
5:55	0	175	28,5	2458	2250	0,92	26	2082	53,2	12,2	67,3	2,35	1,54	0,81	0,34	22	24	09:02:16	150
5:57	0	175	28,9	2494	2283	0,92	25	2183	53,9	12,4	66,9	2,43	1,58	0,85	0,35	22	24	09:02:18	149
5:59	0	175	29,4	2539	2332	0,92	25	2240	55,3	12,6	66,0	2,43	1,57	0,85	0,35	22	24	09:02:20	149
6:02	0	175	27,8	2398	2228	0,93	23	2255	53,0	11,9	67,4	2,55	1,70	0,85	0,33	22	24	09:02:23	149
6:05	0	175	30,2	2610	2443	0,94	25	2315	57,4	13,0	64,7	2,42	1,65	0,77	0,32	22	23	09:02:26	149
6:08	0	175	31,9	2759	2610	0,95	25	2494	61,6	13,8	62,2	2,43	1,60	0,83	0,34	22	24	09:02:29	151
6:11	0	175	31,2	2697	2548	0,94	25	2401	60,0	13,5	63,1	2,40	1,61	0,79	0,33	22	24	09:02:32	151
6:14	0	175	29,5	2550	2465	0,97	23	2541	57,9	12,8	64,4	2,63	1,77	0,87	0,33	23	24	09:02:35	151
6:18	0	175	29,6	2557	2517	0,98	21	2830	58,4	12,9	64,1	2,91	1,91	0,99	0,34	23	23	09:02:39	151
6:20	0	175	29,2	2527	2503	0,99	20	2949	57,5	12,7	64,7	3,08	2,00	1,08	0,35	23	23	09:02:41	151
6:23	0	175	30,7	2654	2618	0,99	21	2923	60,1	13,4	63,1	2,92	1,87	1,05	0,36	23	23	09:02:44	152
6:26	0	175	30,5	2639	2591	0,98	21	2782	59,5	13,3	63,4	2,81	1,84	0,97	0,34	23	23	09:02:47	154
6:29	0	175	30,8	2661	2612	0,98	21	2832	59,6	13,4	63,4	2,85	1,86	0,99	0,35	22	23	09:02:50	155
6:32	0	175	30,9	2671	2634	0,99	20	2965	59,9	13,4	63,2	2,97	1,89	1,08	0,36	22	23	09:02:53	155
6:35	0	175	31,0	2683	2648	0,99	21	2840	60,6	13,5	62,8	2,81	1,80	1,01	0,36	23	23	09:02:56	155
6:38	0	175	30,8	2661	2627	0,99	22	2770	60,6	13,4	62,8	2,74	1,78	0,97	0,35	23	23	09:02:59	155
6:40	0	175	31,0	2682	2663	0,99	21	2915	61,8	13,5	62,1	2,83	1,80	1,03	0,37	23	23	09:03:01	155
6:44	0	175	30,7	2651	2631	0,99	21	2952	60,9	13,4	62,6	2,91	1,84	1,07	0,37	23	23	09:03:05	155
6:46	0	175	30,6	2642	2619	0,99	22	2774	61,0	13,3	62,5	2,73	1,74	0,99	0,36	23	23	09:03:07	155
6:49	0	175	30,4	2628	2600	0,99	23	2643	60,6	13,2	62,8	2,62	1,70	0,92	0,35	23	23	09:03:10	155
6:52	0	175	29,8	2579	2539	0,98	23	2550	58,9	13,0	63,8	2,60	1,69	0,90	0,35	23	23	09:03:13	155
6:55	0	175	30,0	2588	2554	0,99	22	2661	58,7	13,0	63,9	2,72	1,76	0,96	0,35	23	23	09:03:16	156
6:57	0	175	29,9	2586	2552	0,99	22	2642	58,8	13,0	63,9	2,70	1,75	0,95	0,35	23	23	09:03:18	158
7:00	0	175	29,6	2562	2516	0,98	22	2569	57,6	12,9	64,6	2,67	1,74	0,93	0,35	23	23	09:03:21	159
7:04	0	175	30,0	2591	2561	0,99	22	2681	59,1	13,1	63,7	2,72	1,75	0,97	0,36	23	23	09:03:25	159
7:06	0	175	29,8	2574	2546	0,99	22	2724	59,0	13,0	63,7	2,77	1,76	1,01	0,36	23	23	09:03:27	159
7:09	0	175	30,2	2608	2598	1,00	22	2762	60,4	13,2	62,9	2,74	1,77	0,97	0,36	23	23	09:03:30	159
7:11	0	175	30,9	2666	2669	1,00	22	2829	62,4	13,5	61,7	2,72	1,74	0,98	0,36	23	23	09:03:32	160
7:14	0	175	31,0	2678	2697	1,01	22	2874	63,6	13,5	60,9	2,71	1,74	0,97	0,36	24	24	09:03:35	161
7:17	0	175	31,3	2705	2715	1,00	23	2783	64,0	13,7	60,7	2,61	1,70	0,91	0,35	24	24	09:03:38	161
7:20	0	175	31,2	2695	2736	1,02	21	3109	64,7	13,6	60,2	2,88	1,83	1,05	0,37	24	24	09:03:41	161
7:22	0	175	30,6	2644	2669	1,01	22	2928	63,3	13,4	61,1	2,78	1,78	1,00	0,36	24	24	09:03:43	161
7:25	0	175	31,4	2714	2728	1,01	20	3140	64,2	13,7	60,5	2,93	1,86	1,08	0,37	24	24	09:03:46	161
7:28	0	175	31,7	2742	2755	1,00	21	3120	64,9	13,8	60,1	2,88	1,83	1,06	0,37	24	24	09:03:49	162
7:30	0	175	31,5	2719	2717	1,00	21	3041	64,1	13,7	60,6	2,85	1,83	1,02	0,36	24	24	09:03:51	163
7:34	0	175	30,3	2620	2608	1,00	20	3067	61,3	13,2	62,4	3,00	1,98	1,02	0,34	23	23	09:03:55	163
7:36	0	175	30,2	2605	2554	0,98	21	2831	59,8	13,1	63,3	2,84	1,90	0,94	0,33	23	23	09:03:57	164
7:39	0	175	30,9	2672	2581	0,97	23	2652	60,2	13,4	63,0	2,64	1,79	0,85	0,32	23	23	09:04:00	164
7:42	0	175	32,5	2809	2685	0,96	24	2650	63,2	14,0	61,2	2,52	1,66	0,86	0,34	22	24	09:04:03	164
7:45	0	175	32,6	2817	2699	0,96	24	2659	63,7	14,1	60,9	2,51	1,66	0,84	0,34	23	24	09:04:06	164
7:47	0	175	32,3	2787	2670	0,96	24	2652	62,8	13,9	61,4	2,53	1,71	0,83	0,33	23	24	09:04:08	163
7:50	0	175	32,7	2821	2707	0,96	23	2735	63,8	14,1	60,8	2,57	1,71	0,86	0,33	23	24	09:04:11	162
7:53	0	175	32,1	2777	2719	0,98	20	3149	64,1	14,0	60,6	2,95	1,85	1,10	0,37	23	24	09:04:14	162
7:56	0	175	32,2	2778	2719	0,98	20	3149	64,1	14,0	60,6	2,95	1,85	1,10	0,37	23	24	09:04:17	162
7:58	0	175	32,0	2766	2704	0,98	21	3107	64,2	13,9	60,5	2,90	1,81	1,09	0,38	23	24	09:04:19	161
8:01	0	175	32,0	2767	2717	0,98	22	2975	64,6	13,9	60,3	2,76	1,74	1,03	0,37	23	24	09:04:22	161
8:03	0	175	31,9	2759	2715	0,98	22	2936	64,3	13,9	60,5	2,74	1,74	0,99	0,36	23	24	09:04:24	161
8:07	0	175	31,8	2751	2720	0,99	21	3109	64,4	13,9	60,4	2,90	1,82	1,08	0,37	23	24	09:04:28	162
8:10	0	175	31,2	2699	2665	0,99	20	3118	62,8	13,6	61,4	2,98	1,86	1,12	0,38	23	24	09:04:31	162
8:13	0	175	32,0	2764	2701	0,98	21	3064	63,7	13,9	60,9	2,89	1,83	1,06	0,37	23	24	09:04:34	162
8:15	0	175	32,8	2830	2755	0,97	21	3048	65,2	14,2	60,0	2,81	1,78	1,03	0,37	23	24	09:04:36	162
8:18	0	175	32,5	2808	2735	0,97	22	2941	65,1	14,1	60,0	2,71	1,73	0,98	0,36	23	24	09:04:39	162
8:20	0	175	32,6	2813	2740	0,97	21	3030	65,1	14,1	60,0	2,79	1,78	1,01	0,36	23	24	09:04:41	163
8:23	0	175	32,4	2796	2748	0,98	21	3067	65,4	14,1	59,8	2,81	1,78	1,03	0,37	23	24	09:04:44	163
8:26	0	175	32,4	2802	2767	0,99	21	3080	66,2	14,1	59,3	2,79	1,76	1,04	0,37	24	24	09:04:47	163
8:29	0	175	32,9	2844	2770	0,97	23	2932	66,0	14,3	59,5	2,67	1,70	0,97	0,36	23	24	09:04:50	163
8:32	0	175	32,5	2808	2775	0,99	22	3036	66,7	14,1	59,0	2,73	1,73	1,00	0,37	24	24	09:04:53	163
8:35	0	175	31,5	2725	2707	0,99	21	3029	64,8	13,7	60,2	2,80	1,81	0,99	0,35	24	24	09:04:56	163
8:38	0	175	31,5	2718	2690	0,99	21	3022	64,0	13,7	60,7	2,83	1,85	0,98	0,35	24	24	09:04:59	164
8:41	0	175	31,3	2705	2669	0,99	21	3093	63,6	13,6	60,9	2,92	1,86	1,05	0,36	24	24	09:05:02	164
8:43	0	175	31,4	2713	2632	0,97	21	2938	62,8	13,6	61,4	2,81	1,81	0,99	0,35	23	24	09:05:04	164
8:46	0	175	31,1	2685	2578	0,96	22	2823	61,6	13,4	62,2	2,75	1,80	0,95	0,35	23	24	09:05:07	164
8:48	0	175	30,5	2639	2529	0,96	22	2715	60,2	13,2	63,0	2,70	1,76	0,95	0,35	23	24	09:05:09	164
8:51	0	175	30,8	2658	2567	0,97	21	2977	61,1	13,3	62,5	2,92	1,87	1,05	0,36	23	24	09:05:12	164
8:54	0	175	31,4	2712	2594	0,96	22	2829	62,2	13,6	61,8	2,73	1,75	0,98	0,36	23	24	09:05:15	165
8:56	0	175	31,5	2718	2632	0,97	21	3068	63,2	13,6	61,2	2,91	1,80	1,11	0,38	23	24	09:05:17	166
8:57	0	175	31,7	2742	2634	0,96	23	2721	63,5	13,7	61,0	2,57	1,63	0,94	0,36	23	24	09:05:18	165
9:00	0	175	32,1	2770	2690	0,97	22	2911	65,1	13,9	60,0	2,68	1,67	1,02	0,38	24	24	09:05:21	165
9:02	0	175	32,4	2802	2710	0,97	24	2711	65,9	14,0	59,5	2,47	1,54	0,93	0,37	24	24	09:05:23	165
9:05	0	175	32,7	2822	2752	0,97	25	2730	67,6	14,2	58,5	2,42	1,51	0,91	0,38	24	25	09:05:26	165
9:07	0	175	32,7	2823	2752	0,97	25	2730	67,6	14,2	58,5	2,42	1,51	0,91	0,38	24	25	09:05:28	165
9:10	0	175	33,1	2856	2783	0,97	26	2612	68,3	14,3	58,1	2,30	1,47	0,82	0,36	24	25	09:05:31	165
9:13	0	175	31,9	2757	2736	0,99	22	2986	66,8	13,9	59,0	2,68	1,64	1,05	0,39	24	24	09:05:34	165
9:15	0	175	31,6	2731	2691	0,99	24	2740	65,4	13,7	59,8	2,51	1,56	0,95	0,38	24	24	09:05:36	165
9:18	0	175	31,2	2696	2652	0,98	24	2709	64,9	13,6	60,1	2,51	1,55	0,96	0,38	24	24	09:05:39	167
9:21	0	175	31,6	2734	2708	0,99	23	2882	65,6	13,8	59,7	2,64	1,64	1,00	0,38	24	24	09:05:42	167
9:23	0	175	32,0	2762	2711	0,98	24	2751	65,3	13,9	59,9	2,53	1,58	0,95	0,37	24	24	09:05:44	167
9:26	0	175	32,0	2766	2704	0,98	24	2702	65,8	13,9	59,6	2,47	1,59	0,88	0,36	24	24	09:05:47	167
9:28	0	175	31,0	2680	2641	0,99	23	2833	64,4	13,5	60,4	2,64	1,63	1,01	0,38	24	24	09:05:49	168
9:31	0	175	32,1	2777	2691	0,97	24	2738	65,4	13,9	59,8	2,51	1,60	0,91	0,36	24	24	09:05:52	167
9:33	0	175	32,0	2766	2691	0,97	22	2974	65,3	13,9	59,9	2,73	1,71	1,03	0,38	24	24	09:05:54	168
9:36	0	175	32,2	2778	2679	0,96	23	2862	65,1	13,9	60,0	2,64	1,65	0,99	0,37	23	24	09:05:57	168
9:39	0	175	31,3	2707	2629	0,97	22	2880	64,4	13,6	60,4	2,68	1,70	0,98	0,37	24	24	09:06:00	168
9:41	0	175	31,3	2708	2627	0,97	21	2975	63,9	13,6	60,7	2,79	1,76	1,03	0,37	24	24	09:06:02	168
9:44	0	175	31,6	2730	2622	0,96	22	2869	63,6	13,7	60,9	2,71	1,71	1,00	0,37	23	24	09:06:05	169
9:46	0	175	32,4	2796	2681	0,96	22	2929	64,6	14,0	60,3	2,72	1,72	1,01	0,37	23	24	09:06:07	169
9:49	0	175	32,2	2779	2663	0,96	22	2885	64,2	13,9	60,6	2,70	1,71	0,99	0,37	23	24	09:06:10	169
9:52	0	175	32,6	2815	2684	0,95	23	2805	64,9	14,1	60,1	2,59	1,67	0,92	0,36	23	24	09:06:13	169
9:54	0	175	32,2	2778	2661	0,96	22	2924	64,4	13,9	60,5	2,73	1,75	0,98	0,36	23	24	09:06:15	169
9:56	0	175	32,1	2775	2636	0,95	23	2803	63,6	13,9	60,9	2,64	1,66	0,99	0,37	23	24	09:06:17	168
9:59	0	175	32,2	2784	2664	0,96	22	2929	65,0	13,9	60,1	2,71	1,67	1,04	0,38	23	24	09:06:20	166
10:01	0	175	32,7	2824	2693	0,95	23	2804	65,4	14,1	59,8	2,57	1,59	0,98	0,38	23	24	09:06:22	166
10:04	0	175	32,4	2800	2680	0,96	23	2837	64,9	14,0	60,1	2,62	1,60	1,02	0,39	23	24	09:06:25	165
10:06	0	175	32,7	2827	2703	0,96	24	2777	65,6	14,1	59,7	2,54	1,55	0,99	0,39	23	24	09:06:27	165
10:09	0	175	32,7	2827	2703	0,96	24	2777	65,6	14,1	59,7	2,54	1,55	0,99	0,39	23	24	09:06:30	165
10:11	0	175	33,2	2870	2743	0,96	24	2810	66,5	14,4	59,1	2,53	1,56	0,98	0,39	23	24	09:06:32	165
10:14	0	175	33,6	2905	2779	0,96	24	2813	67,2	14,5	58,7	2,51	1,56	0,95	0,38	23	24	09:06:35	165
10:16	0	175	33,6	2906	2770	0,95	25	2728	66,9	14,5	58,9	2,45	1,55	0,89	0,36	23	24	09:06:37	165
10:19	0	175	33,7	2912	2771	0,95	24	2743	67,0	14,5	58,8	2,46	1,56	0,89	0,36	23	24	09:06:40	165
10:21	0	175	34,3	2965	2816	0,95	25	2760	68,1	14,8	58,1	2,43	1,56	0,87	0,36	23	24	09:06:42	165
10:22	0	175	34,2	2959	2793	0,94	26	2622	68,0	14,8	58,2	2,31	1,49	0,82	0,35	23	24	09:06:43	165
10:24	0	175	33,5	2892	2729	0,94	26	2598	66,6	14,4	59,1	2,34	1,48	0,86	0,37	23	24	09:06:45	165
10:26	0	175	33,8	2923	2739	0,94	27	2448	66,9	14,6	58,9	2,19	1,43	0,77	0,35	23	24	09:06:47	165
10:29	0	175	33,9	2929	2767	0,94	26	2611	68,4	14,6	58,0	2,29	1,45	0,84	0,37	23	25	09:06:50	165
10:32	0	175	33,8	2922	2764	0,95	27	2578	68,4	14,6	58,0	2,26	1,41	0,85	0,38	23	25	09:06:53	165
10:34	0	175	33,5	2895	2762	0,95	26	2669	68,7	14,5	57,8	2,33	1,44	0,89	0,38	24	25	09:06:55	165
10:36	0	175	33,5	2896	2763	0,95	26	2669	68,7	14,5	57,8	2,33	1,44	0,89	0,38	24	25	09:06:57	165
10:39	0	175	33,7	2909	2796	0,96	25	2822	69,4	14,6	57,4	2,44	1,51	0,93	0,38	24	25	09:07:00	166
10:41	0	175	34,1	2948	2832	0,96	25	2864	70,3	14,8	56,8	2,44	1,53	0,92	0,38	24	25	09:07:02	166
10:43	0	175	34,1	2943	2848	0,97	24	2976	71,0	14,8	56,4	2,51	1,56	0,96	0,38	24	25	09:07:04	166
10:45	0	175	33,6	2901	2786	0,96	26	2721	69,7	14,5	57,2	2,34	1,51	0,84	0,36	24	25	09:07:06	165
10:47	0	175	33,8	2923	2782	0,95	27	2568	70,0	14,6	57,0	2,20	1,46	0,74	0,34	24	25	09:07:08	165
10:50	0	175	33,8	2923	2782	0,95	27	2568	70,0	14,6	57,0	2,20	1,46	0,74	0,34	24	25	09:07:11	165
10:53	0	175	33,3	2873	2752	0,96	25	2745	69,4	14,4	57,4	2,37	1,51	0,87	0,37	24	25	09:07:14	165
10:55	0	175	32,7	2828	2716	0,96	25	2790	68,4	14,2	57,9	2,45	1,53	0,92	0,38	24	25	09:07:16	166
10:58	0	175	32,8	2833	2692	0,95	26	2624	68,0	14,1	58,2	2,31	1,47	0,85	0,37	24	25	09:07:19	166
11:00	0	175	33,2	2868	2695	0,94	25	2666	68,0	14,3	58,2	2,35	1,50	0,86	0,36	24	25	09:07:21	166
11:03	0	175	33,7	2910	2722	0,94	25	2757	68,3	14,5	58,0	2,42	1,51	0,92	0,38	23	25	09:07:24	167
11:05	0	175	33,7	2913	2737	0,94	23	2975	69,0	14,5	57,6	2,59	1,57	1,01	0,39	24	25	09:07:26	167
11:08	0	175	34,1	2942	2764	0,94	23	3065	69,3	14,7	57,4	2,65	1,61	1,04	0,39	24	25	09:07:29	167
11:10	0	175	34,5	2984	2775	0,93	24	2932	69,6	14,8	57,2	2,53	1,56	0,97	0,38	23	25	09:07:31	167
11:13	0	175	35,0	3022	2810	0,93	24	2893	70,6	15,0	56,6	2,46	1,53	0,93	0,38	23	25	09:07:34	167
11:15	0	175	34,5	2984	2775	0,93	24	2932	69,6	14,8	57,2	2,53	1,56	0,97	0,38	23	25	09:07:36	167
11:17	0	175	34,0	2933	2716	0,93	25	2707	67,9	14,6	58,3	2,39	1,54	0,85	0,36	23	25	09:07:38	167
11:20	0	175	33,5	2892	2690	0,93	24	2803	67,3	14,4	58,6	2,50	1,57	0,93	0,37	23	25	09:07:41	167
11:22	0	175	33,2	2869	2640	0,92	25	2571	64,9	14,2	60,1	2,38	1,55	0,83	0,35	23	25	09:07:43	168
11:25	0	175	33,2	2867	2641	0,92	25	2612	64,7	14,2	60,3	2,42	1,59	0,83	0,34	23	24	09:07:46	168
11:28	0	175	32,0	2765	2553	0,92	24	2554	62,5	13,7	61,6	2,45	1,63	0,83	0,34	23	24	09:07:49	167
11:31	0	175	32,0	2765	2553	0,92	24	2554	62,5	13,7	61,6	2,45	1,63	0,83	0,34	23	24	09:07:52	167
11:33	0	175	34,1	2950	2680	0,91	25	2618	64,7	14,6	60,2	2,43	1,58	0,85	0,35	22	24	09:07:54	167
11:35	0	175	35,2	3044	2775	0,91	24	2841	66,8	15,1	58,9	2,55	1,60	0,95	0,37	22	24	09:07:56	168
11:38	0	175	35,5	3063	2797	0,91	24	2837	67,0	15,2	58,8	2,54	1,63	0,91	0,36	22	24	09:07:59	168
11:41	0	175	35,2	3039	2781	0,92	23	2860	66,9	15,1	58,9	2,57	1,63	0,94	0,37	22	24	09:08:02	168
11:43	0	175	34,7	2994	2741	0,92	23	2815	66,1	14,8	59,4	2,55	1,61	0,95	0,37	22	24	09:08:04	168
11:46	0	175	34,8	3009	2763	0,92	23	2890	66,6	14,9	59,0	2,60	1,61	0,99	0,38	22	24	09:08:07	168
11:48	0	175	33,7	2914	2715	0,93	23	2896	66,1	14,5	59,4	2,63	1,64	0,99	0,38	23	24	09:08:09	168
11:50	0	175	33,7	2914	2715	0,93	23	2896	66,1	14,5	59,4	2,63	1,64	0,99	0,38	23	24	09:08:11	168
11:53	0	175	32,4	2795	2637	0,94	22	2962	64,3	13,9	60,5	2,76	1,67	1,09	0,39	23	24	09:08:14	168
11:56	0	175	32,5	2811	2655	0,94	22	2958	64,5	14,0	60,4	2,75	1,68	1,08	0,39	23	24	09:08:17	169
11:59	0	175	33,0	2854	2692	0,94	22	2932	65,5	14,2	59,7	2,68	1,63	1,06	0,39	23	24	09:08:20	169
12:02	0	175	33,2	2872	2714	0,95	22	2985	66,5	14,3	59,1	2,69	1,65	1,04	0,39	23	24	09:08:23	169
12:04	0	175	33,6	2899	2725	0,94	23	2857	67,0	14,4	58,9	2,56	1,61	0,95	0,37	23	25	09:08:25	169
12:06	0	175	33,2	2869	2686	0,94	23	2827	65,9	14,3	59,5	2,58	1,61	0,96	0,37	23	25	09:08:27	167
12:09	0	175	32,8	2838	2641	0,93	24	2754	65,3	14,1	59,9	2,53	1,59	0,94	0,37	23	25	09:08:30	167
12:12	0	175	33,3	2881	2696	0,94	23	2836	66,5	14,3	59,1	2,56	1,61	0,95	0,37	23	25	09:08:33	167
12:15	0	175	33,4	2885	2691	0,93	23	2887	66,8	14,4	59,0	2,59	1,63	0,97	0,37	23	25	09:08:36	167
12:18	0	175	33,1	2858	2664	0,93	22	2921	65,7	14,2	59,6	2,67	1,68	0,99	0,37	23	25	09:08:39	167
12:20	0	175	33,8	2918	2689	0,92	23	2813	65,9	14,5	59,5	2,56	1,64	0,92	0,36	23	25	09:08:41	167
12:22	0	175	33,8	2923	2709	0,93	22	3013	66,4	14,5	59,2	2,72	1,70	1,03	0,38	23	25	09:08:43	167
12:25	0	175	34,4	2971	2748	0,92	23	2981	67,5	14,8	58,5	2,65	1,67	0,98	0,37	23	25	09:08:46	167
12:27	0	175	34,8	3007	2782	0,92	23	2945	68,2	14,9	58,1	2,59	1,63	0,96	0,37	23	25	09:08:48	166
12:29	0	175	34,7	2995	2786	0,93	24	2914	68,8	14,9	57,7	2,54	1,60	0,95	0,37	23	25	09:08:50	166
12:32	0	175	35,0	3025	2788	0,92	26	2670	68,5	15,0	57,9	2,34	1,50	0,84	0,36	23	25	09:08:53	166
12:34	0	175	35,0	3025	2788	0,92	26	2670	68,5	15,0	57,9	2,34	1,50	0,84	0,36	23	25	09:08:55	166
12:37	0	175	34,7	2995	2792	0,93	25	2764	69,4	14,9	57,4	2,39	1,52	0,87	0,37	23	25	09:08:58	166
12:39	0	175	34,3	2967	2779	0,94	26	2653	69,3	14,8	57,4	2,30	1,49	0,81	0,35	23	25	09:09:00	167
12:41	0	175	33,9	2932	2759	0,94	26	2633	69,0	14,6	57,6	2,29	1,47	0,82	0,36	24	25	09:09:02	167
12:44	0	175	33,8	2922	2785	0,95	25	2769	70,0	14,6	57,0	2,37	1,50	0,87	0,37	24	25	09:09:05	167
12:47	0	175	33,1	2860	2737	0,96	25	2795	68,7	14,3	57,8	2,44	1,55	0,89	0,36	24	25	09:09:08	167
12:50	0	175	33,2	2867	2733	0,95	25	2772	68,7	14,3	57,8	2,42	1,54	0,88	0,36	24	25	09:09:11	167
12:52	0	175	34,1	2946	2768	0,94	26	2646	69,4	14,7	57,3	2,29	1,46	0,83	0,36	24	25	09:09:13	168
12:54	0	175	34,4	2971	2757	0,93	27	2562	68,8	14,8	57,7	2,23	1,45	0,78	0,35	23	25	09:09:15	169
12:57	0	175	34,7	3002	2776	0,92	27	2606	69,4	14,9	57,3	2,25	1,45	0,80	0,36	23	25	09:09:18	169
12:59	0	175	34,7	3001	2778	0,93	26	2660	69,3	14,9	57,4	2,30	1,48	0,82	0,36	23	25	09:09:20	169
13:01	0	175	34,6	2991	2766	0,92	26	2603	68,6	14,9	57,9	2,28	1,47	0,81	0,35	23	25	09:09:22	169
13:04	0	175	35,0	3020	2799	0,93	27	2619	70,0	15,0	57,0	2,24	1,44	0,80	0,36	23	25	09:09:25	169
13:06	0	175	34,8	3010	2789	0,93	27	2569	69,7	15,0	57,2	2,21	1,45	0,76	0,34	23	25	09:09:27	169
13:08	0	175	34,5	2977	2788	0,94	27	2627	70,1	14,8	57,0	2,25	1,46	0,79	0,35	24	25	09:09:29	169
13:10	0	175	34,2	2957	2786	0,94	27	2619	70,6	14,7	56,6	2,23	1,43	0,79	0,36	24	25	09:09:31	169
13:13	0	175	33,9	2930	2800	0,96	25	2793	71,2	14,7	56,3	2,35	1,49	0,86	0,37	24	25	09:09:34	170
13:15	0	175	33,9	2930	2800	0,96	25	2793	71,2	14,7	56,3	2,35	1,49	0,86	0,37	24	25	09:09:36	170
13:17	0	175	33,7	2913	2784	0,96	25	2795	71,0	14,6	56,3	2,36	1,48	0,88	0,37	24	26	09:09:38	171
13:19	0	175	33,9	2926	2788	0,95	26	2700	71,1	14,6	56,3	2,28	1,46	0,82	0,36	24	25	09:09:40	171
13:21	0	175	34,3	2967	2802	0,94	28	2581	71,7	14,8	56,0	2,16	1,39	0,77	0,36	24	26	09:09:42	171
13:23	0	175	34,8	3010	2833	0,94	29	2562	73,1	15,0	55,1	2,10	1,35	0,76	0,36	24	26	09:09:44	171
13:25	0	175	34,1	2948	2777	0,94	28	2516	71,5	14,7	56,1	2,11	1,36	0,75	0,36	24	26	09:09:46	171
13:27	0	175	34,0	2939	2738	0,93	30	2371	70,0	14,6	57,0	2,03	1,32	0,71	0,35	24	26	09:09:48	170
13:30	0	175	34,1	2942	2766	0,94	27	2609	71,1	14,7	56,3	2,20	1,39	0,81	0,37	24	26	09:09:51	169
13:32	0	175	34,2	2952	2770	0,94	28	2548	71,3	14,7	56,2	2,14	1,36	0,78	0,36	24	26	09:09:53	169
13:34	0	175	33,6	2907	2735	0,94	27	2605	70,1	14,5	56,9	2,23	1,41	0,82	0,37	24	26	09:09:55	169
13:36	0	175	32,8	2838	2677	0,94	27	2565	68,2	14,2	58,1	2,26	1,44	0,81	0,36	24	25	09:09:57	169
13:38	0	175	32,9	2842	2676	0,94	26	2579	67,7	14,2	58,4	2,28	1,44	0,84	0,37	24	25	09:09:59	169
13:41	0	175	33,2	2871	2691	0,94	26	2605	68,4	14,3	58,0	2,29	1,43	0,85	0,37	24	25	09:10:02	169
13:43	0	175	32,8	2831	2639	0,93	26	2547	67,2	14,1	58,7	2,27	1,45	0,83	0,36	24	25	09:10:04	169
13:46	0	175	33,2	2872	2641	0,92	27	2422	66,4	14,2	59,2	2,19	1,41	0,78	0,36	23	25	09:10:07	169
13:48	0	175	33,4	2888	2666	0,92	26	2563	67,0	14,3	58,8	2,30	1,45	0,85	0,37	23	25	09:10:09	169
13:50	0	175	33,3	2880	2663	0,92	26	2586	66,9	14,3	58,9	2,32	1,47	0,85	0,37	23	25	09:10:11	169
13:53	0	175	33,4	2883	2672	0,93	26	2586	67,5	14,3	58,6	2,30	1,43	0,87	0,38	23	25	09:10:14	169
13:56	0	175	33,2	2872	2686	0,94	24	2800	68,3	14,3	58,0	2,46	1,52	0,94	0,38	24	25	09:10:17	169
13:57	0	175	33,3	2874	2688	0,94	24	2823	68,7	14,3	57,8	2,46	1,51	0,95	0,39	24	26	09:10:18	169
13:59	0	225	33,4	2883	2704	0,94	24	2846	69,4	14,4	57,4	2,46	1,53	0,94	0,38	24	26	09:10:20	169
14:01	0	225	33,6	2904	2715	0,93	26	2703	70,1	14,5	56,9	2,31	1,46	0,85	0,37	24	26	09:10:22	169
14:03	0	225	33,6	2905	2712	0,93	27	2623	70,3	14,5	56,8	2,24	1,44	0,80	0,36	24	26	09:10:24	170
14:05	0	225	34,4	2970	2755	0,93	28	2524	71,8	14,8	55,9	2,11	1,35	0,76	0,36	24	26	09:10:26	172
14:07	0	225	35,1	3029	2808	0,93	29	2536	73,3	15,1	55,0	2,08	1,33	0,75	0,36	24	26	09:10:28	173
14:09	0	225	35,2	3038	2829	0,93	30	2432	74,0	15,1	54,5	1,97	1,27	0,70	0,35	24	26	09:10:30	173
14:11	0	225	34,8	3009	2821	0,94	30	2478	73,6	15,0	54,8	2,02	1,30	0,72	0,35	24	26	09:10:32	173
14:13	0	225	34,8	3009	2821	0,94	30	2478	73,6	15,0	54,8	2,02	1,30	0,72	0,35	24	26	09:10:34	173
14:15	0	225	34,4	2971	2809	0,95	29	2547	73,1	14,8	55,1	2,09	1,32	0,77	0,37	25	26	09:10:36	173
14:17	0	225	35,1	3032	2862	0,94	30	2490	74,5	15,1	54,2	2,01	1,27	0,74	0,37	25	26	09:10:38	173
14:18	0	225	34,4	2973	2825	0,95	30	2460	73,6	14,8	54,8	2,01	1,27	0,74	0,37	25	26	09:10:39	174
14:22	0	225	34,0	2941	2800	0,95	30	2395	72,6	14,7	55,4	1,98	1,25	0,73	0,37	25	26	09:10:43	174
14:24	0	225	33,9	2928	2795	0,95	28	2531	71,5	14,6	56,1	2,12	1,29	0,83	0,39	24	26	09:10:45	176
14:26	0	225	33,8	2919	2799	0,96	26	2739	70,6	14,6	56,6	2,33	1,39	0,94	0,40	24	25	09:10:47	176
14:29	0	225	34,2	2956	2832	0,96	25	2822	71,3	14,8	56,2	2,38	1,40	0,98	0,41	24	25	09:10:50	178
14:30	0	225	34,7	2997	2863	0,96	26	2796	72,3	15,0	55,6	2,32	1,39	0,93	0,40	24	25	09:10:51	178
14:32	0	225	34,7	2997	2863	0,96	26	2796	72,3	15,0	55,6	2,32	1,39	0,93	0,40	24	25	09:10:53	178
14:34	0	225	35,4	3056	2910	0,95	25	2923	73,4	15,3	54,9	2,39	1,42	0,97	0,41	24	25	09:10:55	178
14:36	0	225	36,0	3110	2937	0,94	28	2675	74,4	15,5	54,3	2,16	1,33	0,82	0,38	24	25	09:10:57	179
14:37	0	225	36,0	3111	2937	0,94	28	2675	74,4	15,5	54,3	2,16	1,33	0,82	0,38	24	25	09:10:58	178
14:40	0	225	37,1	3203	3004	0,94	31	2509	76,9	16,0	52,8	1,96	1,24	0,72	0,37	24	26	09:11:01	179
14:41	0	225	37,9	3276	3055	0,93	33	2393	79,2	16,3	51,4	1,81	1,17	0,64	0,35	24	26	09:11:02	178
14:43	0	225	37,3	3225	3057	0,95	31	2539	79,1	16,1	51,4	1,93	1,22	0,71	0,37	25	26	09:11:04	178
14:46	0	225	36,0	3110	3009	0,97	29	2726	77,9	15,6	52,1	2,10	1,28	0,82	0,39	25	26	09:11:07	178
14:48	0	225	35,6	3072	2970	0,97	29	2599	76,7	15,4	52,9	2,03	1,26	0,77	0,38	25	26	09:11:09	177
14:50	0	225	36,0	3111	3019	0,97	28	2716	77,3	15,6	52,5	2,11	1,31	0,79	0,38	25	26	09:11:11	177
14:52	0	225	37,5	3238	3082	0,95	31	2545	78,6	16,2	51,7	1,94	1,24	0,70	0,36	24	25	09:11:13	178
14:54	0	225	37,5	3237	3082	0,95	31	2545	78,6	16,2	51,7	1,94	1,24	0,70	0,36	24	25	09:11:15	178
14:56	0	225	37,7	3261	3120	0,96	29	2705	78,7	16,3	51,6	2,06	1,32	0,75	0,36	24	25	09:11:17	178
14:58	0	225	38,2	3305	3134	0,95	30	2607	78,5	16,5	51,8	1,99	1,29	0,70	0,35	24	25	09:11:19	178
15:01	0	225	38,1	3292	3172	0,96	27	2943	80,1	16,5	50,8	2,20	1,36	0,85	0,38	24	25	09:11:22	178
15:02	0	225	38,4	3318	3188	0,96	28	2858	81,1	16,6	50,2	2,11	1,28	0,83	0,39	24	25	09:11:23	178
15:04	0	225	38,6	3331	3203	0,96	29	2872	82,0	16,7	49,6	2,10	1,27	0,83	0,40	25	26	09:11:25	178
15:07	0	225	38,4	3316	3229	0,97	28	3008	83,3	16,6	48,8	2,17	1,30	0,86	0,40	25	26	09:11:28	178
15:08	0	225	38,3	3306	3227	0,98	28	2947	83,9	16,6	48,5	2,11	1,27	0,84	0,40	25	26	09:11:29	178
15:11	0	225	38,1	3295	3218	0,98	29	2918	83,6	16,6	48,6	2,09	1,26	0,83	0,40	25	26	09:11:32	178
15:13	0	225	38,8	3355	3267	0,97	30	2832	85,0	16,8	47,7	2,00	1,24	0,76	0,38	25	26	09:11:34	178
15:14	0	225	39,1	3375	3310	0,98	30	2915	86,8	17,0	46,7	2,02	1,25	0,76	0,38	26	26	09:11:35	178
15:16	0	225	39,1	3382	3337	0,99	30	2922	87,8	17,0	46,1	2,00	1,25	0,75	0,37	26	26	09:11:37	179
15:19	0	225	39,1	3382	3337	0,99	30	2922	87,8	17,0	46,1	2,00	1,25	0,75	0,37	26	26	09:11:40	179
15:21	0	225	38,5	3323	3311	1,00	29	2987	86,2	16,8	47,0	2,08	1,29	0,79	0,38	26	26	09:11:42	179
15:23	0	225	38,0	3287	3290	1,00	28	3072	85,0	16,6	47,8	2,17	1,33	0,84	0,39	26	26	09:11:44	179
15:25	0	225	38,2	3299	3296	1,00	28	3008	85,4	16,7	47,5	2,11	1,29	0,82	0,39	26	26	09:11:46	179
15:27	0	225	38,4	3319	3297	0,99	29	2906	85,1	16,7	47,7	2,05	1,26	0,79	0,38	26	26	09:11:48	179
15:28	0	225	38,3	3313	3268	0,99	30	2791	84,2	16,7	48,3	1,99	1,24	0,75	0,38	25	26	09:11:49	179
15:30	0	225	38,4	3316	3256	0,98	30	2812	83,3	16,7	48,8	2,03	1,24	0,79	0,39	25	26	09:11:51	179
15:33	0	225	39,3	3396	3311	0,97	30	2866	85,2	17,1	47,6	2,02	1,23	0,79	0,39	25	26	09:11:54	179
15:35	0	225	39,7	3432	3328	0,97	31	2808	86,5	17,2	46,8	1,95	1,18	0,77	0,39	25	26	09:11:56	179
15:38	0	225	39,7	3432	3328	0,97	31	2808	86,5	17,2	46,8	1,95	1,18	0,77	0,39	25	26	09:11:59	179
15:40	0	225	40,3	3479	3333	0,96	29	2899	85,5	17,4	47,5	2,03	1,20	0,83	0,41	25	26	09:12:01	178
15:42	0	225	40,2	3477	3283	0,94	31	2737	83,9	17,3	48,5	1,96	1,17	0,78	0,40	24	26	09:12:03	178
15:44	0	225	40,4	3493	3306	0,95	29	2871	83,7	17,4	48,6	2,06	1,22	0,83	0,41	24	25	09:12:05	178
15:46	0	225	40,8	3524	3341	0,95	29	2974	84,9	17,6	47,8	2,10	1,23	0,87	0,42	24	25	09:12:07	178
15:48	0	225	40,0	3455	3318	0,96	30	2894	85,5	17,3	47,5	2,03	1,22	0,82	0,40	25	26	09:12:09	178
15:50	0	225	40,8	3527	3342	0,95	29	2929	84,7	17,6	48,0	2,08	1,23	0,84	0,41	24	25	09:12:11	178
15:52	0	225	40,8	3529	3355	0,95	31	2794	86,1	17,6	47,1	1,95	1,17	0,78	0,40	24	26	09:12:13	179
15:53	0	225	40,4	3494	3388	0,97	31	2852	87,6	17,5	46,2	1,95	1,19	0,77	0,39	25	26	09:12:14	181
15:54	0	225	40,5	3497	3391	0,97	33	2724	88,8	17,5	45,4	1,84	1,13	0,71	0,39	25	26	09:12:15	182
15:56	0	225	40,7	3520	3422	0,97	32	2795	89,3	17,7	45,1	1,88	1,15	0,73	0,39	25	26	09:12:17	181
15:59	0	225	40,6	3509	3404	0,97	34	2631	89,0	17,6	45,3	1,77	1,13	0,64	0,36	25	26	09:12:20	181
16:01	0	225	40,4	3490	3390	0,97	34	2607	88,5	17,5	45,6	1,77	1,13	0,63	0,36	25	26	09:12:22	181
16:03	0	225	39,8	3442	3350	0,97	34	2619	87,9	17,3	46,0	1,79	1,13	0,66	0,37	26	26	09:12:24	181
16:04	0	225	40,1	3464	3356	0,97	34	2570	88,0	17,4	45,9	1,75	1,10	0,65	0,37	25	26	09:12:25	181
16:06	0	225	39,9	3451	3362	0,97	33	2662	87,8	17,3	46,1	1,82	1,15	0,67	0,37	25	26	09:12:27	181
16:08	0	225	39,9	3450	3391	0,98	31	2836	87,8	17,4	46,1	1,94	1,21	0,72	0,37	25	26	09:12:29	181
16:10	0	225	39,1	3376	3348	0,99	29	2959	87,1	17,0	46,5	2,04	1,25	0,79	0,39	26	26	09:12:31	181
16:13	0	225	39,2	3389	3347	0,99	29	2973	86,4	17,1	46,9	2,06	1,24	0,82	0,40	26	26	09:12:34	181
16:14	0	225	39,2	3384	3335	0,99	29	2978	86,1	17,0	47,1	2,08	1,24	0,84	0,40	25	26	09:12:35	181
16:17	0	225	39,1	3379	3323	0,98	29	2991	85,7	17,0	47,3	2,09	1,26	0,84	0,40	25	26	09:12:38	181
16:19	0	225	39,1	3379	3323	0,98	29	2991	85,7	17,0	47,3	2,09	1,26	0,84	0,40	25	26	09:12:40	181
16:21	0	225	39,4	3405	3352	0,98	28	3063	86,4	17,1	46,9	2,13	1,30	0,83	0,39	25	26	09:12:42	181
16:23	0	225	38,6	3335	3309	0,99	27	3212	85,8	16,8	47,3	2,25	1,33	0,91	0,41	26	26	09:12:44	181
16:25	0	225	38,5	3330	3325	1,00	26	3311	86,2	16,8	47,0	2,30	1,36	0,94	0,41	26	26	09:12:46	181
16:28	0	225	38,8	3349	3352	1,00	26	3294	87,2	16,9	46,4	2,27	1,36	0,91	0,40	26	26	09:12:49	181
16:29	0	225	40,0	3454	3422	0,99	28	3157	88,8	17,4	45,5	2,13	1,30	0,83	0,39	26	26	09:12:50	181
16:32	0	225	40,0	3456	3447	1,00	28	3178	89,8	17,4	44,8	2,12	1,30	0,82	0,39	26	26	09:12:53	182
16:34	0	225	38,8	3351	3375	1,01	27	3315	88,2	16,9	45,8	2,26	1,36	0,90	0,40	26	26	09:12:55	182
16:37	0	225	38,2	3302	3363	1,02	25	3521	88,1	16,7	45,9	2,40	1,38	1,02	0,43	27	26	09:12:58	182
16:39	0	225	38,3	3307	3366	1,02	26	3407	87,9	16,7	46,0	2,33	1,36	0,96	0,41	27	26	09:13:00	182
16:40	0	225	38,8	3353	3395	1,01	27	3287	88,8	16,9	45,5	2,22	1,32	0,90	0,41	26	26	09:13:01	182
16:42	0	225	39,4	3405	3433	1,01	28	3205	89,8	17,2	44,8	2,14	1,29	0,85	0,40	26	26	09:13:03	183
16:45	0	225	39,1	3379	3410	1,01	27	3315	88,6	17,1	45,5	2,24	1,34	0,91	0,40	26	26	09:13:06	184
16:47	0	225	39,6	3422	3432	1,00	27	3239	88,9	17,3	45,4	2,19	1,30	0,88	0,40	26	26	09:13:08	185
16:49	0	225	39,8	3436	3432	1,00	28	3199	89,8	17,3	44,8	2,14	1,27	0,87	0,41	26	26	09:13:10	185
16:52	0	225	39,4	3404	3391	1,00	29	3062	88,1	17,2	45,9	2,09	1,28	0,80	0,39	26	26	09:13:13	185
16:54	0	225	40,5	3497	3433	0,98	31	2928	89,5	17,6	45,0	1,96	1,21	0,75	0,38	26	26	09:13:15	185
16:56	0	225	41,8	3609	3523	0,98	29	3147	91,4	18,1	43,8	2,07	1,23	0,83	0,40	25	26	09:13:17	185
16:57	0	215	42,2	3643	3531	0,97	30	3083	92,7	18,3	43,1	2,00	1,19	0,80	0,40	25	26	09:13:18	185
16:59	0	215	43,0	3713	3567	0,96	33	2915	95,4	18,6	41,4	1,83	1,12	0,71	0,39	26	27	09:13:20	186
17:01	0	215	41,8	3608	3505	0,97	30	3082	94,0	18,1	42,3	1,97	1,17	0,79	0,40	26	27	09:13:22	186
17:03	0	215	42,5	3672	3541	0,96	32	2964	94,8	18,4	41,8	1,88	1,13	0,74	0,40	26	27	09:13:24	186
17:05	0	215	43,2	3731	3593	0,96	33	2905	96,2	18,7	40,9	1,81	1,12	0,69	0,38	26	27	09:13:26	186
17:07	0	215	42,2	3650	3549	0,97	34	2834	96,2	18,3	40,9	1,77	1,12	0,64	0,36	26	27	09:13:28	185
17:09	0	215	41,8	3616	3544	0,98	33	2943	95,8	18,2	41,2	1,84	1,16	0,69	0,37	26	27	09:13:30	183
17:11	0	215	40,9	3537	3488	0,99	32	2989	94,8	17,8	41,8	1,89	1,15	0,74	0,39	27	27	09:13:32	182
17:13	0	215	40,6	3504	3464	0,99	32	2923	94,4	17,7	42,0	1,86	1,13	0,73	0,39	27	27	09:13:34	182
17:14	0	215	41,1	3552	3510	0,99	33	2875	96,0	17,9	41,0	1,80	1,09	0,70	0,39	27	27	09:13:35	182
17:16	0	215	40,9	3532	3511	0,99	32	3007	95,8	17,8	41,2	1,88	1,13	0,75	0,40	27	27	09:13:37	184
17:18	0	215	41,5	3588	3532	0,98	34	2833	96,7	18,1	40,6	1,76	1,07	0,68	0,39	27	27	09:13:39	184
17:20	0	215	40,9	3530	3487	0,99	33	2904	95,1	17,8	41,6	1,83	1,11	0,72	0,39	27	27	09:13:41	185
17:22	0	215	40,4	3491	3438	0,98	33	2798	93,6	17,6	42,5	1,79	1,10	0,69	0,38	27	27	09:13:43	185
17:24	0	215	40,9	3532	3453	0,98	34	2757	94,1	17,8	42,2	1,76	1,10	0,66	0,37	27	27	09:13:45	185
17:25	0	215	41,1	3553	3489	0,98	33	2830	94,8	17,9	41,8	1,79	1,11	0,68	0,38	27	27	09:13:46	185
17:27	0	215	41,3	3572	3473	0,97	35	2735	95,0	17,9	41,7	1,73	1,07	0,66	0,38	27	27	09:13:48	184
17:29	0	215	41,1	3552	3455	0,97	33	2817	93,7	17,8	42,4	1,80	1,10	0,70	0,39	26	27	09:13:50	183
17:31	0	215	40,8	3524	3410	0,97	34	2754	92,6	17,7	43,1	1,78	1,09	0,70	0,39	26	27	09:13:52	181
17:32	0	215	41,8	3608	3440	0,95	36	2600	93,9	18,0	42,3	1,66	1,03	0,63	0,38	26	27	09:13:53	181
17:35	0	215	40,7	3518	3386	0,96	34	2754	92,4	17,6	43,2	1,79	1,07	0,72	0,40	26	27	09:13:56	181
17:37	0	215	40,9	3529	3380	0,96	33	2811	91,8	17,7	43,6	1,84	1,08	0,76	0,41	26	27	09:13:58	182
17:38	0	215	40,8	3529	3380	0,96	33	2811	91,8	17,7	43,6	1,84	1,08	0,76	0,41	26	27	09:13:59	182
17:40	0	215	40,7	3515	3374	0,96	32	2887	91,5	17,6	43,8	1,89	1,12	0,77	0,41	26	27	09:14:01	182
17:42	0	215	41,8	3614	3444	0,95	33	2830	93,5	18,1	42,5	1,82	1,11	0,71	0,39	26	27	09:14:03	182
17:44	0	215	41,8	3613	3484	0,96	30	3094	94,2	18,1	42,1	1,97	1,19	0,78	0,39	26	27	09:14:05	182
17:46	0	215	42,0	3625	3505	0,97	30	3187	95,2	18,2	41,5	2,01	1,21	0,79	0,40	26	27	09:14:07	182
17:49	0	215	42,1	3636	3507	0,96	29	3240	95,2	18,2	41,5	2,04	1,24	0,81	0,39	26	27	09:14:10	182
17:51	0	215	41,9	3618	3506	0,97	30	3215	95,4	18,1	41,4	2,02	1,25	0,78	0,38	26	27	09:14:12	182
17:53	0	215	41,4	3575	3490	0,98	28	3425	94,3	18,0	42,0	2,18	1,32	0,86	0,39	26	27	09:14:14	182
17:55	0	215	41,4	3575	3489	0,98	28	3425	94,3	18,0	42,0	2,18	1,32	0,86	0,39	26	27	09:14:16	182
17:58	0	215	41,2	3558	3461	0,97	28	3366	93,8	17,9	42,4	2,15	1,31	0,84	0,39	26	27	09:14:19	182
18:00	0	215	42,3	3651	3480	0,95	28	3329	93,5	18,2	42,5	2,14	1,27	0,86	0,40	26	27	09:14:21	182
18:01	0	215	42,9	3708	3522	0,95	29	3274	94,9	18,5	41,7	2,07	1,25	0,82	0,40	26	27	09:14:22	182
18:03	0	215	43,6	3764	3525	0,94	32	3021	95,9	18,7	41,1	1,89	1,15	0,74	0,39	25	27	09:14:24	182
18:04	0	215	44,7	3859	3537	0,92	36	2696	96,7	19,1	40,6	1,67	1,03	0,64	0,38	25	27	09:14:25	182
V02 Max																			
18:05	0	215	45,4	3923	3567	0,91	38	2579	98,1	19,4	39,7	1,58	0,97	0,61	0,38	25	27	09:14:26	182
18:07	0	215	44,1	3809	3475	0,91	38	2560	96,3	18,9	40,9	1,60	0,96	0,64	0,40	25	28	09:14:28	181
18:09	0	215	44,1	3808	3478	0,91	38	2522	96,6	18,9	40,6	1,57	0,96	0,61	0,39	25	28	09:14:30	181
18:10	0	215	42,9	3710	3450	0,93	41	2389	98,4	18,4	39,5	1,46	0,93	0,53	0,36	27	29	09:14:31	183
18:13	0	215	42,2	3650	3448	0,94	39	2521	98,0	18,2	39,8	1,54	0,95	0,59	0,38	27	28	09:14:34	183
18:14	0	215	41,6	3591	3434	0,96	35	2744	96,6	18,0	40,6	1,70	1,01	0,70	0,41	27	28	09:14:35	184
18:16	0	215	41,3	3570	3453	0,97	33	2898	96,5	17,9	40,7	1,80	1,07	0,74	0,41	27	28	09:14:37	182
18:18	0	215	41,3	3571	3465	0,97	32	2994	96,4	17,9	40,8	1,86	1,11	0,76	0,41	27	28	09:14:39	182
18:20	0	215	40,9	3530	3429	0,97	32	2974	95,0	17,7	41,6	1,88	1,13	0,75	0,40	27	28	09:14:41	181
18:23	0	205	40,3	3484	3385	0,97	30	3090	92,9	17,5	42,9	2,00	1,16	0,84	0,42	27	27	09:14:44	181
18:25	0	205	40,3	3484	3385	0,97	30	3090	92,9	17,5	42,9	2,00	1,16	0,84	0,42	27	27	09:14:46	181
18:26	0	205	41,5	3582	3398	0,95	31	2961	91,8	17,9	43,6	1,94	1,15	0,79	0,41	26	27	09:14:47	181
18:28	0	205	42,7	3685	3472	0,94	32	2969	94,2	18,4	42,1	1,89	1,13	0,76	0,40	26	27	09:14:49	181
18:29	0	205	42,9	3710	3468	0,93	33	2876	95,4	18,5	41,4	1,81	1,09	0,72	0,40	26	28	09:14:50	181
18:31	0	205	42,9	3707	3473	0,94	34	2857	95,9	18,5	41,1	1,79	1,09	0,70	0,39	26	28	09:14:52	181
18:33	0	205	43,4	3748	3531	0,94	34	2918	98,4	18,7	39,6	1,78	1,10	0,68	0,38	26	28	09:14:54	181
18:35	0	205	43,4	3748	3531	0,94	34	2918	98,4	18,7	39,6	1,78	1,10	0,68	0,38	26	28	09:14:56	181
18:37	0	205	42,6	3678	3519	0,96	34	2910	99,9	18,4	38,6	1,75	1,09	0,66	0,38	27	28	09:14:58	181
18:38	0	205	41,8	3616	3458	0,96	35	2821	98,2	18,1	39,7	1,72	1,07	0,65	0,38	27	28	09:14:59	181
18:41	0	205	41,4	3574	3441	0,96	32	3006	96,4	17,9	40,8	1,87	1,13	0,74	0,39	27	28	09:15:02	181
18:43	0	205	40,9	3530	3408	0,97	31	3027	95,3	17,7	41,5	1,91	1,14	0,76	0,40	27	28	09:15:04	181
18:45	0	205	40,9	3531	3362	0,95	32	2897	92,7	17,6	43,0	1,87	1,15	0,73	0,39	26	28	09:15:06	181
18:47	0	205	40,6	3512	3341	0,95	31	2969	91,5	17,5	43,8	1,95	1,18	0,77	0,39	26	27	09:15:08	181
18:49	0	205	40,9	3534	3332	0,94	31	2926	91,1	17,6	44,0	1,93	1,17	0,76	0,39	26	27	09:15:10	182
18:51	0	205	40,9	3534	3332	0,94	31	2926	91,1	17,6	44,0	1,93	1,17	0,76	0,39	26	27	09:15:12	182
18:52	0	205	41,1	3552	3355	0,94	30	3005	91,3	17,7	43,9	1,97	1,19	0,78	0,40	26	27	09:15:13	181
18:55	0	205	40,1	3466	3266	0,94	30	2926	88,6	17,3	45,6	1,98	1,21	0,77	0,39	26	27	09:15:16	182
18:57	0	205	39,8	3437	3253	0,95	29	3016	88,0	17,2	45,9	2,06	1,21	0,85	0,41	26	27	09:15:18	179
18:59	0	205	40,3	3481	3287	0,94	30	2941	89,6	17,4	45,0	1,97	1,16	0,81	0,41	26	27	09:15:20	179
19:01	0	205	40,6	3504	3281	0,94	31	2903	89,9	17,4	44,8	1,94	1,14	0,80	0,41	26	27	09:15:22	179
19:02	0	205	41,5	3588	3354	0,93	31	2984	92,1	17,9	43,4	1,94	1,15	0,80	0,41	26	27	09:15:23	179
19:04	0	205	41,5	3589	3348	0,93	31	2951	92,5	17,9	43,2	1,91	1,13	0,78	0,41	26	28	09:15:25	179
19:06	0	205	40,9	3535	3301	0,93	32	2892	92,2	17,6	43,4	1,88	1,11	0,77	0,41	26	28	09:15:27	179
19:07	0	205	41,2	3560	3305	0,93	34	2715	93,0	17,7	42,9	1,75	1,13	0,62	0,36	26	28	09:15:28	180
19:10	0	205	41,0	3543	3313	0,94	33	2852	94,0	17,6	42,2	1,82	1,10	0,72	0,39	27	28	09:15:31	181
19:11	0	205	39,0	3366	3161	0,94	34	2684	90,0	16,8	44,7	1,79	1,09	0,70	0,39	27	28	09:15:32	181
19:13	0	205	38,9	3361	3181	0,95	35	2612	91,1	16,8	44,0	1,72	1,05	0,67	0,39	27	29	09:15:34	182
19:14	0	205	38,9	3361	3181	0,95	35	2612	91,1	16,8	44,0	1,72	1,05	0,67	0,39	27	29	09:15:35	182
19:17	0	205	38,0	3282	3141	0,96	33	2720	89,5	16,4	45,0	1,82	1,10	0,73	0,40	27	28	09:15:38	182
19:18	0	205	38,6	3337	3191	0,96	33	2754	90,4	16,7	44,5	1,83	1,11	0,72	0,39	27	28	09:15:39	182
19:20	0	205	39,2	3387	3269	0,97	31	2949	92,7	17,0	43,0	1,91	1,14	0,77	0,40	27	28	09:15:41	182
19:22	0	205	41,2	3556	3406	0,96	34	2880	96,6	17,8	40,7	1,79	1,10	0,69	0,39	27	28	09:15:43	182
19:24	0	205	41,7	3599	3465	0,96	34	2899	98,7	18,0	39,4	1,76	1,10	0,66	0,38	27	28	09:15:45	181
19:26	0	205	41,1	3553	3455	0,97	34	2945	99,1	17,8	39,1	1,78	1,11	0,67	0,38	28	29	09:15:47	181
19:28	0	205	40,0	3454	3389	0,98	31	3090	96,8	17,4	40,5	1,92	1,16	0,75	0,39	28	29	09:15:49	181
19:29	0	205	40,8	3527	3414	0,97	35	2791	98,6	17,7	39,4	1,70	1,07	0,63	0,37	28	29	09:15:50	181
19:31	0	205	40,1	3467	3380	0,97	35	2797	98,0	17,4	39,8	1,71	1,05	0,66	0,39	28	29	09:15:52	181
19:32	0	205	39,8	3436	3355	0,98	36	2724	98,5	17,3	39,5	1,66	1,03	0,63	0,38	29	29	09:15:53	182
19:34	0	205	39,5	3413	3308	0,97	37	2612	97,0	17,1	40,4	1,62	1,04	0,58	0,36	28	29	09:15:55	182
19:36	0	205	39,6	3422	3289	0,96	37	2609	95,9	17,1	41,1	1,63	1,03	0,60	0,37	28	29	09:15:57	182
19:38	0	205	40,0	3455	3311	0,96	37	2629	96,3	17,3	40,8	1,64	1,02	0,62	0,38	28	29	09:15:59	182
19:40	0	205	40,0	3455	3311	0,96	37	2629	96,3	17,3	40,8	1,64	1,02	0,62	0,38	28	29	09:16:01	182
19:42	0	205	40,1	3462	3343	0,97	34	2823	96,7	17,4	40,6	1,75	1,07	0,69	0,39	28	29	09:16:03	183
19:44	0	205	40,7	3519	3340	0,95	34	2838	96,1	17,6	41,0	1,77	1,09	0,68	0,39	27	29	09:16:05	183
19:46	0	205	41,3	3568	3332	0,93	34	2799	95,4	17,8	41,4	1,76	1,07	0,69	0,39	27	29	09:16:07	184
19:48	0	205	41,9	3621	3379	0,93	34	2903	97,3	18,0	40,2	1,79	1,08	0,71	0,40	27	29	09:16:09	183
19:50	0	205	42,0	3626	3391	0,94	33	2965	98,0	18,1	39,8	1,82	1,09	0,73	0,40	27	29	09:16:11	183
19:51	0	205	42,1	3640	3384	0,93	34	2871	97,8	18,1	39,9	1,76	1,07	0,69	0,39	27	29	09:16:12	182
19:53	0	205	42,7	3693	3454	0,94	34	2948	98,9	18,4	39,2	1,79	1,08	0,71	0,39	27	29	09:16:14	182
19:55	0	205	42,7	3693	3454	0,94	34	2948	98,9	18,4	39,2	1,79	1,08	0,71	0,39	27	29	09:16:16	181
19:56	0	205	42,0	3626	3428	0,95	35	2881	99,7	18,1	38,8	1,73	1,06	0,68	0,39	27	29	09:16:17	182
19:58	0	205	42,6	3684	3446	0,94	38	2674	101,7	18,3	37,5	1,58	0,99	0,59	0,37	28	30	09:16:19	182
20:00	0	205	42,0	3630	3430	0,94	36	2810	100,2	18,1	38,4	1,68	1,02	0,66	0,39	28	29	09:16:21	182
20:01	0	205	41,6	3597	3408	0,95	37	2731	100,9	18,0	38,0	1,62	1,01	0,61	0,38	28	30	09:16:22	182
20:03	0	205	41,0	3540	3395	0,96	36	2807	101,1	17,7	37,9	1,67	1,02	0,64	0,39	29	30	09:16:24	182
20:14	0	205	41,0	3543	3368	0,95	37	2740	100,5	17,7	38,2	1,64	1,01	0,63	0,39	28	30	09:16:35	182
20:15	0	205	41,2	3557	3416	0,96	35	2890	101,4	17,8	37,7	1,71	1,04	0,67	0,39	29	30	09:16:36	182
20:17	0	205	40,8	3524	3404	0,97	35	2902	101,0	17,7	37,9	1,72	1,05	0,68	0,39	29	30	09:16:38	182
20:19	0	205	40,0	3452	3308	0,96	35	2833	98,6	17,3	39,4	1,72	1,05	0,67	0,39	29	30	09:16:40	182
20:20	0	205	40,2	3477	3300	0,95	35	2793	98,3	17,4	39,6	1,70	1,04	0,66	0,39	28	30	09:16:41	182
20:22	0	205	41,2	3557	3352	0,94	35	2858	99,7	17,7	38,7	1,72	1,05	0,67	0,39	28	30	09:16:43	182
20:24	0	205	42,1	3635	3388	0,93	35	2840	100,7	18,1	38,1	1,69	1,04	0,65	0,38	28	30	09:16:45	181
20:25	0	205	41,6	3597	3382	0,94	36	2845	101,8	17,9	37,4	1,68	1,04	0,64	0,38	28	30	09:16:46	181
20:27	0	205	40,5	3499	3331	0,95	33	3032	99,5	17,5	38,9	1,83	1,09	0,73	0,40	28	30	09:16:48	181
20:29	0	205	40,9	3536	3346	0,95	34	2921	100,4	17,6	38,3	1,75	1,07	0,68	0,39	28	30	09:16:50	181
20:31	0	205	41,5	3590	3399	0,95	35	2913	101,9	17,9	37,4	1,72	1,06	0,66	0,38	28	30	09:16:52	181
20:32	0	205	41,1	3555	3387	0,95	34	3002	100,7	17,8	38,1	1,79	1,07	0,72	0,40	28	30	09:16:53	181
20:34	0	205	41,4	3573	3387	0,95	34	2926	100,3	17,8	38,4	1,75	1,06	0,69	0,39	28	30	09:16:55	181
20:35	0	205	41,2	3561	3366	0,95	34	2895	99,6	17,8	38,8	1,74	1,04	0,70	0,40	28	30	09:16:56	181
20:37	0	205	41,0	3539	3334	0,94	35	2825	98,5	17,6	39,5	1,72	1,03	0,69	0,40	28	30	09:16:58	180
20:39	0	205	41,6	3598	3344	0,93	37	2708	99,3	17,9	39,0	1,64	1,01	0,63	0,39	28	30	09:17:00	180
20:40	0	205	42,2	3650	3353	0,92	38	2613	99,6	18,1	38,8	1,57	0,99	0,58	0,37	27	30	09:17:01	180
20:42	0	205	42,2	3642	3319	0,91	39	2561	98,7	18,0	39,3	1,56	0,98	0,57	0,37	27	30	09:17:03	179
20:44	0	205	41,4	3578	3294	0,92	35	2777	97,2	17,8	40,3	1,71	1,05	0,66	0,39	27	30	09:17:05	179
20:46	0	205	40,9	3535	3240	0,92	36	2675	95,9	17,5	41,1	1,67	1,04	0,64	0,38	27	30	09:17:07	179
20:47	0	205	40,9	3530	3219	0,91	37	2568	94,4	17,5	42,0	1,63	1,02	0,62	0,38	27	29	09:17:08	180
20:49	0	205	41,7	3603	3240	0,90	40	2383	96,0	17,8	41,0	1,49	0,94	0,55	0,37	27	30	09:17:10	180
20:50	0	205	41,5	3583	3220	0,90	41	2321	95,5	17,7	41,3	1,46	0,92	0,54	0,37	27	30	09:17:11	182
20:52	0	205	41,1	3552	3214	0,90	40	2400	96,0	17,6	41,0	1,50	0,92	0,58	0,38	27	30	09:17:13	182
20:54	0	205	40,3	3479	3155	0,91	39	2390	93,8	17,2	42,3	1,53	0,94	0,59	0,39	27	30	09:17:15	182
20:55	0	205	40,5	3501	3169	0,91	40	2388	94,5	17,3	41,9	1,52	0,94	0,58	0,38	27	30	09:17:16	181
20:57	0	205	40,5	3500	3202	0,91	38	2540	95,7	17,3	41,2	1,59	0,98	0,61	0,38	27	30	09:17:18	182
20:59	0	205	39,6	3424	3162	0,92	36	2664	94,9	17,0	41,7	1,68	1,02	0,66	0,39	28	30	09:17:20	182
21:01	0	205	40,4	3489	3203	0,92	35	2699	95,0	17,3	41,6	1,70	1,05	0,66	0,39	27	30	09:17:22	182
21:03	0	205	40,3	3486	3188	0,91	34	2747	94,2	17,3	42,1	1,75	1,07	0,68	0,39	27	30	09:17:24	182
21:04	0	205	40,3	3485	3188	0,91	34	2747	94,2	17,3	42,1	1,75	1,07	0,68	0,39	27	30	09:17:25	182
21:06	0	205	41,2	3556	3224	0,91	36	2688	95,6	17,6	41,3	1,69	1,04	0,64	0,38	27	30	09:17:27	182
21:07	0	205	41,8	3611	3260	0,90	36	2656	96,8	17,8	40,5	1,65	1,01	0,63	0,39	27	30	09:17:28	182
21:09	0	205	41,8	3614	3228	0,89	39	2494	96,3	17,8	40,8	1,55	0,96	0,59	0,38	27	30	09:17:30	183
21:10	0	205	42,6	3681	3257	0,88	43	2308	98,4	18,1	39,6	1,41	0,90	0,51	0,36	27	30	09:17:31	182
21:12	0	205	41,8	3611	3204	0,89	42	2322	97,3	17,8	40,2	1,43	0,90	0,53	0,37	27	30	09:17:33	181
21:13	0	205	41,7	3606	3206	0,89	43	2266	97,5	17,8	40,1	1,39	0,90	0,49	0,35	27	30	09:17:34	180
21:15	0	205	40,6	3507	3171	0,90	39	2448	96,1	17,3	40,9	1,53	0,95	0,58	0,38	27	30	09:17:36	180
21:17	0	205	40,3	3483	3160	0,91	38	2516	95,2	17,2	41,5	1,59	0,97	0,62	0,39	27	30	09:17:38	180
21:18	0	205	40,5	3500	3146	0,90	40	2372	95,0	17,3	41,6	1,50	0,94	0,56	0,38	27	30	09:17:39	180
21:20	0	205	40,3	3486	3147	0,90	38	2462	94,3	17,2	42,0	1,57	0,96	0,61	0,39	27	30	09:17:41	180
21:21	0	205	39,8	3437	3136	0,91	36	2608	93,8	17,0	42,4	1,67	1,00	0,67	0,40	27	30	09:17:42	180
21:24	0	205	37,8	3269	2946	0,90	37	2383	88,1	16,2	45,8	1,62	1,01	0,62	0,38	27	30	09:17:45	181
21:25	0	205	39,1	3376	3046	0,90	36	2533	90,4	16,7	44,5	1,68	1,01	0,67	0,40	27	30	09:17:46	180
21:27	0	205	41,7	3607	3274	0,91	37	2665	98,0	17,8	39,8	1,63	0,97	0,66	0,40	27	30	09:17:48	181
21:29	0	205	41,9	3619	3320	0,92	36	2769	99,7	17,9	38,7	1,67	1,00	0,67	0,40	28	30	09:17:50	181
21:30	0	205	41,1	3551	3276	0,92	38	2674	100,5	17,6	38,2	1,60	0,96	0,64	0,40	28	31	09:17:51	181
21:32	0	205	41,4	3578	3331	0,93	38	2741	103,2	17,8	36,6	1,59	0,97	0,63	0,39	29	31	09:17:53	183
21:33	0	205	42,5	3672	3412	0,93	36	2875	103,9	18,3	36,1	1,66	1,00	0,66	0,40	28	30	09:17:54	182
21:35	0	205	42,5	3672	3411	0,93	36	2875	103,9	18,3	36,1	1,66	1,00	0,66	0,40	28	30	09:17:56	182
21:36	0	205	41,6	3592	3360	0,94	38	2746	104,4	17,9	35,8	1,58	0,97	0,61	0,39	29	31	09:17:57	182
21:38	0	205	41,3	3570	3339	0,94	39	2671	103,5	17,8	36,4	1,55	0,95	0,60	0,39	29	31	09:17:59	183
21:40	0	205	39,7	3432	3235	0,94	35	2813	98,7	17,1	39,4	1,71	1,03	0,68	0,40	29	31	09:18:01	183
21:41	0	205	40,3	3478	3236	0,93	36	2687	97,6	17,3	40,0	1,65	1,01	0,64	0,39	28	30	09:18:02	181
21:43	0	205	41,3	3567	3282	0,92	37	2651	97,5	17,7	40,1	1,63	1,01	0,63	0,38	27	30	09:18:04	182
21:45	0	205	39,7	3433	3178	0,93	36	2659	95,1	17,1	41,6	1,68	1,02	0,66	0,39	28	30	09:18:06	182
21:46	0	205	39,7	3430	3167	0,92	35	2668	94,3	17,0	42,1	1,70	1,02	0,67	0,40	27	30	09:18:07	182
21:48	0	205	39,8	3438	3161	0,92	35	2643	93,7	17,1	42,4	1,69	1,02	0,68	0,40	27	30	09:18:09	181
21:49	0	205	41,1	3549	3220	0,91	40	2422	96,7	17,6	40,6	1,50	0,92	0,58	0,39	27	30	09:18:10	182
SV2																			
21:52	0	205	41,1	3549	3220	0,91	40	2422	96,7	17,6	40,6	1,50	0,92	0,58	0,39	27	30	09:18:13	181
21:53	0	205	40,4	3487	3220	0,92	37	2600	96,7	17,3	40,6	1,61	0,98	0,64	0,40	28	30	09:18:14	182
21:56	0	205	38,6	3336	3117	0,93	35	2705	93,5	16,6	42,6	1,74	1,04	0,70	0,40	28	30	09:18:17	181
21:58	0	205	39,1	3376	3174	0,94	34	2788	94,6	16,8	41,9	1,77	1,06	0,70	0,40	28	30	09:18:19	181
21:59	0	205	40,6	3507	3255	0,93	33	2914	95,0	17,4	41,6	1,84	1,10	0,74	0,40	27	29	09:18:20	181
22:01	0	205	41,3	3572	3295	0,92	34	2876	96,5	17,7	40,7	1,79	1,07	0,71	0,40	27	29	09:18:22	182
22:03	0	205	39,5	3409	3163	0,93	32	2927	92,4	16,9	43,2	1,90	1,16	0,74	0,39	27	29	09:18:24	182
22:04	0	205	42,6	3677	3310	0,90	36	2740	97,4	18,2	40,2	1,69	1,05	0,64	0,38	26	29	09:18:25	182
22:05	0	205	42,4	3666	3284	0,90	37	2654	97,9	18,1	39,8	1,63	1,02	0,61	0,37	27	30	09:18:26	183
22:06	0	205	45,3	3917	3495	0,89	40	2627	106,1	19,3	34,8	1,49	0,91	0,58	0,39	27	30	09:18:27	183
22:08	0	205	44,3	3828	3451	0,90	45	2419	109,3	18,9	32,9	1,33	0,83	0,50	0,38	29	32	09:18:29	183
22:10	0	205	40,8	3525	3302	0,94	40	2599	104,7	17,6	35,7	1,49	0,90	0,59	0,40	30	32	09:18:31	183
22:11	0	205	38,5	3326	3157	0,95	39	2580	99,4	16,6	38,9	1,56	0,95	0,61	0,39	30	31	09:18:32	183
22:13	0	205	40,1	3467	3270	0,94	38	2670	102,3	17,3	37,1	1,57	0,95	0,62	0,39	29	31	09:18:34	184
22:15	0	205	40,4	3493	3269	0,94	37	2691	100,6	17,4	38,2	1,61	0,97	0,63	0,39	29	31	09:18:36	184
22:16	0	205	40,0	3459	3225	0,93	37	2648	98,7	17,2	39,4	1,61	0,97	0,64	0,40	29	31	09:18:37	183
22:19	0	205	38,3	3311	3096	0,93	36	2621	93,1	16,5	42,8	1,69	1,03	0,66	0,39	28	30	09:18:40	184
22:20	0	205	38,3	3310	3095	0,94	36	2621	93,1	16,5	42,8	1,69	1,03	0,66	0,39	28	30	09:18:41	184
22:22	0	205	40,9	3530	3149	0,89	40	2337	92,9	17,4	42,9	1,51	0,95	0,56	0,37	26	29	09:18:43	184
22:24	0	205	42,6	3682	3264	0,89	38	2546	96,2	18,1	40,9	1,59	0,99	0,60	0,38	26	29	09:18:45	183
22:26	0	205	41,7	3600	3203	0,89	36	2612	94,9	17,7	41,7	1,65	1,01	0,64	0,39	26	30	09:18:47	183
22:28	0	205	39,0	3374	3002	0,89	34	2573	88,2	16,6	45,8	1,75	1,12	0,63	0,36	26	29	09:18:49	183
22:29	0	205	41,0	3539	3108	0,88	34	2663	90,8	17,4	44,2	1,76	1,12	0,64	0,36	26	29	09:18:50	184
22:30	0	205	45,0	3886	3371	0,87	38	2607	99,8	19,1	38,7	1,57	0,96	0,60	0,39	26	30	09:18:51	183
22:31	0	205	43,9	3796	3328	0,88	40	2540	101,6	18,6	37,6	1,50	0,92	0,58	0,39	27	31	09:18:52	183
22:32	0	205	43,0	3714	3337	0,90	40	2561	103,7	18,3	36,3	1,48	0,89	0,59	0,40	28	31	09:18:53	183
22:34	0	205	41,5	3586	3251	0,91	43	2372	103,0	17,7	36,7	1,38	0,83	0,55	0,40	29	32	09:18:55	183
22:36	0	205	41,2	3560	3244	0,91	45	2311	103,5	17,6	36,4	1,34	0,82	0,52	0,39	29	32	09:18:57	184
22:38	0	205	41,4	3577	3297	0,92	41	2531	103,3	17,8	36,5	1,47	0,88	0,59	0,40	29	31	09:18:59	185
22:39	0	205	39,3	3397	3167	0,93	40	2506	99,1	16,9	39,1	1,52	0,92	0,60	0,40	29	31	09:19:00	186
22:41	0	205	38,1	3290	3033	0,92	39	2393	93,4	16,3	42,6	1,54	0,95	0,59	0,38	28	31	09:19:02	185
22:42	0	205	39,0	3366	3111	0,92	36	2595	93,6	16,7	42,5	1,66	1,01	0,65	0,39	28	30	09:19:03	185
22:44	0	205	38,4	3314	3065	0,92	36	2549	92,3	16,5	43,3	1,66	1,02	0,64	0,39	28	30	09:19:05	185
22:46	0	205	39,3	3397	3132	0,92	35	2699	93,6	16,9	42,5	1,73	1,04	0,69	0,40	28	30	09:19:07	185
22:47	0	205	39,5	3411	3140	0,92	35	2685	94,3	16,9	42,1	1,71	1,02	0,68	0,40	28	30	09:19:08	185
22:49	0	205	40,6	3506	3167	0,90	37	2548	95,1	17,3	41,6	1,61	0,99	0,62	0,39	27	30	09:19:10	185
22:51	0	205	41,1	3553	3223	0,91	35	2725	96,0	17,6	41,0	1,70	1,03	0,68	0,40	27	30	09:19:12	185
22:53	0	205	41,2	3563	3252	0,91	33	2895	96,6	17,6	40,6	1,80	1,06	0,73	0,41	27	30	09:19:14	184
22:54	0	205	41,2	3563	3252	0,91	33	2895	96,6	17,6	40,6	1,80	1,06	0,73	0,41	27	30	09:19:15	184
22:56	0	205	41,1	3554	3242	0,91	34	2882	96,7	17,6	40,6	1,79	1,05	0,73	0,41	27	30	09:19:17	184
22:58	0	205	41,5	3584	3250	0,91	36	2735	97,1	17,7	40,3	1,69	1,03	0,66	0,39	27	30	09:19:19	184
22:59	0	205	41,7	3607	3261	0,90	36	2678	97,0	17,8	40,4	1,66	1,02	0,63	0,38	27	30	09:19:20	184
23:02	0	205	41,3	3570	3246	0,91	35	2786	96,6	17,7	40,6	1,73	1,04	0,69	0,40	27	30	09:19:23	184
23:03	0	205	41,5	3587	3274	0,91	34	2840	97,2	17,8	40,3	1,75	1,06	0,69	0,39	27	30	09:19:24	184
23:04	0	205	42,5	3669	3309	0,90	37	2662	97,9	18,1	39,9	1,63	1,02	0,61	0,37	27	30	09:19:25	183
23:06	0	205	41,5	3583	3227	0,90	36	2650	96,2	17,7	40,9	1,65	1,02	0,64	0,38	27	30	09:19:27	183
23:08	0	205	41,1	3551	3214	0,91	35	2728	95,4	17,6	41,4	1,72	1,06	0,66	0,38	27	30	09:19:29	183
23:10	0	205	40,2	3475	3145	0,91	34	2727	93,3	17,2	42,7	1,75	1,09	0,67	0,38	27	30	09:19:31	183
23:12	0	205	39,0	3372	3070	0,91	32	2802	90,8	16,7	44,2	1,85	1,12	0,73	0,40	27	30	09:19:33	183
23:13	0	205	38,4	3314	2971	0,90	33	2670	87,5	16,4	46,3	1,83	1,17	0,67	0,36	26	29	09:19:34	183
23:15	0	205	38,8	3350	2998	0,89	31	2804	87,4	16,5	46,3	1,93	1,20	0,72	0,37	26	29	09:19:36	183
23:17	0	205	38,8	3349	2998	0,89	31	2804	87,4	16,5	46,3	1,93	1,20	0,72	0,37	26	29	09:19:38	183
23:18	0	205	38,5	3331	2962	0,89	32	2677	86,8	16,4	46,7	1,85	1,17	0,68	0,37	26	29	09:19:39	183
23:21	0	205	38,4	3318	2963	0,89	32	2753	86,8	16,4	46,6	1,90	1,18	0,72	0,38	26	29	09:19:42	183
23:22	0	205	39,4	3400	3021	0,89	33	2698	88,8	16,8	45,5	1,82	1,13	0,69	0,38	26	29	09:19:43	183
23:23	0	205	41,7	3600	3182	0,88	38	2531	95,1	17,7	41,5	1,60	0,98	0,62	0,39	26	30	09:19:44	184
23:24	0	205	42,5	3669	3236	0,88	38	2512	96,0	18,0	41,0	1,57	0,97	0,60	0,38	26	30	09:19:45	183
23:26	0	205	40,8	3527	3131	0,89	40	2402	95,5	17,4	41,3	1,51	0,94	0,57	0,38	27	30	09:19:47	184
23:28	0	205	40,0	3458	3112	0,90	37	2564	94,3	17,1	42,1	1,63	1,02	0,61	0,38	27	30	09:19:49	184
23:29	0	205	40,1	3463	3114	0,90	37	2533	93,7	17,1	42,4	1,62	1,02	0,60	0,37	27	30	09:19:50	185
23:32	0	205	39,8	3442	3074	0,89	39	2391	93,0	17,0	42,8	1,54	0,99	0,55	0,36	27	30	09:19:53	184
23:33	0	205	39,5	3413	2988	0,88	40	2235	89,4	16,8	45,1	1,50	0,98	0,52	0,35	26	30	09:19:54	185
23:35	0	205	39,5	3411	2987	0,88	40	2235	89,4	16,8	45,1	1,50	0,98	0,52	0,35	26	30	09:19:56	184
23:36	0	205	40,4	3492	3026	0,87	39	2318	89,4	17,1	45,1	1,56	1,00	0,56	0,36	26	30	09:19:57	185
23:38	0	205	41,5	3587	3090	0,86	39	2325	91,6	17,6	43,7	1,52	0,98	0,54	0,36	26	30	09:19:59	184
23:39	0	205	42,1	3638	3153	0,87	39	2403	93,9	17,8	42,3	1,54	0,97	0,57	0,37	26	30	09:20:00	184
23:41	0	205	43,2	3729	3216	0,86	41	2333	96,3	18,3	40,8	1,45	0,91	0,54	0,37	26	30	09:20:02	184
23:42	0	205	43,7	3773	3310	0,88	42	2405	101,2	18,5	37,8	1,43	0,88	0,54	0,38	27	31	09:20:03	184
23:43	0	205	44,1	3811	3293	0,86	46	2204	101,0	18,7	38,0	1,31	0,82	0,49	0,38	26	31	09:20:04	184
23:44	0	205	43,3	3741	3281	0,88	48	2129	102,3	18,4	37,1	1,25	0,78	0,47	0,38	27	31	09:20:05	184
23:45	0	205	43,3	3742	3281	0,88	48	2129	102,3	18,4	37,1	1,25	0,78	0,47	0,38	27	31	09:20:06	184
23:47	0	205	43,3	3738	3289	0,88	50	2046	103,2	18,4	36,6	1,19	0,74	0,45	0,38	28	31	09:20:08	184
23:48	0	205	43,3	3739	3290	0,88	50	2046	103,2	18,4	36,6	1,19	0,74	0,45	0,38	28	31	09:20:09	184
23:49	0	205	43,0	3712	3299	0,89	48	2137	103,6	18,3	36,4	1,24	0,77	0,46	0,37	28	31	09:20:10	184
23:51	0	205	42,2	3643	3258	0,89	47	2181	102,4	18,0	37,1	1,28	0,79	0,49	0,38	28	31	09:20:12	185
23:52	0	205	41,4	3576	3213	0,90	47	2169	101,5	17,7	37,6	1,28	0,80	0,48	0,38	28	32	09:20:13	185
