TEMPS	Vitesse	PUIS.	VO2/KG	VO2	VCO2	Q.R	FR	Vt	VE	KCal	Rés.V.	Ttot	Te	Ti	Ti/Ttot	VE/VO2	VE/VCO2	Horloge	FC
(min)	(RPM)	(Watts)	(mL/kg/min)	(mL/min)	(mL/min)		(br/min)	(mL)	(L/min)	(KCal/min)	(%)	(sec)	(sec)	(sec)				(Minuterie)	(BPM)
0:43	0	100	1,8	132	97	0,74	2	2183	3,9	0,6	97,5	33,97	32,30	1,67	0,05	29	40	09:28:19	98
0:44	0	100	13,9	996	670	0,67	32	549	17,7	4,7	88,6	1,86	1,51	0,35	0,19	18	26	09:28:20	109
0:48	0	100	13,8	990	667	0,67	32	549	17,7	4,6	88,6	1,86	1,51	0,35	0,19	18	27	09:28:24	109
0:51	0	100	15,8	1131	761	0,67	22	892	19,6	5,3	87,4	2,73	2,07	0,65	0,24	17	26	09:28:27	109
0:54	0	100	17,5	1255	854	0,68	22	974	21,5	5,9	86,2	2,72	1,94	0,77	0,28	17	25	09:28:30	110
0:56	0	100	19,5	1400	998	0,71	22	1139	24,6	6,6	84,3	2,78	1,91	0,87	0,31	18	25	09:28:32	111
1:00	0	100	17,0	1223	880	0,72	20	1093	22,2	5,8	85,8	2,96	2,13	0,83	0,28	18	25	09:28:36	112
1:02	0	100	17,0	1224	880	0,72	20	1093	22,2	5,8	85,8	2,96	2,13	0,83	0,28	18	25	09:28:38	115
1:05	0	100	18,6	1335	982	0,74	19	1282	24,7	6,3	84,2	3,12	2,15	0,96	0,31	18	25	09:28:41	115
1:07	0	100	21,2	1525	1148	0,75	21	1385	28,4	7,3	81,8	2,92	1,94	0,98	0,33	19	25	09:28:43	116
1:10	0	100	21,2	1520	1187	0,78	20	1450	29,7	7,3	81,0	2,93	2,04	0,89	0,30	20	25	09:28:46	116
1:13	0	100	21,3	1531	1216	0,79	20	1495	29,8	7,4	80,9	3,01	2,19	0,81	0,27	19	25	09:28:49	117
1:16	0	100	21,5	1541	1284	0,83	19	1651	31,8	7,5	79,6	3,12	2,19	0,92	0,30	21	25	09:28:52	117
1:19	0	100	24,3	1743	1493	0,86	21	1771	36,9	8,5	76,4	2,88	1,94	0,94	0,33	21	25	09:28:55	117
1:21	0	100	24,2	1737	1516	0,87	21	1771	37,3	8,5	76,1	2,85	1,87	0,98	0,34	21	25	09:28:57	118
1:24	0	100	22,3	1600	1436	0,90	21	1715	35,9	7,9	77,0	2,87	1,98	0,89	0,31	22	25	09:29:00	118
1:29	0	100	21,4	1536	1397	0,91	19	1752	34,0	7,6	78,2	3,09	2,20	0,89	0,29	22	24	09:29:05	119
1:32	0	100	20,9	1500	1383	0,92	19	1740	33,1	7,4	78,8	3,15	2,18	0,98	0,31	22	24	09:29:08	121
1:35	0	100	20,4	1468	1383	0,94	19	1723	33,6	7,3	78,5	3,08	2,07	1,01	0,33	23	24	09:29:11	122
1:38	0	100	20,4	1468	1383	0,94	19	1723	33,6	7,3	78,5	3,08	2,07	1,01	0,33	23	24	09:29:14	122
1:41	0	100	21,1	1515	1427	0,94	19	1786	33,8	7,6	78,3	3,17	2,12	1,05	0,33	22	24	09:29:17	123
1:44	0	100	21,3	1531	1446	0,94	18	1840	33,7	7,6	78,4	3,28	2,08	1,20	0,36	22	23	09:29:20	123
1:46	0	100	22,2	1597	1520	0,95	19	1864	35,7	8,0	77,1	3,14	1,99	1,14	0,36	22	23	09:29:22	123
1:48	0	100	23,0	1649	1566	0,95	22	1695	36,7	8,2	76,5	2,77	1,79	0,98	0,35	22	23	09:29:24	124
1:50	0	100	23,5	1684	1609	0,96	24	1625	38,2	8,4	75,5	2,55	1,72	0,83	0,32	23	24	09:29:26	123
1:53	0	100	23,1	1657	1597	0,96	23	1619	37,7	8,3	75,8	2,57	1,63	0,94	0,37	23	24	09:29:29	124
1:56	0	100	23,1	1658	1597	0,96	23	1619	37,7	8,3	75,8	2,57	1,63	0,94	0,37	23	24	09:29:32	124
1:59	0	100	22,3	1603	1556	0,97	23	1582	37,1	8,0	76,2	2,56	1,60	0,96	0,37	23	24	09:29:35	124
2:02	0	100	21,2	1520	1488	0,98	23	1583	36,2	7,6	76,8	2,62	1,75	0,88	0,33	24	24	09:29:38	124
2:03	0	100	21,2	1525	1497	0,98	23	1585	36,6	7,7	76,5	2,60	1,72	0,88	0,34	24	24	09:29:39	124
2:06	0	100	21,3	1526	1516	0,99	23	1622	38,1	7,7	75,6	2,55	1,63	0,92	0,36	25	25	09:29:42	124
2:07	0	100	21,7	1560	1566	1,00	24	1691	39,9	7,9	74,4	2,54	1,62	0,92	0,36	26	25	09:29:43	124
2:10	0	100	21,6	1552	1588	1,02	25	1676	41,4	7,8	73,5	2,43	1,58	0,85	0,35	27	26	09:29:46	124
2:12	0	100	23,0	1652	1714	1,04	24	1817	43,2	8,3	72,4	2,53	1,68	0,84	0,33	26	25	09:29:48	125
2:15	0	100	23,6	1693	1801	1,06	25	1804	45,9	8,6	70,6	2,36	1,54	0,82	0,35	27	25	09:29:51	126
2:17	0	100	24,3	1748	1852	1,06	26	1783	47,1	8,8	69,8	2,27	1,51	0,76	0,34	27	25	09:29:53	126
2:20	0	100	21,4	1540	1660	1,08	27	1672	44,4	7,8	71,6	2,26	1,46	0,80	0,36	29	27	09:29:56	126
2:22	0	100	20,6	1478	1608	1,09	27	1582	42,3	7,5	72,9	2,24	1,49	0,76	0,34	29	26	09:29:58	126
2:25	0	100	19,6	1405	1515	1,08	25	1527	38,7	7,1	75,2	2,37	1,51	0,85	0,36	28	26	09:30:01	126
2:27	0	100	20,3	1455	1537	1,06	26	1500	38,5	7,3	75,3	2,34	1,49	0,84	0,36	26	25	09:30:03	127
2:29	0	100	20,3	1454	1537	1,06	26	1500	38,5	7,3	75,3	2,34	1,49	0,84	0,36	26	25	09:30:05	127
2:32	0	100	20,8	1491	1533	1,03	25	1497	37,2	7,5	76,2	2,41	1,50	0,91	0,38	25	24	09:30:08	127
2:35	0	100	21,0	1511	1515	1,00	25	1465	36,1	7,6	76,9	2,44	1,50	0,93	0,38	24	24	09:30:11	127
2:38	0	100	21,9	1574	1585	1,01	26	1472	38,1	7,9	75,6	2,32	1,47	0,85	0,36	24	24	09:30:14	127
2:47	0	100	22,7	1632	1621	0,99	26	1484	38,9	8,2	75,1	2,29	1,46	0,83	0,36	24	24	09:30:23	127
2:50	0	100	22,5	1613	1601	0,99	25	1524	38,4	8,1	75,4	2,38	1,52	0,86	0,36	24	24	09:30:26	127
2:52	0	100	22,7	1629	1607	0,99	25	1546	38,4	8,2	75,4	2,42	1,54	0,88	0,36	24	24	09:30:28	127
2:55	0	100	23,0	1650	1631	0,99	23	1715	38,9	8,3	75,1	2,64	1,69	0,95	0,36	24	24	09:30:31	127
2:58	0	100	24,0	1723	1724	1,00	22	1894	42,1	8,7	73,1	2,70	1,75	0,95	0,35	24	24	09:30:34	127
3:01	0	100	23,6	1693	1704	1,01	22	1886	41,9	8,5	73,2	2,70	1,74	0,96	0,36	25	25	09:30:37	127
3:03	0	100	24,3	1742	1731	0,99	24	1778	42,2	8,8	73,0	2,53	1,58	0,95	0,38	24	24	09:30:39	129
3:06	0	100	23,6	1693	1698	1,00	22	1871	41,1	8,5	73,7	2,73	1,72	1,01	0,37	24	24	09:30:42	129
3:09	0	100	24,2	1738	1742	1,00	21	1956	41,8	8,8	73,2	2,81	1,75	1,06	0,38	24	24	09:30:45	129
3:11	0	100	23,9	1718	1741	1,01	21	1992	42,0	8,7	73,1	2,85	1,77	1,08	0,38	24	24	09:30:47	129
3:13	0	100	23,6	1693	1730	1,02	22	1925	42,4	8,5	72,9	2,73	1,75	0,98	0,36	25	24	09:30:49	129
3:15	0	100	23,6	1694	1720	1,02	24	1734	41,7	8,6	73,3	2,49	1,64	0,85	0,34	25	24	09:30:51	131
3:18	0	100	23,6	1694	1720	1,02	24	1734	41,7	8,6	73,3	2,49	1,64	0,85	0,34	25	24	09:30:54	132
3:20	0	100	23,0	1652	1679	1,02	24	1698	40,9	8,3	73,8	2,49	1,64	0,86	0,34	25	24	09:30:56	132
3:22	0	100	24,1	1728	1743	1,01	26	1666	42,9	8,7	72,5	2,33	1,52	0,80	0,35	25	25	09:30:58	132
3:25	0	100	24,2	1734	1770	1,02	25	1748	44,1	8,8	71,8	2,38	1,56	0,82	0,35	25	25	09:31:01	132
3:28	0	100	24,1	1730	1772	1,02	25	1744	44,0	8,7	71,8	2,38	1,58	0,80	0,34	25	25	09:31:04	132
3:30	0	100	23,5	1687	1731	1,03	25	1736	42,8	8,5	72,6	2,43	1,60	0,83	0,34	25	25	09:31:06	130
3:33	0	100	23,0	1654	1711	1,03	23	1813	42,5	8,4	72,8	2,56	1,66	0,90	0,35	26	25	09:31:09	130
3:36	0	100	23,0	1654	1711	1,03	23	1813	42,5	8,4	72,8	2,56	1,66	0,90	0,35	26	25	09:31:12	130
3:40	0	100	23,0	1651	1715	1,04	21	1957	42,0	8,3	73,1	2,80	1,79	1,00	0,36	25	24	09:31:16	130
3:43	0	100	22,6	1623	1683	1,04	21	1945	40,8	8,2	73,9	2,86	1,89	0,97	0,34	25	24	09:31:19	130
3:47	0	100	22,5	1617	1692	1,05	19	2152	40,7	8,2	73,9	3,17	2,14	1,04	0,33	25	24	09:31:23	129
3:51	0	100	22,4	1609	1678	1,04	18	2201	39,7	8,1	74,6	3,33	2,22	1,11	0,33	25	24	09:31:27	131
3:53	0	100	22,2	1595	1660	1,04	18	2175	39,1	8,1	74,9	3,34	2,25	1,09	0,33	25	24	09:31:29	131
Départ Exercice																			
3:55	0	150	22,2	1595	1660	1,04	18	2175	39,1	8,1	74,9	3,34	2,25	1,09	0,33	25	24	09:31:31	132
3:58	0	150	22,9	1646	1710	1,04	19	2122	41,2	8,3	73,6	3,09	2,09	1,00	0,32	25	24	09:31:34	132
4:01	0	150	22,1	1590	1657	1,04	19	2087	39,7	8,0	74,6	3,15	2,17	0,98	0,31	25	24	09:31:37	132
4:03	0	150	23,0	1652	1699	1,03	20	1996	40,8	8,3	73,8	2,93	2,00	0,93	0,32	25	24	09:31:39	132
4:06	0	150	24,0	1720	1722	1,00	24	1760	41,6	8,7	73,4	2,54	1,72	0,82	0,32	24	24	09:31:42	132
4:08	0	150	25,1	1801	1791	0,99	26	1702	43,9	9,1	71,8	2,32	1,56	0,77	0,33	24	25	09:31:44	132
4:11	0	150	25,6	1838	1830	1,00	26	1726	44,8	9,3	71,3	2,31	1,54	0,77	0,34	24	24	09:31:47	132
4:13	0	150	25,2	1807	1806	1,00	26	1723	44,0	9,1	71,8	2,35	1,57	0,78	0,33	24	24	09:31:49	131
4:16	0	150	25,4	1826	1834	1,00	24	1849	43,9	9,2	71,9	2,53	1,70	0,83	0,33	24	24	09:31:52	134
4:19	0	150	25,4	1826	1834	1,00	24	1849	43,9	9,2	71,9	2,53	1,70	0,83	0,33	24	24	09:31:55	136
4:22	0	150	24,4	1755	1774	1,01	23	1840	42,5	8,9	72,8	2,60	1,72	0,88	0,34	24	24	09:31:58	140
4:26	0	150	24,0	1723	1749	1,02	22	1884	40,7	8,7	73,9	2,78	1,87	0,91	0,33	24	23	09:32:02	140
4:29	0	150	24,8	1782	1810	1,02	21	1995	41,7	9,0	73,3	2,87	1,95	0,92	0,32	23	23	09:32:05	140
4:31	0	150	24,6	1765	1791	1,01	21	1952	41,6	8,9	73,4	2,82	1,90	0,92	0,33	24	23	09:32:07	140
4:32	0	150	23,8	1709	1751	1,02	20	2007	40,5	8,6	74,0	2,97	2,00	0,97	0,33	24	23	09:32:08	140
4:35	0	150	23,8	1707	1755	1,03	20	2045	40,8	8,6	73,8	3,00	1,98	1,02	0,34	24	23	09:32:11	140
4:37	0	150	24,8	1780	1823	1,02	21	2017	43,2	9,0	72,4	2,80	1,80	1,00	0,36	24	24	09:32:13	140
4:39	0	150	26,0	1865	1895	1,02	23	1940	45,1	9,4	71,1	2,58	1,66	0,92	0,36	24	24	09:32:15	140
4:40	0	150	25,7	1847	1863	1,01	27	1722	46,2	9,3	70,4	2,24	1,46	0,78	0,35	25	25	09:32:16	140
4:43	0	150	25,9	1859	1888	1,02	27	1718	46,5	9,4	70,2	2,22	1,51	0,70	0,32	25	25	09:32:19	140
4:45	0	150	26,9	1931	1969	1,02	27	1780	48,2	9,8	69,1	2,22	1,51	0,70	0,32	25	24	09:32:21	140
4:49	0	150	27,0	1936	1998	1,03	24	1996	47,3	9,8	69,7	2,53	1,60	0,93	0,37	24	24	09:32:25	140
4:51	0	150	26,1	1872	1928	1,03	23	1991	45,3	9,5	70,9	2,63	1,70	0,93	0,35	24	24	09:32:27	141
4:54	0	150	26,6	1912	1959	1,02	23	2010	45,3	9,7	71,0	2,66	1,75	0,91	0,34	24	23	09:32:30	141
4:56	0	150	26,5	1906	1952	1,02	23	1989	45,2	9,6	71,0	2,64	1,74	0,90	0,34	24	23	09:32:32	144
4:58	0	150	26,6	1906	1952	1,02	23	1989	45,2	9,6	71,0	2,64	1,74	0,90	0,34	24	23	09:32:34	144
5:00	0	150	26,9	1933	1953	1,01	24	1878	45,2	9,8	71,0	2,49	1,60	0,89	0,36	23	23	09:32:36	144
5:02	0	150	26,4	1892	1912	1,01	24	1820	44,5	9,6	71,5	2,46	1,59	0,87	0,35	23	23	09:32:38	144
5:05	0	150	27,1	1949	1985	1,02	25	1864	47,1	9,8	69,8	2,38	1,58	0,80	0,34	24	24	09:32:41	145
5:08	0	150	26,9	1930	1991	1,03	25	1879	47,6	9,7	69,5	2,37	1,58	0,79	0,33	25	24	09:32:44	145
5:10	0	150	26,7	1914	1996	1,04	26	1853	47,6	9,7	69,5	2,33	1,56	0,78	0,33	25	24	09:32:46	146
5:12	0	150	26,8	1924	2016	1,05	26	1842	48,1	9,7	69,2	2,30	1,52	0,77	0,34	25	24	09:32:48	147
5:14	0	150	28,8	2070	2149	1,04	27	1869	51,1	10,5	67,2	2,19	1,42	0,77	0,35	25	24	09:32:50	147
5:16	0	150	27,1	1943	2027	1,04	27	1790	48,6	9,8	68,9	2,21	1,41	0,80	0,36	25	24	09:32:52	147
5:20	0	150	26,8	1925	2047	1,06	23	2099	48,0	9,7	69,2	2,62	1,68	0,94	0,36	25	23	09:32:56	147
5:23	0	150	26,9	1928	2031	1,05	22	2072	46,5	9,7	70,2	2,67	1,76	0,91	0,34	24	23	09:32:59	149
5:26	0	150	27,1	1944	2034	1,05	21	2165	45,7	9,8	70,7	2,84	1,86	0,98	0,34	24	22	09:33:02	149
5:30	0	150	26,8	1922	1993	1,04	20	2260	44,4	9,7	71,5	3,05	1,97	1,08	0,35	23	22	09:33:06	151
5:33	0	150	25,8	1855	1932	1,04	19	2238	43,3	9,4	72,3	3,10	1,99	1,12	0,36	23	22	09:33:09	151
5:36	0	150	25,8	1856	1932	1,04	19	2238	43,3	9,4	72,3	3,10	1,99	1,12	0,36	23	22	09:33:12	151
5:39	0	150	26,8	1922	1995	1,04	18	2432	44,2	9,7	71,7	3,30	2,11	1,19	0,36	23	22	09:33:15	151
5:42	0	150	28,2	2027	2080	1,03	20	2295	46,2	10,2	70,4	2,98	1,90	1,08	0,36	23	22	09:33:18	150
5:45	0	150	27,9	2006	2085	1,04	20	2389	47,0	10,1	69,9	3,05	1,94	1,11	0,36	23	23	09:33:21	151
5:48	0	150	28,5	2048	2147	1,05	20	2465	48,4	10,3	69,0	3,06	1,97	1,09	0,36	24	23	09:33:24	151
5:51	0	150	29,2	2096	2217	1,06	20	2509	50,3	10,6	67,7	2,99	1,94	1,05	0,35	24	23	09:33:27	152
5:54	0	150	29,8	2142	2256	1,05	21	2435	51,5	10,8	67,0	2,83	1,84	1,00	0,35	24	23	09:33:30	152
5:57	0	150	28,6	2054	2179	1,06	20	2492	49,6	10,4	68,2	3,01	1,96	1,06	0,35	24	23	09:33:33	152
6:00	0	150	27,8	1999	2145	1,07	20	2473	48,7	10,1	68,8	3,05	2,01	1,04	0,34	24	23	09:33:36	152
6:03	0	150	26,9	1933	2067	1,07	20	2378	46,8	9,8	70,0	3,05	2,04	1,00	0,33	24	23	09:33:39	152
6:05	0	150	27,7	1992	2119	1,06	20	2350	48,0	10,1	69,2	2,94	1,95	0,99	0,34	24	23	09:33:41	153
6:08	0	150	28,9	2076	2190	1,05	22	2301	49,5	10,5	68,3	2,79	1,86	0,93	0,33	24	23	09:33:44	153
6:10	0	150	27,4	1971	2077	1,05	21	2225	46,5	10,0	70,2	2,87	1,83	1,04	0,36	24	22	09:33:46	154
6:12	0	150	28,0	2012	2112	1,05	21	2226	46,7	10,2	70,1	2,86	1,80	1,06	0,37	23	22	09:33:48	153
6:15	0	150	29,4	2109	2195	1,04	23	2185	49,2	10,6	68,5	2,66	1,67	0,99	0,37	23	22	09:33:51	154
6:17	0	150	30,3	2172	2262	1,04	24	2139	51,8	11,0	66,8	2,48	1,62	0,85	0,34	24	23	09:33:53	154
6:20	0	150	31,6	2271	2388	1,05	25	2236	54,8	11,5	64,9	2,45	1,60	0,84	0,35	24	23	09:33:56	154
6:22	0	150	30,4	2186	2309	1,06	24	2214	53,2	11,0	65,9	2,50	1,61	0,89	0,36	24	23	09:33:58	154
6:25	0	150	30,3	2175	2307	1,06	24	2218	53,3	11,0	65,8	2,50	1,57	0,92	0,37	25	23	09:34:01	154
6:27	0	150	30,9	2221	2373	1,07	24	2312	54,9	11,2	64,8	2,53	1,62	0,91	0,36	25	23	09:34:03	154
6:30	0	150	30,6	2196	2366	1,08	24	2335	55,1	11,1	64,7	2,54	1,67	0,87	0,34	25	23	09:34:06	155
6:32	0	150	29,9	2150	2331	1,08	23	2328	54,5	10,9	65,1	2,56	1,68	0,88	0,35	25	23	09:34:08	155
6:34	0	150	30,0	2150	2360	1,10	24	2333	56,6	10,9	63,7	2,47	1,64	0,83	0,33	26	24	09:34:10	158
6:37	0	150	29,7	2131	2318	1,09	24	2263	55,1	10,8	64,7	2,47	1,60	0,87	0,35	26	24	09:34:13	158
6:40	0	150	29,0	2086	2302	1,10	24	2276	55,5	10,5	64,4	2,46	1,59	0,87	0,35	27	24	09:34:16	159
6:43	0	150	29,1	2086	2302	1,10	24	2276	55,5	10,5	64,4	2,46	1,59	0,87	0,35	27	24	09:34:19	159
6:46	0	150	29,2	2098	2304	1,10	23	2361	54,9	10,6	64,8	2,58	1,64	0,94	0,36	26	24	09:34:22	159
6:49	0	150	29,1	2091	2288	1,09	23	2346	54,6	10,6	65,1	2,58	1,63	0,95	0,37	26	24	09:34:25	159
6:51	0	150	30,9	2219	2382	1,07	23	2423	54,8	11,2	64,9	2,65	1,70	0,95	0,36	25	23	09:34:27	159
6:54	0	150	30,2	2170	2334	1,08	22	2470	53,4	11,0	65,8	2,77	1,76	1,02	0,37	25	23	09:34:30	160
6:56	0	150	31,0	2228	2387	1,07	22	2480	54,7	11,3	65,0	2,72	1,77	0,95	0,35	25	23	09:34:32	160
6:59	0	150	31,6	2268	2427	1,07	23	2459	55,5	11,5	64,5	2,66	1,77	0,89	0,33	24	23	09:34:35	160
7:03	0	150	29,5	2120	2312	1,09	23	2400	54,6	10,7	65,1	2,64	1,75	0,89	0,34	26	24	09:34:39	160
7:06	0	150	30,0	2156	2346	1,09	23	2405	54,4	10,9	65,1	2,65	1,78	0,87	0,33	25	23	09:34:42	161
7:08	0	150	30,1	2163	2349	1,09	22	2453	54,4	10,9	65,1	2,70	1,75	0,95	0,35	25	23	09:34:44	162
7:11	0	150	29,8	2138	2317	1,08	22	2472	53,4	10,8	65,8	2,78	1,76	1,02	0,37	25	23	09:34:47	162
7:15	0	150	29,0	2079	2261	1,09	20	2572	51,9	10,5	66,8	2,98	1,89	1,08	0,36	25	23	09:34:51	162
7:17	0	150	29,0	2079	2260	1,09	20	2572	51,9	10,5	66,8	2,98	1,89	1,08	0,36	25	23	09:34:53	160
7:20	0	150	29,4	2108	2276	1,08	19	2686	51,6	10,6	66,9	3,12	1,96	1,16	0,37	24	23	09:34:56	160
7:24	0	150	30,2	2167	2331	1,08	20	2684	53,2	10,9	65,9	3,03	1,92	1,10	0,36	25	23	09:35:00	159
7:26	0	150	29,9	2150	2312	1,07	20	2617	53,4	10,9	65,8	2,94	1,88	1,06	0,36	25	23	09:35:02	159
7:28	0	150	30,2	2170	2319	1,07	22	2487	53,7	11,0	65,6	2,78	1,85	0,93	0,33	25	23	09:35:04	159
7:30	0	150	28,5	2050	2199	1,07	21	2467	51,0	10,4	67,3	2,90	1,97	0,94	0,32	25	23	09:35:06	160
7:33	0	150	31,6	2270	2400	1,06	22	2512	55,0	11,5	64,8	2,74	1,87	0,87	0,32	24	23	09:35:09	161
7:35	0	150	31,6	2271	2414	1,06	22	2520	55,8	11,5	64,3	2,71	1,82	0,89	0,33	25	23	09:35:11	160
7:37	0	150	32,2	2314	2464	1,06	24	2400	58,3	11,7	62,7	2,47	1,68	0,79	0,32	25	24	09:35:13	160
7:39	0	150	32,8	2356	2496	1,06	26	2253	58,7	11,9	62,4	2,30	1,52	0,78	0,34	25	24	09:35:15	160
7:41	0	150	33,4	2395	2542	1,06	27	2196	60,2	12,1	61,5	2,19	1,44	0,75	0,34	25	24	09:35:17	160
7:44	0	150	33,7	2418	2597	1,07	27	2309	61,8	12,2	60,4	2,24	1,45	0,79	0,35	26	24	09:35:20	160
7:46	0	150	33,4	2397	2599	1,08	26	2411	62,8	12,1	59,7	2,30	1,51	0,79	0,34	26	24	09:35:22	161
7:49	0	150	31,7	2274	2501	1,10	26	2392	61,6	11,5	60,5	2,33	1,53	0,80	0,34	27	25	09:35:25	161
7:52	0	150	30,5	2192	2416	1,10	25	2369	58,7	11,1	62,4	2,42	1,55	0,87	0,36	27	24	09:35:28	162
7:54	0	150	30,3	2175	2381	1,09	25	2327	57,8	11,0	63,0	2,42	1,56	0,86	0,36	27	24	09:35:30	163
7:56	0	150	31,4	2251	2464	1,09	25	2385	60,0	11,4	61,6	2,38	1,58	0,80	0,34	27	24	09:35:32	163
7:59	0	150	30,3	2174	2379	1,09	24	2429	58,0	11,0	62,9	2,51	1,68	0,84	0,33	27	24	09:35:35	163
8:02	0	150	29,6	2127	2316	1,09	23	2423	55,9	10,7	64,2	2,60	1,70	0,90	0,35	26	24	09:35:38	163
8:04	0	150	30,1	2160	2331	1,08	23	2377	55,5	10,9	64,4	2,57	1,71	0,86	0,33	26	24	09:35:40	163
8:08	0	150	30,5	2193	2372	1,08	22	2537	56,4	11,1	63,9	2,70	1,75	0,95	0,35	26	24	09:35:44	165
8:11	0	150	30,5	2193	2372	1,08	22	2537	56,4	11,1	63,9	2,70	1,75	0,95	0,35	26	24	09:35:47	164
8:14	0	150	30,2	2167	2354	1,09	21	2596	55,6	10,9	64,4	2,80	1,78	1,03	0,37	26	24	09:35:50	163
8:16	0	150	30,2	2167	2354	1,09	21	2596	55,6	10,9	64,4	2,80	1,78	1,03	0,37	26	24	09:35:52	163
8:18	0	150	30,9	2218	2408	1,09	22	2590	57,3	11,2	63,3	2,71	1,71	1,00	0,37	26	24	09:35:54	163
8:21	0	150	30,8	2208	2413	1,09	22	2638	58,2	11,2	62,7	2,72	1,76	0,96	0,35	26	24	09:35:57	163
8:24	0	150	30,1	2160	2353	1,09	21	2634	56,1	10,9	64,0	2,82	1,79	1,02	0,36	26	24	09:36:00	163
8:27	0	150	29,6	2124	2296	1,08	22	2511	54,3	10,7	65,2	2,77	1,79	0,98	0,35	26	24	09:36:03	163
8:29	0	150	29,9	2146	2321	1,08	23	2446	56,0	10,8	64,1	2,62	1,72	0,90	0,34	26	24	09:36:05	163
8:31	0	150	30,2	2168	2338	1,08	24	2340	56,9	10,9	63,5	2,47	1,66	0,81	0,33	26	24	09:36:07	164
8:35	0	150	29,3	2106	2286	1,09	22	2489	54,8	10,6	64,9	2,73	1,77	0,96	0,35	26	24	09:36:11	164
8:38	0	150	29,0	2081	2251	1,08	21	2587	53,2	10,5	65,9	2,92	1,82	1,10	0,38	26	24	09:36:14	164
8:40	0	150	29,4	2111	2267	1,07	22	2457	53,3	10,7	65,9	2,77	1,71	1,06	0,38	25	24	09:36:16	165
8:42	0	150	30,0	2154	2287	1,06	24	2277	54,3	10,9	65,2	2,52	1,60	0,92	0,36	25	24	09:36:18	166
8:45	0	150	30,5	2189	2316	1,06	24	2292	55,2	11,1	64,6	2,49	1,59	0,90	0,36	25	24	09:36:21	165
8:48	0	150	31,1	2233	2363	1,06	24	2340	55,9	11,3	64,2	2,51	1,58	0,93	0,37	25	24	09:36:24	165
8:51	0	150	30,1	2159	2313	1,07	21	2560	54,5	10,9	65,1	2,82	1,73	1,08	0,38	25	24	09:36:27	165
8:54	0	150	31,5	2261	2378	1,05	22	2497	56,0	11,4	64,1	2,68	1,64	1,04	0,39	25	24	09:36:30	165
8:57	0	150	31,4	2253	2369	1,05	23	2462	56,8	11,4	63,6	2,60	1,64	0,96	0,37	25	24	09:36:33	166
8:59	0	150	30,6	2195	2324	1,06	23	2412	56,2	11,1	64,0	2,57	1,67	0,91	0,35	26	24	09:36:35	166
9:02	0	150	30,9	2221	2351	1,06	23	2497	56,6	11,2	63,7	2,65	1,72	0,93	0,35	25	24	09:36:38	166
9:04	0	150	31,0	2225	2350	1,06	23	2428	56,4	11,2	63,8	2,58	1,66	0,92	0,36	25	24	09:36:40	166
9:07	0	150	31,0	2225	2350	1,06	23	2482	56,8	11,2	63,6	2,62	1,69	0,93	0,36	26	24	09:36:43	166
9:10	0	150	31,0	2226	2350	1,06	23	2482	56,8	11,2	63,6	2,62	1,69	0,93	0,36	26	24	09:36:46	167
9:13	0	150	31,0	2226	2350	1,06	23	2482	56,8	11,2	63,6	2,62	1,69	0,93	0,36	26	24	09:36:49	167
9:15	0	150	31,4	2252	2391	1,06	23	2546	58,0	11,4	62,8	2,63	1,72	0,92	0,35	26	24	09:36:51	167
9:18	0	150	31,0	2223	2370	1,07	22	2547	57,2	11,2	63,4	2,67	1,75	0,92	0,35	26	24	09:36:54	167
9:22	0	150	30,0	2154	2289	1,06	22	2524	54,7	10,9	65,0	2,77	1,71	1,06	0,38	25	24	09:36:58	167
9:24	0	150	30,5	2189	2322	1,06	22	2560	55,4	11,1	64,5	2,77	1,75	1,02	0,37	25	24	09:37:00	168
9:27	0	150	31,6	2267	2365	1,04	22	2546	55,5	11,5	64,5	2,75	1,73	1,03	0,37	24	23	09:37:03	168
9:29	0	150	33,2	2383	2477	1,04	23	2570	58,8	12,0	62,3	2,62	1,74	0,88	0,34	25	24	09:37:05	168
9:32	0	150	32,6	2341	2444	1,04	22	2588	58,2	11,8	62,7	2,67	1,76	0,91	0,34	25	24	09:37:08	168
9:35	0	150	32,1	2308	2411	1,04	22	2589	56,6	11,7	63,8	2,75	1,86	0,89	0,32	25	23	09:37:11	168
9:38	0	150	33,1	2374	2494	1,05	21	2761	59,2	12,0	62,1	2,80	1,87	0,93	0,33	25	24	09:37:14	168
9:41	0	150	33,2	2383	2513	1,05	21	2815	60,1	12,0	61,5	2,81	1,82	0,99	0,35	25	24	09:37:17	169
9:44	0	150	31,7	2273	2441	1,07	21	2864	58,9	11,5	62,2	2,92	1,89	1,03	0,35	26	24	09:37:20	169
9:46	0	150	31,1	2235	2413	1,08	21	2739	58,6	11,3	62,5	2,80	1,81	0,99	0,35	26	24	09:37:22	169
9:49	0	150	30,3	2175	2334	1,07	22	2589	55,8	11,0	64,2	2,78	1,85	0,93	0,34	26	24	09:37:25	169
9:51	0	150	30,7	2202	2380	1,08	21	2747	57,3	11,1	63,3	2,88	1,90	0,98	0,34	26	24	09:37:27	169
9:54	0	150	31,1	2235	2408	1,08	21	2762	58,4	11,3	62,6	2,84	1,77	1,06	0,37	26	24	09:37:30	168
9:57	0	150	30,3	2178	2331	1,07	21	2641	56,0	11,0	64,2	2,83	1,82	1,01	0,36	26	24	09:37:33	168
10:00	0	150	30,5	2190	2331	1,06	21	2611	55,9	11,1	64,2	2,80	1,82	0,98	0,35	26	24	09:37:36	168
10:03	0	150	30,1	2165	2299	1,06	22	2571	55,3	10,9	64,6	2,79	1,86	0,93	0,33	26	24	09:37:39	168
10:06	0	150	30,1	2161	2288	1,06	20	2683	54,0	10,9	65,4	2,98	2,01	0,97	0,32	25	24	09:37:42	169
10:09	0	150	30,5	2193	2308	1,05	20	2729	54,7	11,1	65,0	3,00	2,01	0,98	0,33	25	24	09:37:45	169
10:12	0	150	30,5	2193	2308	1,05	20	2729	54,7	11,1	65,0	3,00	2,01	0,98	0,33	25	24	09:37:48	171
10:14	0	150	30,6	2198	2322	1,06	20	2716	55,3	11,1	64,5	2,94	2,04	0,90	0,31	25	24	09:37:50	171
10:18	0	150	30,6	2197	2309	1,05	20	2673	54,4	11,1	65,2	2,95	2,08	0,87	0,30	25	24	09:37:54	171
10:20	0	150	31,0	2227	2330	1,05	20	2674	54,7	11,2	64,9	2,93	2,07	0,87	0,30	25	23	09:37:56	171
10:23	0	150	31,5	2265	2385	1,05	21	2723	57,1	11,4	63,4	2,86	1,94	0,92	0,32	25	24	09:37:59	172
10:26	0	150	31,4	2257	2398	1,06	21	2744	58,1	11,4	62,8	2,83	1,89	0,94	0,33	26	24	09:38:02	172
10:28	0	150	32,5	2330	2486	1,07	22	2724	60,4	11,8	61,3	2,71	1,75	0,95	0,35	26	24	09:38:04	173
10:31	0	150	31,5	2258	2423	1,07	22	2690	58,7	11,4	62,4	2,75	1,82	0,93	0,34	26	24	09:38:07	174
10:34	0	150	31,8	2283	2452	1,07	21	2753	59,2	11,5	62,1	2,79	1,84	0,96	0,34	26	24	09:38:10	174
10:37	0	150	32,2	2310	2472	1,07	21	2784	59,6	11,7	61,8	2,80	1,85	0,95	0,34	26	24	09:38:13	174
10:39	0	150	31,6	2266	2446	1,08	22	2762	59,4	11,4	62,0	2,79	1,84	0,95	0,34	26	24	09:38:15	174
10:42	0	150	31,7	2275	2463	1,08	22	2748	59,8	11,5	61,7	2,76	1,83	0,92	0,34	26	24	09:38:18	174
10:45	0	150	31,9	2288	2488	1,09	21	2836	60,7	11,6	61,1	2,80	1,87	0,93	0,33	27	24	09:38:21	174
10:48	0	150	31,2	2237	2435	1,09	22	2750	59,4	11,3	61,9	2,78	1,89	0,89	0,32	27	24	09:38:24	174
10:51	0	150	31,5	2260	2445	1,08	21	2781	59,0	11,4	62,2	2,83	1,86	0,97	0,34	26	24	09:38:27	174
10:53	0	150	31,5	2260	2444	1,08	21	2781	59,0	11,4	62,2	2,83	1,86	0,97	0,34	26	24	09:38:29	173
10:56	0	150	31,4	2256	2441	1,08	22	2735	59,2	11,4	62,0	2,77	1,81	0,96	0,35	26	24	09:38:32	173
10:59	0	150	30,8	2214	2394	1,08	21	2727	57,8	11,2	63,0	2,83	1,89	0,95	0,33	26	24	09:38:35	173
11:01	0	150	30,8	2208	2373	1,07	22	2659	57,8	11,2	63,0	2,76	1,81	0,95	0,34	26	24	09:38:37	173
11:05	0	150	30,1	2164	2320	1,07	21	2701	56,3	10,9	63,9	2,88	1,87	1,01	0,35	26	24	09:38:41	173
11:08	0	150	30,5	2189	2331	1,06	20	2746	56,3	11,1	63,9	2,93	1,79	1,14	0,39	26	24	09:38:44	173
11:11	0	150	30,6	2197	2341	1,07	20	2804	57,0	11,1	63,5	2,95	1,85	1,11	0,38	26	24	09:38:47	174
11:14	0	150	30,7	2201	2336	1,06	19	2868	55,8	11,1	64,2	3,08	1,93	1,15	0,37	25	24	09:38:50	174
11:17	0	150	30,8	2215	2334	1,05	19	2912	55,3	11,2	64,6	3,16	1,94	1,22	0,39	25	24	09:38:53	174
11:20	0	150	30,8	2214	2334	1,05	19	2912	55,3	11,2	64,6	3,16	1,94	1,22	0,39	25	24	09:38:56	174
11:23	0	150	30,8	2208	2309	1,05	19	2812	54,6	11,2	65,0	3,09	1,85	1,24	0,40	25	24	09:38:59	174
11:25	0	150	31,4	2253	2339	1,04	20	2747	55,0	11,4	64,8	3,00	1,81	1,19	0,40	24	23	09:39:01	173
11:28	0	150	31,3	2250	2328	1,03	21	2664	55,1	11,4	64,7	2,90	1,83	1,07	0,37	24	24	09:39:04	172
11:30	0	150	31,0	2225	2288	1,03	22	2530	54,8	11,2	64,9	2,77	1,73	1,04	0,38	25	24	09:39:06	172
11:33	0	150	31,8	2283	2333	1,02	23	2482	56,2	11,5	64,0	2,65	1,71	0,94	0,36	25	24	09:39:09	172
11:35	0	150	31,0	2229	2282	1,02	23	2400	56,2	11,3	64,0	2,56	1,71	0,85	0,33	25	25	09:39:11	173
11:37	0	150	32,3	2322	2393	1,03	24	2466	59,7	11,7	61,7	2,48	1,60	0,88	0,36	26	25	09:39:13	173
11:40	0	150	31,5	2259	2353	1,04	24	2470	59,1	11,4	62,1	2,51	1,67	0,84	0,33	26	25	09:39:16	173
11:43	0	150	30,9	2217	2315	1,04	23	2514	57,9	11,2	62,9	2,61	1,68	0,92	0,35	26	25	09:39:19	174
11:46	0	150	31,6	2266	2352	1,04	23	2534	59,0	11,4	62,2	2,58	1,67	0,90	0,35	26	25	09:39:22	174
11:49	0	150	32,2	2310	2401	1,04	23	2643	59,5	11,7	61,9	2,67	1,73	0,93	0,35	26	25	09:39:25	174
11:52	0	150	32,0	2298	2394	1,04	22	2727	59,4	11,6	62,0	2,76	1,83	0,93	0,34	26	25	09:39:28	174
11:55	0	150	32,0	2297	2391	1,04	20	2810	57,6	11,6	63,1	2,93	1,97	0,96	0,33	25	24	09:39:31	174
11:58	0	150	32,0	2299	2374	1,03	21	2711	56,5	11,6	63,8	2,88	1,90	0,98	0,34	25	24	09:39:34	174
12:01	0	150	32,4	2329	2406	1,03	21	2713	58,1	11,8	62,8	2,80	1,78	1,02	0,37	25	24	09:39:37	174
12:03	0	150	31,7	2278	2360	1,04	22	2665	57,7	11,5	63,0	2,77	1,79	0,99	0,36	25	24	09:39:39	174
12:06	0	150	32,2	2309	2389	1,03	22	2669	58,2	11,7	62,7	2,75	1,74	1,02	0,37	25	24	09:39:42	175
12:08	0	150	31,9	2287	2366	1,03	22	2602	57,9	11,6	62,9	2,70	1,69	1,00	0,37	25	24	09:39:44	176
12:11	0	150	31,9	2287	2366	1,03	22	2602	57,9	11,6	62,9	2,70	1,69	1,00	0,37	25	24	09:39:47	176
12:13	0	150	32,4	2323	2421	1,04	22	2716	59,9	11,7	61,7	2,72	1,69	1,03	0,38	26	25	09:39:49	176
12:16	0	150	31,6	2270	2368	1,04	22	2672	58,7	11,5	62,4	2,73	1,75	0,98	0,36	26	25	09:39:52	176
12:19	0	150	32,5	2334	2425	1,04	23	2668	60,1	11,8	61,5	2,66	1,74	0,93	0,35	26	25	09:39:55	176
12:21	0	150	32,8	2354	2445	1,04	22	2708	60,9	11,9	61,0	2,67	1,73	0,94	0,35	26	25	09:39:57	176
12:24	0	150	32,0	2297	2387	1,04	22	2693	59,7	11,6	61,7	2,71	1,81	0,90	0,33	26	25	09:40:00	178
12:27	0	150	32,3	2318	2400	1,04	22	2729	59,9	11,7	61,7	2,74	1,87	0,86	0,32	26	25	09:40:03	178
12:30	0	150	31,1	2236	2309	1,03	21	2666	57,1	11,3	63,4	2,80	1,80	1,00	0,36	26	25	09:40:06	178
12:33	0	150	31,3	2247	2265	1,01	21	2534	54,0	11,3	65,4	2,82	1,85	0,96	0,34	24	24	09:40:09	178
12:35	0	150	32,4	2328	2354	1,01	22	2597	56,6	11,8	63,7	2,75	1,93	0,82	0,30	24	24	09:40:11	178
12:38	0	150	32,0	2295	2321	1,01	22	2606	56,3	11,6	63,9	2,78	1,96	0,82	0,30	25	24	09:40:14	177
12:41	0	150	31,9	2292	2313	1,01	21	2627	55,7	11,6	64,3	2,83	1,94	0,89	0,31	24	24	09:40:17	177
12:44	0	150	32,5	2330	2343	1,01	21	2631	56,3	11,8	64,0	2,81	1,93	0,88	0,31	24	24	09:40:20	177
12:47	0	150	32,3	2319	2335	1,01	21	2668	55,8	11,7	64,2	2,87	1,96	0,91	0,32	24	24	09:40:23	177
12:50	0	150	32,0	2300	2357	1,02	20	2842	57,9	11,6	62,9	2,95	1,96	0,99	0,34	25	25	09:40:26	178
12:54	0	150	32,0	2301	2357	1,02	20	2842	57,9	11,6	62,9	2,95	1,96	0,99	0,34	25	25	09:40:30	178
12:57	0	150	32,0	2297	2347	1,02	20	2880	56,7	11,6	63,7	3,05	2,02	1,03	0,34	25	24	09:40:33	179
13:00	0	150	31,5	2260	2302	1,02	20	2788	54,7	11,4	65,0	3,06	1,97	1,09	0,36	24	24	09:40:36	179
13:03	0	150	31,6	2269	2322	1,02	19	2882	55,4	11,5	64,5	3,12	2,04	1,08	0,35	24	24	09:40:39	178
13:06	0	150	31,3	2251	2294	1,02	19	2913	54,6	11,4	65,0	3,20	2,07	1,13	0,35	24	24	09:40:42	175
13:09	0	150	31,5	2259	2288	1,01	19	2859	54,6	11,4	65,0	3,14	1,99	1,15	0,37	24	24	09:40:45	176
13:12	0	150	31,3	2249	2277	1,01	19	2838	54,3	11,4	65,2	3,13	2,03	1,11	0,35	24	24	09:40:48	176
13:15	0	150	31,7	2274	2287	1,01	20	2794	54,9	11,5	64,9	3,06	2,06	0,99	0,33	24	24	09:40:51	176
13:18	0	150	31,4	2255	2257	1,00	20	2713	54,5	11,4	65,1	2,98	2,05	0,93	0,31	24	24	09:40:54	175
13:21	0	150	31,8	2281	2290	1,00	20	2739	55,4	11,5	64,5	2,97	2,05	0,92	0,31	24	24	09:40:57	176
13:24	0	150	31,8	2281	2290	1,00	20	2739	55,4	11,5	64,5	2,97	2,05	0,92	0,31	24	24	09:41:00	176
13:27	0	150	31,8	2281	2290	1,00	20	2739	55,4	11,5	64,5	2,97	2,05	0,92	0,31	24	24	09:41:03	176
13:30	0	150	31,8	2287	2305	1,01	20	2748	55,9	11,5	64,2	2,95	2,08	0,87	0,29	24	24	09:41:06	176
13:32	0	150	32,4	2325	2340	1,01	21	2745	57,0	11,7	63,5	2,89	2,03	0,86	0,30	25	24	09:41:08	175
13:36	0	150	31,6	2272	2305	1,01	20	2760	56,3	11,5	63,9	2,94	2,00	0,94	0,32	25	24	09:41:12	175
13:38	0	150	32,4	2327	2375	1,02	21	2845	58,5	11,7	62,5	2,92	1,93	0,99	0,34	25	25	09:41:14	175
13:41	0	150	32,4	2323	2387	1,03	21	2831	59,5	11,7	61,9	2,85	1,87	0,98	0,34	26	25	09:41:17	175
13:43	0	150	31,7	2278	2341	1,03	21	2727	58,4	11,5	62,6	2,80	1,83	0,97	0,35	26	25	09:41:19	175
13:46	0	150	32,4	2329	2398	1,03	22	2744	59,8	11,8	61,7	2,75	1,79	0,96	0,35	26	25	09:41:22	175
13:49	0	150	32,3	2322	2399	1,03	22	2744	60,3	11,7	61,4	2,73	1,76	0,97	0,36	26	25	09:41:25	175
13:51	0	150	31,9	2292	2371	1,03	23	2629	60,2	11,6	61,5	2,62	1,69	0,94	0,36	26	25	09:41:27	175
13:54	0	150	32,2	2309	2384	1,03	24	2566	61,3	11,7	60,7	2,51	1,63	0,88	0,35	27	26	09:41:30	177
13:55	0	157	32,2	2310	2384	1,03	24	2566	61,3	11,7	60,7	2,51	1,63	0,88	0,35	27	26	09:41:31	178
13:58	0	157	32,7	2351	2423	1,03	25	2519	62,4	11,9	60,0	2,42	1,54	0,88	0,36	27	26	09:41:34	178
14:01	0	157	32,8	2354	2430	1,03	24	2589	61,9	11,9	60,4	2,51	1,50	1,01	0,40	26	25	09:41:37	178
14:03	0	157	34,1	2445	2503	1,02	27	2408	64,8	12,3	58,5	2,23	1,41	0,82	0,37	26	26	09:41:39	178
14:04	0	157	35,0	2513	2575	1,02	29	2352	69,0	12,7	55,8	2,05	1,28	0,76	0,37	27	27	09:41:40	179
14:06	0	157	35,2	2525	2611	1,03	30	2359	71,0	12,8	54,5	1,99	1,25	0,74	0,37	28	27	09:41:42	179
14:09	0	157	34,8	2495	2588	1,04	28	2470	69,4	12,6	55,5	2,13	1,29	0,84	0,39	28	27	09:41:45	180
14:12	0	157	33,9	2438	2562	1,05	26	2635	68,3	12,3	56,2	2,31	1,41	0,90	0,39	28	27	09:41:48	180
14:15	0	157	32,7	2351	2483	1,06	24	2696	65,5	11,9	58,0	2,47	1,54	0,93	0,38	28	26	09:41:51	179
14:18	0	157	32,4	2325	2470	1,06	25	2639	65,4	11,7	58,1	2,42	1,50	0,92	0,38	28	26	09:41:54	179
14:21	0	157	31,8	2281	2414	1,06	23	2764	62,3	11,5	60,1	2,66	1,67	0,99	0,37	27	26	09:41:57	180
14:23	0	157	31,2	2239	2350	1,05	21	2804	59,3	11,3	62,0	2,84	1,79	1,05	0,37	26	25	09:41:59	180
14:26	0	157	31,3	2249	2331	1,04	21	2759	58,2	11,4	62,7	2,84	1,80	1,04	0,37	26	25	09:42:02	181
14:29	0	157	32,1	2302	2388	1,04	22	2800	60,2	11,6	61,4	2,79	1,86	0,92	0,33	26	25	09:42:05	181
14:31	0	157	32,0	2301	2367	1,03	22	2732	59,5	11,6	61,9	2,76	1,83	0,92	0,33	26	25	09:42:07	181
14:34	0	157	32,6	2338	2385	1,02	22	2714	59,8	11,8	61,7	2,72	1,72	1,00	0,37	26	25	09:42:10	181
14:36	0	157	33,0	2368	2417	1,02	23	2709	61,3	12,0	60,7	2,65	1,68	0,97	0,37	26	25	09:42:12	181
14:39	0	157	33,8	2424	2477	1,02	23	2746	63,0	12,2	59,7	2,62	1,62	1,00	0,38	26	25	09:42:15	181
14:41	0	157	34,3	2464	2523	1,02	24	2667	65,3	12,4	58,2	2,45	1,59	0,86	0,35	26	26	09:42:17	181
14:42	0	157	34,9	2503	2568	1,03	26	2635	67,4	12,6	56,8	2,35	1,52	0,82	0,35	27	26	09:42:18	181
14:45	0	157	33,8	2425	2476	1,02	25	2549	64,3	12,2	58,8	2,38	1,51	0,87	0,37	27	26	09:42:21	181
14:47	0	157	34,5	2480	2526	1,02	27	2519	66,7	12,5	57,2	2,26	1,45	0,82	0,36	27	26	09:42:23	181
14:50	0	157	34,8	2500	2549	1,02	27	2531	67,7	12,6	56,7	2,24	1,49	0,75	0,33	27	27	09:42:26	181
14:53	0	157	34,2	2459	2494	1,01	26	2582	65,9	12,4	57,8	2,35	1,59	0,76	0,33	27	26	09:42:29	181
14:56	0	157	33,9	2432	2447	1,01	24	2667	64,6	12,3	58,6	2,48	1,68	0,80	0,32	27	26	09:42:32	181
14:58	0	157	34,2	2458	2458	1,00	24	2686	64,9	12,4	58,4	2,48	1,69	0,80	0,32	26	26	09:42:34	181
15:01	0	157	33,3	2390	2403	1,01	23	2764	62,9	12,1	59,7	2,64	1,78	0,85	0,32	26	26	09:42:37	180
15:03	0	157	34,7	2488	2501	1,01	25	2681	65,7	12,6	57,9	2,45	1,65	0,80	0,33	26	26	09:42:39	180
15:05	0	157	33,3	2390	2403	1,01	23	2764	62,9	12,1	59,7	2,64	1,78	0,85	0,32	26	26	09:42:41	180
15:08	0	157	33,2	2385	2379	1,00	23	2733	62,0	12,0	60,3	2,64	1,76	0,88	0,33	26	26	09:42:44	180
15:11	0	157	34,0	2443	2437	1,00	23	2745	63,2	12,3	59,5	2,61	1,71	0,89	0,34	26	26	09:42:47	181
15:14	0	157	33,7	2422	2444	1,01	23	2781	63,4	12,2	59,4	2,63	1,68	0,95	0,36	26	26	09:42:50	181
15:17	0	157	32,7	2349	2370	1,01	21	2809	60,2	11,9	61,5	2,80	1,70	1,10	0,39	26	25	09:42:53	181
15:19	0	157	33,2	2382	2374	1,00	22	2743	59,6	12,0	61,8	2,76	1,71	1,05	0,38	25	25	09:42:55	183
15:22	0	157	33,4	2402	2372	0,99	22	2685	58,8	12,1	62,3	2,74	1,69	1,05	0,38	25	25	09:42:58	183
15:25	0	157	33,4	2401	2372	0,99	22	2685	58,8	12,1	62,3	2,74	1,69	1,05	0,38	25	25	09:43:01	183
15:27	0	157	33,5	2405	2401	1,00	22	2770	60,5	12,1	61,3	2,75	1,72	1,03	0,37	25	25	09:43:03	184
15:29	0	157	33,7	2418	2414	1,00	23	2701	60,9	12,2	61,0	2,66	1,67	0,99	0,37	25	25	09:43:05	182
15:31	0	157	34,5	2474	2465	1,00	23	2671	62,6	12,5	59,9	2,56	1,61	0,95	0,37	25	25	09:43:07	182
15:34	0	157	34,3	2465	2446	0,99	23	2671	62,2	12,4	60,1	2,58	1,63	0,95	0,37	25	25	09:43:10	182
15:37	0	157	34,2	2459	2453	1,00	23	2731	62,3	12,4	60,1	2,63	1,64	0,99	0,38	25	25	09:43:13	181
15:40	0	157	33,9	2432	2419	0,99	22	2734	60,9	12,3	61,0	2,70	1,64	1,06	0,39	25	25	09:43:16	181
15:43	0	157	35,6	2556	2551	1,00	23	2808	64,0	12,9	59,0	2,63	1,60	1,03	0,39	25	25	09:43:19	181
15:45	0	157	34,8	2501	2485	0,99	22	2780	61,3	12,6	60,7	2,72	1,64	1,08	0,40	25	25	09:43:21	181
15:48	0	157	34,4	2473	2459	0,99	22	2817	60,6	12,5	61,2	2,79	1,69	1,10	0,39	24	25	09:43:24	182
15:51	0	157	33,5	2403	2392	1,00	21	2797	58,9	12,1	62,3	2,85	1,77	1,07	0,38	25	25	09:43:27	182
15:54	0	157	33,8	2426	2422	1,00	21	2834	60,6	12,2	61,2	2,81	1,83	0,98	0,35	25	25	09:43:30	182
15:56	0	157	34,0	2442	2441	1,00	23	2726	61,8	12,3	60,4	2,65	1,70	0,94	0,36	25	25	09:43:32	183
15:58	0	157	34,0	2443	2441	1,00	23	2726	61,8	12,3	60,4	2,65	1,70	0,94	0,36	25	25	09:43:34	183
16:00	0	157	33,8	2425	2424	1,00	22	2757	61,4	12,2	60,7	2,70	1,74	0,96	0,35	25	25	09:43:36	183
16:02	0	157	34,2	2453	2453	1,00	24	2637	62,9	12,4	59,7	2,51	1,65	0,86	0,34	26	26	09:43:38	183
16:04	0	157	35,2	2529	2529	1,00	26	2563	66,1	12,8	57,7	2,33	1,52	0,81	0,35	26	26	09:43:40	183
16:06	0	157	36,3	2603	2626	1,01	28	2540	70,5	13,1	54,8	2,16	1,42	0,75	0,35	27	27	09:43:42	183
16:09	0	157	36,1	2590	2650	1,02	27	2588	71,1	13,1	54,5	2,18	1,31	0,88	0,40	27	27	09:43:45	183
16:11	0	157	36,1	2593	2657	1,02	28	2564	71,9	13,1	53,9	2,14	1,28	0,86	0,40	28	27	09:43:47	183
16:13	0	157	36,1	2593	2657	1,02	28	2564	71,9	13,1	53,9	2,14	1,28	0,86	0,40	28	27	09:43:49	183
16:16	0	157	35,9	2575	2661	1,03	28	2593	71,8	13,0	54,0	2,17	1,27	0,90	0,42	28	27	09:43:52	183
16:18	0	157	35,4	2540	2622	1,03	26	2654	69,7	12,8	55,4	2,29	1,32	0,96	0,42	27	27	09:43:54	183
16:21	0	157	34,3	2465	2552	1,03	25	2662	67,7	12,5	56,6	2,36	1,38	0,98	0,41	27	27	09:43:57	184
16:23	0	157	34,4	2469	2547	1,03	25	2692	67,1	12,5	57,0	2,41	1,42	0,99	0,41	27	26	09:43:59	184
16:24	0	157	34,8	2497	2558	1,02	28	2461	68,6	12,6	56,1	2,15	1,35	0,80	0,37	27	27	09:44:00	185
16:26	0	157	34,6	2483	2551	1,03	27	2543	67,6	12,5	56,7	2,26	1,41	0,85	0,38	27	26	09:44:02	185
16:29	0	157	34,1	2451	2484	1,01	25	2553	63,9	12,4	59,0	2,40	1,57	0,83	0,35	26	26	09:44:05	185
16:32	0	157	35,0	2514	2560	1,02	26	2630	67,8	12,7	56,6	2,33	1,48	0,84	0,36	27	26	09:44:08	185
16:35	0	157	34,6	2483	2538	1,02	24	2711	66,3	12,5	57,5	2,45	1,60	0,85	0,35	27	26	09:44:11	185
16:37	0	157	34,8	2497	2538	1,02	25	2668	66,5	12,6	57,4	2,41	1,56	0,85	0,35	27	26	09:44:13	186
16:39	0	157	34,1	2448	2492	1,02	25	2648	65,1	12,4	58,3	2,44	1,53	0,91	0,37	27	26	09:44:15	186
16:41	0	157	34,1	2448	2492	1,02	25	2648	65,1	12,4	58,3	2,44	1,53	0,91	0,37	27	26	09:44:17	186
16:44	0	157	33,9	2431	2462	1,01	24	2684	63,7	12,3	59,2	2,53	1,57	0,96	0,38	26	26	09:44:20	186
16:47	0	157	33,9	2431	2462	1,01	24	2684	63,7	12,3	59,2	2,53	1,57	0,96	0,38	26	26	09:44:23	185
SV1																			
16:49	0	157	34,6	2483	2502	1,01	25	2608	65,1	12,5	58,3	2,40	1,45	0,95	0,39	26	26	09:44:25	185
16:50	0	157	35,4	2543	2543	1,00	28	2420	67,8	12,8	56,5	2,14	1,28	0,86	0,40	27	27	09:44:26	185
16:52	0	157	35,8	2569	2575	1,00	29	2384	69,4	13,0	55,6	2,06	1,24	0,82	0,40	27	27	09:44:28	185
16:55	0	157	35,9	2580	2613	1,01	29	2459	70,6	13,0	54,7	2,09	1,32	0,77	0,37	27	27	09:44:31	185
16:57	0	157	34,0	2443	2496	1,02	27	2513	66,9	12,3	57,1	2,25	1,39	0,86	0,38	27	27	09:44:33	185
17:00	0	157	33,7	2423	2492	1,03	27	2515	67,5	12,2	56,8	2,24	1,43	0,81	0,36	28	27	09:44:36	185
17:02	0	157	34,6	2485	2549	1,03	26	2595	68,5	12,5	56,1	2,27	1,48	0,79	0,35	28	27	09:44:38	185
17:05	0	157	33,2	2381	2461	1,03	26	2578	65,8	12,0	57,9	2,35	1,57	0,78	0,33	28	27	09:44:41	185
17:07	0	157	32,8	2352	2418	1,03	25	2583	63,5	11,9	59,3	2,44	1,63	0,82	0,33	27	26	09:44:43	185
17:09	0	157	32,7	2350	2400	1,02	24	2597	62,9	11,9	59,7	2,48	1,65	0,83	0,34	27	26	09:44:45	185
17:12	0	157	32,6	2342	2387	1,02	25	2553	62,9	11,8	59,7	2,43	1,62	0,81	0,33	27	26	09:44:48	185
17:14	0	157	33,0	2368	2416	1,02	24	2618	63,3	12,0	59,5	2,48	1,64	0,84	0,34	27	26	09:44:50	185
17:17	0	157	33,3	2390	2429	1,02	24	2608	63,6	12,1	59,2	2,46	1,60	0,86	0,35	27	26	09:44:53	185
17:20	0	157	32,9	2365	2401	1,02	25	2543	63,3	11,9	59,5	2,41	1,58	0,83	0,34	27	26	09:44:56	185
17:22	0	157	32,7	2347	2387	1,02	24	2586	62,9	11,9	59,7	2,47	1,62	0,85	0,34	27	26	09:44:58	184
17:25	0	157	33,0	2372	2408	1,02	24	2639	63,1	12,0	59,6	2,51	1,68	0,83	0,33	27	26	09:45:01	184
17:27	0	157	33,2	2386	2405	1,01	24	2628	62,4	12,1	60,0	2,53	1,67	0,86	0,34	26	26	09:45:03	182
17:30	0	157	33,6	2413	2437	1,01	24	2671	63,2	12,2	59,5	2,54	1,67	0,86	0,34	26	26	09:45:06	182
17:32	0	157	33,7	2422	2439	1,01	24	2631	63,6	12,2	59,3	2,48	1,63	0,86	0,34	26	26	09:45:08	182
17:34	0	157	33,5	2409	2431	1,01	24	2625	63,8	12,2	59,2	2,47	1,65	0,82	0,33	26	26	09:45:10	183
17:37	0	157	33,8	2430	2443	1,01	25	2594	64,4	12,3	58,7	2,42	1,64	0,78	0,32	27	26	09:45:13	183
17:39	0	157	34,0	2445	2455	1,00	25	2600	65,2	12,3	58,3	2,39	1,62	0,78	0,32	27	27	09:45:15	183
17:40	0	157	34,5	2475	2488	1,01	26	2586	66,5	12,5	57,4	2,33	1,56	0,77	0,33	27	27	09:45:16	183
17:43	0	157	34,9	2506	2548	1,02	27	2606	69,2	12,7	55,6	2,26	1,50	0,76	0,34	28	27	09:45:19	184
17:44	0	157	34,3	2463	2524	1,02	28	2511	69,9	12,4	55,2	2,16	1,42	0,74	0,34	28	28	09:45:20	184
17:47	0	157	33,5	2405	2463	1,02	27	2500	68,4	12,1	56,2	2,19	1,49	0,70	0,32	28	28	09:45:23	185
17:49	0	157	35,3	2532	2558	1,01	28	2524	70,5	12,8	54,8	2,15	1,43	0,72	0,34	28	28	09:45:25	185
17:51	0	157	36,7	2633	2661	1,01	29	2554	74,3	13,3	52,4	2,06	1,31	0,75	0,37	28	28	09:45:27	185
17:53	0	157	37,9	2720	2763	1,02	30	2565	77,2	13,7	50,6	1,99	1,22	0,77	0,39	28	28	09:45:29	186
17:55	0	157	36,3	2608	2650	1,02	29	2484	72,6	13,2	53,5	2,05	1,26	0,79	0,38	28	27	09:45:31	186
17:58	0	157	36,2	2602	2635	1,01	29	2493	72,2	13,1	53,7	2,07	1,30	0,77	0,37	28	27	09:45:34	186
18:00	0	157	36,4	2611	2644	1,01	28	2580	72,2	13,2	53,7	2,14	1,35	0,80	0,37	28	27	09:45:36	185
18:02	0	157	36,4	2611	2644	1,01	28	2580	72,2	13,2	53,7	2,14	1,35	0,80	0,37	28	27	09:45:38	186
18:04	0	157	35,2	2525	2579	1,02	28	2548	71,0	12,8	54,5	2,15	1,35	0,80	0,37	28	28	09:45:40	187
18:07	0	157	35,1	2522	2558	1,01	27	2535	69,4	12,7	55,6	2,19	1,37	0,82	0,38	28	27	09:45:43	187
18:09	0	157	34,6	2487	2529	1,02	27	2571	68,9	12,6	55,8	2,24	1,38	0,86	0,39	28	27	09:45:45	188
18:11	0	157	34,0	2444	2476	1,01	26	2535	66,2	12,3	57,6	2,30	1,50	0,80	0,35	27	27	09:45:47	188
18:14	0	157	34,4	2472	2463	1,00	26	2522	65,7	12,5	57,9	2,30	1,57	0,74	0,32	27	27	09:45:50	188
18:15	0	157	35,0	2513	2485	0,99	26	2514	65,2	12,7	58,2	2,31	1,55	0,76	0,33	26	26	09:45:51	188
SV2																			
18:18	0	157	35,5	2546	2527	0,99	27	2580	68,6	12,8	56,0	2,26	1,49	0,77	0,34	27	27	09:45:54	188
18:20	0	157	35,7	2563	2559	1,00	27	2574	69,4	12,9	55,5	2,22	1,49	0,73	0,33	27	27	09:45:56	188
18:22	0	157	36,0	2582	2583	1,00	28	2578	70,9	13,0	54,6	2,18	1,48	0,70	0,32	27	27	09:45:58	188
18:23	0	157	36,4	2610	2618	1,00	29	2525	73,0	13,2	53,3	2,08	1,45	0,63	0,30	28	28	09:45:59	188
18:25	0	157	37,8	2716	2731	1,01	30	2519	76,8	13,7	50,8	1,97	1,34	0,63	0,32	28	28	09:46:01	189
18:27	0	157	37,7	2704	2779	1,03	32	2506	79,2	13,7	49,2	1,90	1,23	0,67	0,35	29	29	09:46:03	188
18:30	0	157	35,7	2561	2637	1,03	31	2478	75,6	12,9	51,6	1,97	1,32	0,65	0,33	30	29	09:46:06	188
18:31	0	157	37,0	2658	2742	1,03	32	2463	78,3	13,4	49,9	1,89	1,21	0,68	0,36	29	29	09:46:07	188
18:33	0	157	37,6	2703	2771	1,03	32	2473	79,5	13,6	49,1	1,87	1,19	0,68	0,36	29	29	09:46:09	188
18:35	0	157	37,6	2697	2763	1,02	33	2425	80,4	13,6	48,5	1,81	1,14	0,67	0,37	30	29	09:46:11	188
18:37	0	157	37,4	2686	2756	1,03	33	2408	80,4	13,6	48,5	1,80	1,12	0,68	0,38	30	29	09:46:13	187
18:38	0	157	37,9	2719	2788	1,03	34	2399	81,6	13,7	47,7	1,76	1,10	0,66	0,37	30	29	09:46:14	188
18:40	0	157	37,2	2668	2737	1,03	34	2383	80,6	13,5	48,4	1,77	1,10	0,67	0,38	30	29	09:46:16	190
18:43	0	157	37,2	2668	2737	1,03	34	2383	80,6	13,5	48,4	1,77	1,10	0,67	0,38	30	29	09:46:19	191
18:45	0	157	35,6	2557	2666	1,04	32	2480	78,8	12,9	49,5	1,89	1,20	0,69	0,37	31	30	09:46:21	191
18:47	0	157	34,9	2505	2613	1,04	30	2541	76,0	12,7	51,3	2,01	1,27	0,74	0,37	30	29	09:46:23	191
18:49	0	157	34,5	2474	2587	1,05	30	2519	75,4	12,5	51,7	2,00	1,28	0,72	0,36	30	29	09:46:25	191
18:51	0	157	34,5	2474	2586	1,05	30	2535	75,4	12,5	51,7	2,02	1,31	0,71	0,35	30	29	09:46:27	191
18:53	0	157	34,3	2464	2578	1,05	29	2587	74,9	12,4	52,0	2,07	1,35	0,73	0,35	30	29	09:46:29	191
18:55	0	157	34,1	2447	2556	1,04	28	2651	73,2	12,4	53,1	2,17	1,39	0,78	0,36	30	29	09:46:31	191
18:58	0	157	34,4	2473	2552	1,03	28	2576	72,3	12,5	53,7	2,14	1,35	0,78	0,37	29	28	09:46:34	191
19:00	0	157	35,8	2569	2634	1,03	28	2632	74,9	13,0	52,0	2,11	1,34	0,77	0,37	29	28	09:46:36	190
19:02	0	157	36,1	2591	2644	1,02	29	2638	75,6	13,1	51,6	2,09	1,34	0,76	0,36	29	29	09:46:38	189
19:04	0	157	34,7	2495	2559	1,03	28	2600	73,4	12,6	53,0	2,12	1,37	0,75	0,35	29	29	09:46:40	188
19:06	0	157	35,2	2527	2578	1,02	28	2655	73,1	12,8	53,1	2,18	1,39	0,79	0,36	29	28	09:46:42	188
19:08	0	157	34,9	2506	2551	1,02	27	2651	71,7	12,7	54,1	2,22	1,39	0,83	0,37	29	28	09:46:44	188
19:10	0	157	35,9	2581	2622	1,02	28	2678	73,8	13,0	52,7	2,18	1,34	0,83	0,38	29	28	09:46:46	189
19:12	0	157	36,8	2639	2678	1,01	28	2670	75,6	13,3	51,5	2,12	1,30	0,82	0,39	29	28	09:46:48	189
19:14	0	157	36,5	2618	2665	1,02	29	2645	75,6	13,2	51,6	2,10	1,30	0,80	0,38	29	28	09:46:50	191
19:17	0	157	35,5	2548	2605	1,02	28	2619	73,5	12,9	52,9	2,14	1,32	0,82	0,38	29	28	09:46:53	190
19:18	0	157	36,0	2587	2634	1,02	29	2565	74,5	13,1	52,3	2,07	1,27	0,80	0,39	29	28	09:46:54	190
19:20	0	157	36,0	2587	2634	1,02	29	2565	74,5	13,1	52,3	2,07	1,27	0,80	0,39	29	28	09:46:56	190
19:23	0	157	35,4	2541	2594	1,02	29	2515	72,8	12,8	53,4	2,07	1,29	0,79	0,38	29	28	09:46:59	191
19:25	0	157	35,3	2538	2581	1,02	29	2532	72,5	12,8	53,6	2,10	1,32	0,78	0,37	29	28	09:47:01	190
19:27	0	157	35,9	2579	2624	1,02	28	2603	73,8	13,0	52,7	2,12	1,32	0,80	0,38	29	28	09:47:03	190
19:29	0	157	36,2	2599	2642	1,02	29	2558	74,9	13,1	52,0	2,05	1,29	0,76	0,37	29	28	09:47:05	190
19:31	0	157	37,8	2716	2768	1,02	30	2648	80,2	13,7	48,6	1,98	1,25	0,73	0,37	30	29	09:47:07	190
19:33	0	157	37,5	2693	2772	1,03	30	2680	81,0	13,6	48,1	1,98	1,25	0,73	0,37	30	29	09:47:09	190
19:35	0	157	36,6	2625	2691	1,03	30	2598	77,3	13,3	50,5	2,02	1,22	0,79	0,39	29	29	09:47:11	190
19:37	0	157	36,7	2632	2701	1,03	30	2628	78,5	13,3	49,7	2,01	1,25	0,76	0,38	30	29	09:47:13	190
19:39	0	157	36,0	2588	2656	1,03	31	2505	77,7	13,1	50,2	1,93	1,23	0,70	0,36	30	29	09:47:15	190
19:41	0	157	35,0	2511	2577	1,03	31	2448	75,4	12,7	51,7	1,95	1,25	0,70	0,36	30	29	09:47:17	190
19:43	0	157	34,1	2450	2513	1,03	30	2418	72,5	12,4	53,5	2,00	1,22	0,78	0,39	30	29	09:47:19	190
19:46	0	157	34,0	2444	2495	1,02	29	2436	71,3	12,3	54,3	2,05	1,26	0,79	0,39	29	29	09:47:22	190
19:48	0	157	34,4	2467	2497	1,01	29	2426	71,1	12,5	54,4	2,05	1,25	0,80	0,39	29	28	09:47:24	189
19:49	0	157	35,5	2546	2571	1,01	29	2522	73,5	12,9	52,9	2,06	1,31	0,75	0,37	29	29	09:47:25	191
19:51	0	157	36,2	2601	2614	1,00	30	2480	74,9	13,1	52,0	1,99	1,27	0,71	0,36	29	29	09:47:27	191
19:53	0	157	36,5	2619	2635	1,01	30	2501	75,9	13,2	51,4	1,98	1,27	0,71	0,36	29	29	09:47:29	191
19:55	0	157	36,1	2591	2600	1,00	31	2408	75,3	13,1	51,8	1,92	1,21	0,71	0,37	29	29	09:47:31	191
19:56	0	157	37,8	2711	2720	1,00	32	2478	79,0	13,7	49,4	1,88	1,22	0,66	0,35	29	29	09:47:32	191
19:58	0	157	39,2	2817	2816	1,00	34	2439	83,0	14,2	46,8	1,76	1,14	0,62	0,35	29	29	09:47:34	191
V02 Max																			
19:59	0	157	39,7	2849	2849	1,00	37	2354	86,0	14,4	44,9	1,64	1,06	0,58	0,35	30	30	09:47:35	191
20:01	0	157	37,6	2701	2722	1,01	35	2318	81,8	13,6	47,6	1,70	1,07	0,63	0,37	30	30	09:47:37	191
20:03	0	157	36,1	2592	2613	1,01	34	2309	78,0	13,1	50,0	1,78	1,16	0,62	0,35	30	30	09:47:39	191
20:05	0	157	37,3	2677	2692	1,01	36	2266	81,7	13,5	47,7	1,66	1,08	0,58	0,35	31	30	09:47:41	191
20:07	0	157	38,0	2725	2751	1,01	35	2343	83,0	13,8	46,8	1,69	1,11	0,58	0,34	30	30	09:47:43	190
20:08	0	157	38,2	2739	2755	1,01	36	2319	82,7	13,8	47,0	1,68	1,12	0,57	0,34	30	30	09:47:44	190
20:10	0	157	37,6	2699	2705	1,00	35	2318	80,6	13,6	48,4	1,73	1,13	0,59	0,34	30	30	09:47:46	190
20:12	0	157	36,8	2641	2642	1,00	34	2296	77,4	13,3	50,4	1,78	1,18	0,60	0,34	29	29	09:47:48	190
20:14	0	157	36,8	2641	2642	1,00	34	2296	77,4	13,3	50,4	1,78	1,18	0,60	0,34	29	29	09:47:50	190
20:16	0	157	38,8	2787	2771	0,99	34	2361	81,4	14,1	47,8	1,74	1,09	0,65	0,37	29	29	09:47:52	189
20:17	0	157	38,1	2736	2709	0,99	35	2321	80,5	13,8	48,4	1,73	1,08	0,65	0,37	29	30	09:47:53	189
20:19	0	157	39,3	2825	2771	0,98	37	2271	83,5	14,2	46,5	1,63	1,04	0,59	0,36	30	30	09:47:55	189
20:21	0	157	38,3	2749	2703	0,98	36	2239	81,5	13,8	47,8	1,65	1,04	0,61	0,37	30	30	09:47:57	189
20:22	0	157	36,9	2652	2622	0,99	35	2223	78,4	13,4	49,8	1,70	1,09	0,61	0,36	30	30	09:47:58	189
20:24	0	157	36,3	2608	2579	0,99	34	2253	76,5	13,1	51,0	1,77	1,11	0,66	0,37	29	30	09:48:00	189
20:26	0	157	36,7	2638	2599	0,99	34	2278	77,2	13,3	50,5	1,77	1,11	0,66	0,37	29	30	09:48:02	190
20:28	0	157	36,4	2612	2584	0,99	34	2266	76,8	13,2	50,8	1,77	1,13	0,64	0,36	29	30	09:48:04	190
20:30	0	157	35,5	2547	2538	1,00	33	2279	74,4	12,9	52,3	1,84	1,17	0,67	0,36	29	29	09:48:06	190
20:32	0	157	35,5	2546	2538	1,00	33	2279	74,4	12,9	52,3	1,84	1,17	0,67	0,36	29	29	09:48:08	190
20:33	0	157	37,2	2674	2651	0,99	33	2339	77,3	13,5	50,5	1,82	1,17	0,65	0,36	29	29	09:48:09	190
20:35	0	157	37,6	2700	2686	0,99	33	2410	79,4	13,6	49,2	1,82	1,15	0,67	0,37	29	30	09:48:11	189
20:37	0	157	37,4	2685	2689	1,00	33	2444	80,3	13,6	48,6	1,83	1,17	0,66	0,36	30	30	09:48:13	189
20:40	0	157	35,6	2555	2571	1,01	32	2384	76,3	12,9	51,1	1,87	1,23	0,64	0,34	30	30	09:48:16	189
20:41	0	157	35,5	2547	2549	1,00	32	2356	75,7	12,9	51,5	1,87	1,23	0,64	0,34	30	30	09:48:17	189
20:43	0	157	39,4	2828	2783	0,98	35	2380	83,5	14,2	46,5	1,71	1,09	0,62	0,36	30	30	09:48:19	189
20:44	0	157	37,5	2693	2672	0,99	35	2341	80,8	13,6	48,2	1,74	1,10	0,64	0,37	30	30	09:48:20	189
20:46	0	157	36,8	2641	2630	1,00	33	2405	79,7	13,3	48,9	1,81	1,14	0,67	0,37	30	30	09:48:22	188
20:47	0	157	36,6	2628	2609	0,99	35	2297	80,2	13,2	48,6	1,72	1,09	0,63	0,36	31	31	09:48:23	188
20:50	0	157	35,5	2549	2496	0,98	33	2259	75,5	12,8	51,6	1,80	1,21	0,59	0,33	30	30	09:48:26	188
20:52	0	157	36,6	2629	2599	0,99	35	2287	80,0	13,2	48,8	1,72	1,08	0,64	0,37	30	31	09:48:28	188
20:53	0	157	36,8	2643	2632	1,00	36	2295	81,8	13,3	47,6	1,68	1,06	0,62	0,37	31	31	09:48:29	188
20:55	0	157	35,6	2558	2555	1,00	34	2301	79,2	12,9	49,3	1,74	1,09	0,65	0,37	31	31	09:48:31	188
20:57	0	157	36,4	2613	2620	1,00	34	2359	81,1	13,2	48,1	1,75	1,10	0,65	0,37	31	31	09:48:33	188
20:59	0	157	35,0	2513	2529	1,01	34	2308	78,2	12,7	49,9	1,77	1,13	0,64	0,36	31	31	09:48:35	188
21:02	0	157	34,0	2441	2434	1,00	31	2363	72,7	12,3	53,4	1,95	1,32	0,63	0,32	30	30	09:48:38	188
21:04	0	157	36,3	2604	2608	1,00	34	2363	79,6	13,1	49,0	1,78	1,15	0,63	0,35	31	31	09:48:40	188
21:05	0	157	38,1	2737	2696	0,99	34	2393	82,4	13,8	47,2	1,74	1,13	0,61	0,35	30	31	09:48:41	188
21:07	0	157	38,3	2752	2702	0,98	34	2457	82,9	13,8	46,9	1,78	1,15	0,63	0,35	30	31	09:48:43	187
21:09	0	157	38,0	2726	2673	0,98	34	2446	82,0	13,7	47,5	1,79	1,16	0,63	0,35	30	31	09:48:45	189
21:11	0	157	36,6	2624	2567	0,98	32	2432	77,7	13,2	50,2	1,88	1,23	0,65	0,35	30	30	09:48:47	189
21:13	0	157	37,8	2711	2633	0,97	33	2402	80,0	13,6	48,8	1,80	1,16	0,64	0,36	30	30	09:48:49	189
21:14	0	157	39,3	2821	2745	0,97	35	2441	84,6	14,2	45,8	1,73	1,09	0,64	0,37	30	31	09:48:50	189
21:16	0	157	38,8	2786	2716	0,97	36	2339	83,7	14,0	46,4	1,68	1,05	0,62	0,37	30	31	09:48:52	189
21:18	0	157	36,9	2648	2607	0,98	35	2254	78,8	13,3	49,5	1,72	1,10	0,62	0,36	30	30	09:48:54	189
21:20	0	157	35,9	2578	2557	0,99	32	2369	76,6	13,0	50,9	1,86	1,16	0,70	0,38	30	30	09:48:56	189
21:22	0	157	36,8	2640	2603	0,99	34	2311	78,0	13,3	50,0	1,78	1,13	0,65	0,36	30	30	09:48:58	189
21:24	0	157	36,8	2640	2603	0,99	34	2311	78,0	13,3	50,0	1,78	1,13	0,65	0,36	30	30	09:49:00	189
21:25	0	157	36,3	2609	2561	0,98	34	2258	76,5	13,1	51,0	1,77	1,12	0,65	0,37	29	30	09:49:01	189
21:27	0	157	35,8	2567	2494	0,97	34	2157	74,4	12,9	52,4	1,74	1,10	0,64	0,37	29	30	09:49:03	188
21:28	0	157	35,8	2567	2494	0,97	34	2157	74,4	12,9	52,4	1,74	1,10	0,64	0,37	29	30	09:49:04	188
21:30	0	157	35,8	2571	2476	0,96	34	2174	73,9	12,9	52,6	1,76	1,12	0,64	0,37	29	30	09:49:06	188
21:32	0	157	34,1	2451	2351	0,96	37	1949	71,4	12,3	54,3	1,64	1,05	0,59	0,36	29	30	09:49:08	188
21:34	0	157	34,4	2473	2364	0,96	37	1927	72,0	12,4	53,9	1,61	1,01	0,59	0,37	29	30	09:49:10	188
21:35	0	157	36,3	2610	2501	0,96	39	1968	77,0	13,1	50,7	1,53	0,95	0,58	0,38	29	31	09:49:11	188
21:37	0	157	34,5	2480	2411	0,97	37	2026	74,2	12,4	52,5	1,64	1,02	0,62	0,38	30	31	09:49:13	188
21:39	0	157	35,5	2550	2492	0,98	35	2189	75,7	12,8	51,5	1,73	1,10	0,64	0,37	30	30	09:49:15	188
21:41	0	157	35,4	2543	2499	0,98	33	2279	75,7	12,8	51,5	1,81	1,15	0,65	0,36	30	30	09:49:17	188
21:42	0	157	37,8	2714	2640	0,97	34	2358	79,9	13,6	48,8	1,77	1,14	0,63	0,36	29	30	09:49:18	188
21:44	0	157	39,6	2844	2746	0,97	36	2330	83,9	14,3	46,2	1,67	1,08	0,59	0,35	30	31	09:49:20	188
21:47	0	157	36,9	2649	2592	0,98	35	2307	79,8	13,3	48,9	1,73	1,11	0,62	0,36	30	31	09:49:23	189
21:48	0	157	37,1	2665	2589	0,97	35	2268	78,9	13,4	49,4	1,72	1,11	0,61	0,35	30	30	09:49:24	189
21:49	0	157	39,4	2829	2718	0,96	37	2241	83,6	14,2	46,4	1,61	1,04	0,57	0,35	30	31	09:49:25	189
21:51	0	157	38,4	2754	2674	0,97	36	2286	83,2	13,8	46,7	1,65	1,04	0,60	0,37	30	31	09:49:27	189
21:53	0	157	37,6	2696	2621	0,97	36	2246	82,0	13,5	47,5	1,64	1,04	0,60	0,37	30	31	09:49:29	189
21:55	0	157	37,8	2715	2641	0,97	36	2250	81,9	13,6	47,5	1,65	1,06	0,59	0,36	30	31	09:49:31	189
21:56	0	157	37,8	2713	2635	0,97	37	2218	81,7	13,6	47,6	1,63	1,05	0,58	0,36	30	31	09:49:32	189
