TEMPS	Vitesse	PUIS.	VO2/KG	VO2	VCO2	Q.R	FR	Vt	VE	KCal	Rés.V.	Ttot	Te	Ti	Ti/Ttot	VE/VO2	VE/VCO2	Horloge	FC
(min)	(RPM)	(Watts)	(mL/kg/min)	(mL/min)	(mL/min)		(br/min)	(mL)	(L/min)	(KCal/min)	(%)	(sec)	(sec)	(sec)				(Minuterie)	(BPM)
0:10	0	103	15,4	1035	853	0,82	20	1146	22,5	5,0	85,4	3,05	2,07	0,98	0,32	22	26	09:20:33	103
0:14	0	103	12,1	814	653	0,80	16	1109	17,2	3,9	88,8	3,87	2,89	0,98	0,25	21	26	09:20:37	103
0:16	0	104	14,3	961	752	0,78	33	687	22,4	4,6	85,5	1,84	1,48	0,36	0,20	23	30	09:20:39	103
0:18	0	104	13,0	878	707	0,81	29	707	20,1	4,2	86,9	2,11	1,66	0,44	0,21	23	29	09:20:41	103
0:22	0	105	14,0	945	767	0,81	25	853	21,1	4,6	86,3	2,42	1,80	0,62	0,26	22	28	09:20:45	106
0:25	0	106	15,4	1041	857	0,82	23	991	23,2	5,1	84,9	2,56	1,87	0,69	0,27	22	27	09:20:48	108
0:28	0	106	16,7	1127	946	0,84	20	1216	24,9	5,5	83,8	2,93	2,05	0,88	0,30	22	26	09:20:51	107
0:31	0	107	17,9	1209	1013	0,84	21	1270	26,6	5,9	82,8	2,87	2,01	0,86	0,30	22	26	09:20:54	113
0:34	0	107	19,7	1329	1100	0,83	20	1417	28,1	6,5	81,7	3,02	2,04	0,98	0,32	21	26	09:20:57	118
0:37	0	108	20,9	1410	1169	0,83	19	1598	29,6	6,9	80,8	3,24	2,17	1,07	0,33	21	25	09:21:00	118
0:40	0	110	22,0	1480	1221	0,82	19	1653	30,6	7,2	80,1	3,24	2,16	1,07	0,33	21	25	09:21:03	118
0:43	0	110	22,7	1531	1242	0,81	20	1527	31,3	7,4	79,7	2,93	1,98	0,95	0,32	20	25	09:21:06	118
0:46	0	111	23,5	1587	1306	0,82	20	1628	33,2	7,7	78,5	2,94	1,99	0,95	0,32	21	25	09:21:09	119
0:48	0	111	24,4	1646	1349	0,82	21	1664	34,3	8,0	77,7	2,91	1,96	0,95	0,33	21	25	09:21:11	119
0:51	0	112	24,1	1624	1326	0,82	20	1632	33,0	7,9	78,6	2,96	2,00	0,96	0,32	20	25	09:21:14	119
0:54	0	112	25,0	1683	1373	0,82	21	1662	34,8	8,2	77,4	2,86	1,92	0,95	0,33	21	25	09:21:17	120
0:57	0	113	25,6	1726	1415	0,82	21	1668	35,8	8,4	76,7	2,79	1,82	0,97	0,35	21	25	09:21:20	121
0:59	0	113	26,1	1760	1425	0,81	23	1585	36,0	8,5	76,6	2,64	1,73	0,91	0,35	20	25	09:21:22	121
1:02	0	114	26,5	1786	1449	0,81	23	1589	36,8	8,6	76,1	2,59	1,72	0,87	0,34	21	25	09:21:25	121
1:06	0	115	25,3	1704	1384	0,81	22	1581	34,6	8,3	77,6	2,75	1,84	0,91	0,33	20	25	09:21:29	121
1:08	0	115	25,5	1718	1403	0,82	22	1585	34,9	8,3	77,3	2,72	1,81	0,92	0,34	20	25	09:21:31	120
1:10	0	116	26,6	1796	1463	0,81	23	1618	37,1	8,7	75,9	2,62	1,71	0,91	0,35	21	25	09:21:33	120
1:14	0	116	27,0	1817	1514	0,83	22	1784	38,7	8,8	74,9	2,77	1,79	0,97	0,35	21	26	09:21:37	120
1:17	0	117	26,3	1775	1482	0,84	21	1769	38,0	8,6	75,4	2,80	1,85	0,94	0,34	21	26	09:21:40	120
1:20	0	118	25,2	1700	1418	0,83	20	1769	35,2	8,3	77,1	3,01	2,04	0,97	0,32	21	25	09:21:43	119
1:23	0	118	25,5	1717	1432	0,83	19	1802	34,9	8,4	77,3	3,10	2,08	1,02	0,33	20	24	09:21:46	119
1:26	0	120	27,5	1856	1544	0,83	21	1861	38,4	9,0	75,1	2,91	1,91	1,00	0,34	21	25	09:21:49	119
1:29	0	120	26,0	1754	1465	0,84	19	1842	35,7	8,5	76,8	3,09	2,08	1,01	0,33	20	24	09:21:52	119
1:33	0	121	25,5	1719	1454	0,85	18	1944	35,1	8,4	77,2	3,32	2,26	1,06	0,32	20	24	09:21:56	120
1:35	0	122	25,2	1696	1422	0,84	19	1762	34,2	8,3	77,8	3,10	2,11	0,99	0,32	20	24	09:21:58	121
1:38	0	122	26,2	1763	1486	0,84	20	1817	35,6	8,6	76,9	3,06	2,06	1,00	0,33	20	24	09:22:01	122
1:41	0	123	27,2	1831	1561	0,85	21	1841	38,4	8,9	75,1	2,88	1,87	1,01	0,35	21	25	09:22:04	121
1:44	0	124	27,0	1817	1553	0,85	20	1868	37,8	8,9	75,5	2,97	1,97	0,99	0,33	21	24	09:22:07	120
1:48	0	124	25,9	1746	1464	0,84	19	1843	34,3	8,5	77,7	3,23	1,91	1,31	0,41	20	23	09:22:11	120
1:51	0	125	26,3	1776	1493	0,84	20	1821	35,7	8,7	76,8	3,06	1,79	1,28	0,42	20	24	09:22:14	121
1:53	0	125	27,3	1839	1556	0,85	21	1771	37,8	9,0	75,5	2,81	1,56	1,25	0,44	21	24	09:22:16	122
1:56	0	126	27,4	1846	1573	0,85	21	1830	38,2	9,0	75,2	2,87	1,63	1,25	0,43	21	24	09:22:19	119
2:00	0	127	25,8	1738	1474	0,85	19	1812	35,3	8,5	77,1	3,08	1,80	1,28	0,42	20	24	09:22:23	120
2:03	0	127	26,0	1749	1473	0,84	20	1795	35,1	8,5	77,2	3,07	1,81	1,25	0,41	20	24	09:22:26	120
2:05	0	128	27,5	1853	1581	0,85	21	1839	38,5	9,1	75,0	2,86	1,63	1,24	0,43	21	24	09:22:28	120
2:09	0	128	27,3	1843	1603	0,87	21	1861	39,6	9,0	74,3	2,82	1,84	0,98	0,35	21	25	09:22:32	120
2:12	0	130	28,4	1913	1682	0,88	21	2001	41,6	9,4	73,0	2,88	1,86	1,02	0,35	22	25	09:22:35	119
2:14	0	130	27,0	1823	1616	0,89	21	1943	40,3	9,0	73,8	2,89	1,90	1,00	0,34	22	25	09:22:37	119
2:17	0	131	25,9	1747	1548	0,89	21	1849	38,0	8,6	75,3	2,92	1,96	0,96	0,33	22	25	09:22:40	118
2:19	0	131	27,8	1877	1668	0,89	21	1972	41,1	9,2	73,3	2,88	1,89	0,99	0,34	22	25	09:22:42	118
2:22	0	132	27,0	1821	1628	0,89	22	1875	40,5	9,0	73,7	2,78	1,81	0,96	0,35	22	25	09:22:45	118
2:25	0	133	26,6	1793	1608	0,90	21	1881	39,8	8,8	74,2	2,84	1,87	0,97	0,34	22	25	09:22:48	117
2:27	0	133	27,9	1883	1708	0,91	23	1891	43,1	9,3	72,0	2,63	1,76	0,87	0,33	23	25	09:22:50	117
2:30	0	134	25,9	1746	1588	0,91	22	1815	39,7	8,6	74,2	2,75	1,80	0,95	0,35	23	25	09:22:53	117
2:33	0	134	26,0	1750	1590	0,91	21	1856	38,9	8,7	74,7	2,86	1,88	0,99	0,34	22	24	09:22:56	116
2:36	0	135	26,7	1798	1622	0,90	21	1875	39,9	8,9	74,1	2,82	1,89	0,92	0,33	22	25	09:22:59	116
2:39	0	135	26,4	1777	1579	0,89	21	1826	38,6	8,8	74,9	2,84	1,89	0,95	0,33	22	24	09:23:02	116
2:43	0	136	25,3	1705	1508	0,88	20	1775	35,9	8,4	76,7	2,97	1,95	1,01	0,34	21	24	09:23:06	116
2:45	0	137	25,9	1743	1542	0,88	21	1773	36,6	8,6	76,2	2,91	1,92	0,99	0,34	21	24	09:23:08	117
2:48	0	137	25,8	1738	1517	0,87	21	1755	36,1	8,5	76,6	2,92	1,93	0,99	0,34	21	24	09:23:11	117
2:51	0	138	26,2	1769	1564	0,88	20	1945	38,4	8,7	75,1	3,04	2,03	1,01	0,33	22	25	09:23:14	118
2:54	0	138	27,5	1851	1637	0,88	21	1948	40,6	9,1	73,6	2,88	1,91	0,97	0,34	22	25	09:23:17	119
2:56	0	140	28,8	1942	1705	0,88	22	1965	42,6	9,5	72,3	2,77	1,83	0,94	0,34	22	25	09:23:19	119
2:58	0	140	28,6	1924	1711	0,89	22	1948	43,4	9,5	71,8	2,69	1,78	0,91	0,34	23	25	09:23:21	119
3:01	0	141	28,6	1925	1711	0,89	22	1948	43,4	9,5	71,8	2,69	1,78	0,91	0,34	23	25	09:23:24	120
3:03	0	141	27,7	1870	1692	0,90	22	1955	43,1	9,2	72,0	2,72	1,79	0,93	0,34	23	25	09:23:26	120
3:06	0	142	26,8	1809	1651	0,91	22	1902	42,4	9,0	72,4	2,69	1,78	0,91	0,34	23	26	09:23:29	123
3:10	0	143	26,9	1811	1636	0,90	24	1725	41,5	8,9	73,1	2,50	1,65	0,84	0,34	23	25	09:23:33	123
3:13	0	143	27,1	1828	1625	0,89	24	1697	40,9	9,0	73,5	2,49	1,65	0,85	0,34	22	25	09:23:36	125
3:16	0	144	26,2	1768	1596	0,90	22	1847	40,4	8,7	73,7	2,74	1,83	0,91	0,33	23	25	09:23:39	125
3:19	0	144	25,9	1744	1554	0,89	21	1830	38,9	8,6	74,8	2,82	1,89	0,94	0,33	22	25	09:23:42	125
3:22	0	145	27,1	1829	1605	0,88	21	1874	39,1	9,0	74,6	2,88	1,92	0,95	0,33	21	24	09:23:45	125
3:24	0	146	27,1	1828	1590	0,87	20	1879	38,4	9,0	75,1	2,94	1,95	0,99	0,34	21	24	09:23:47	126
3:27	0	146	27,2	1836	1571	0,86	20	1921	39,3	9,0	74,5	2,93	1,99	0,94	0,32	21	25	09:23:50	126
3:29	0	146	28,7	1933	1645	0,85	21	1938	41,0	9,4	73,4	2,84	1,94	0,90	0,32	21	25	09:23:52	126
3:31	0	147	27,2	1831	1563	0,85	21	1903	39,8	8,9	74,1	2,87	2,02	0,85	0,30	22	25	09:23:54	126
3:34	0	147	26,8	1807	1527	0,85	22	1751	39,1	8,8	74,6	2,69	1,96	0,73	0,27	22	26	09:23:57	126
3:39	0	148	26,8	1807	1527	0,85	22	1751	39,1	8,8	74,6	2,69	1,96	0,73	0,27	22	26	09:24:02	126
3:42	0	150	26,8	1807	1510	0,84	22	1735	38,9	8,8	74,7	2,68	1,94	0,74	0,28	22	26	09:24:05	125
3:43	0	150	29,3	1974	1620	0,82	24	1752	42,2	9,6	72,6	2,49	1,82	0,67	0,27	21	26	09:24:06	123
3:46	0	151	31,8	2145	1771	0,83	26	1772	45,2	10,4	70,6	2,35	1,69	0,66	0,28	21	26	09:24:09	123
3:49	0	151	27,5	1856	1563	0,84	23	1730	39,2	9,0	74,6	2,65	1,86	0,79	0,30	21	25	09:24:12	123
3:51	0	152	30,0	2019	1717	0,85	23	1823	42,4	9,9	72,5	2,58	1,75	0,83	0,32	21	25	09:24:14	125
3:54	0	153	29,8	2009	1715	0,85	22	1907	42,0	9,8	72,7	2,73	1,81	0,92	0,34	21	24	09:24:17	126
3:57	0	153	31,6	2127	1817	0,85	23	1922	44,4	10,4	71,1	2,60	1,80	0,80	0,31	21	24	09:24:20	127
4:00	0	154	31,9	2149	1877	0,87	24	1943	46,2	10,5	70,0	2,52	1,75	0,78	0,31	21	25	09:24:23	127
4:03	0	154	28,7	1937	1703	0,88	22	1893	40,7	9,5	73,5	2,79	1,89	0,89	0,32	21	24	09:24:26	127
4:06	0	155	28,9	1947	1713	0,88	21	1976	40,9	9,6	73,4	2,90	1,93	0,96	0,33	21	24	09:24:29	128
4:08	0	155	31,6	2130	1878	0,88	22	2037	45,7	10,5	70,3	2,67	1,83	0,84	0,31	21	24	09:24:31	129
4:10	0	156	30,7	2072	1840	0,89	22	2016	45,1	10,2	70,7	2,68	1,81	0,87	0,32	22	24	09:24:33	130
4:13	0	156	31,7	2135	1905	0,89	24	1987	47,4	10,5	69,2	2,52	1,70	0,82	0,32	22	25	09:24:36	130
4:16	0	158	29,7	2000	1778	0,89	23	1962	44,3	9,9	71,3	2,66	1,81	0,85	0,32	22	25	09:24:39	130
4:19	0	158	29,8	2006	1762	0,88	22	1976	42,9	9,9	72,1	2,76	1,97	0,80	0,29	21	24	09:24:42	130
4:22	0	158	30,7	2067	1801	0,87	22	2001	43,8	10,1	71,5	2,74	1,96	0,78	0,28	21	24	09:24:45	130
4:25	0	160	30,5	2054	1789	0,87	23	1951	43,9	10,1	71,5	2,67	1,96	0,70	0,26	21	25	09:24:48	130
4:27	0	160	30,1	2029	1757	0,87	22	1901	42,7	9,9	72,2	2,67	1,97	0,70	0,26	21	24	09:24:50	129
4:30	0	161	29,4	1979	1714	0,87	22	1880	40,5	9,7	73,7	2,78	2,08	0,70	0,25	20	24	09:24:53	130
4:33	0	161	28,4	1916	1639	0,86	21	1882	38,9	9,4	74,7	2,90	2,18	0,73	0,25	20	24	09:24:56	131
4:35	0	162	30,7	2067	1801	0,87	22	1934	43,1	10,1	72,0	2,69	1,97	0,72	0,27	21	24	09:24:58	132
4:37	0	162	31,4	2114	1865	0,88	23	1961	45,9	10,4	70,2	2,56	1,78	0,78	0,30	22	25	09:25:00	132
4:39	0	163	31,4	2115	1866	0,88	23	1961	45,9	10,4	70,2	2,56	1,78	0,78	0,30	22	25	09:25:02	132
4:41	0	163	30,7	2071	1798	0,87	25	1792	44,6	10,2	71,0	2,41	1,75	0,66	0,27	22	25	09:25:04	132
4:43	0	163	31,5	2123	1862	0,88	25	1848	46,0	10,4	70,1	2,41	1,74	0,67	0,28	22	25	09:25:06	132
4:46	0	164	32,9	2215	1963	0,89	26	1939	49,7	10,9	67,7	2,34	1,65	0,69	0,29	22	25	09:25:09	133
4:49	0	164	33,1	2234	2008	0,90	28	1804	50,9	11,0	66,9	2,13	1,42	0,71	0,33	23	25	09:25:12	133
4:51	0	165	32,3	2177	1956	0,90	29	1736	49,7	10,8	67,7	2,10	1,41	0,69	0,33	23	25	09:25:14	133
4:53	0	165	32,7	2202	1981	0,90	29	1748	50,1	10,9	67,5	2,09	1,42	0,68	0,32	23	25	09:25:16	133
4:57	0	166	32,7	2205	2025	0,92	26	1986	51,0	10,9	66,9	2,34	1,55	0,78	0,34	23	25	09:25:20	131
4:58	0	166	32,7	2205	2054	0,93	25	2052	51,7	11,0	66,4	2,38	1,52	0,86	0,36	23	25	09:25:21	131
5:00	0	167	30,4	2050	1919	0,94	26	1901	49,3	10,2	68,0	2,31	1,48	0,83	0,36	24	26	09:25:23	130
5:03	0	167	27,5	1855	1731	0,93	24	1785	43,3	9,2	71,9	2,48	1,60	0,88	0,36	23	25	09:25:26	130
5:08	0	168	27,5	1856	1659	0,89	21	1881	40,4	9,2	73,8	2,79	2,02	0,78	0,28	22	24	09:25:31	131
5:10	0	169	29,1	1961	1700	0,87	21	1961	40,5	9,6	73,7	2,90	2,06	0,85	0,29	21	24	09:25:33	130
5:12	0	169	29,1	1960	1700	0,87	21	1961	40,5	9,6	73,7	2,90	2,06	0,85	0,29	21	24	09:25:35	130
5:14	0	170	31,2	2102	1777	0,85	22	1895	42,6	10,3	72,3	2,67	1,96	0,71	0,27	20	24	09:25:37	130
5:16	0	170	30,9	2085	1768	0,85	22	1939	43,3	10,2	71,9	2,69	1,95	0,74	0,27	21	24	09:25:39	130
5:18	0	170	32,6	2199	1887	0,86	22	2082	46,2	10,8	70,0	2,71	1,96	0,75	0,28	21	24	09:25:41	129
5:20	0	172	37,3	2515	2236	0,89	29	2022	57,8	12,4	62,5	2,10	1,34	0,76	0,36	23	26	09:25:43	129
5:23	0	172	37,4	2520	2238	0,89	29	2022	57,8	12,4	62,5	2,10	1,34	0,76	0,36	23	26	09:25:46	130
5:26	0	173	35,7	2404	2224	0,93	30	1957	58,4	11,9	62,1	2,01	1,31	0,70	0,35	24	26	09:25:49	130
5:28	0	173	34,3	2314	2117	0,91	28	1938	53,9	11,5	65,0	2,16	1,42	0,74	0,34	23	25	09:25:51	129
5:30	0	174	34,5	2326	2119	0,91	28	1886	52,2	11,5	66,1	2,17	1,43	0,74	0,34	22	25	09:25:53	130
5:33	0	174	34,3	2311	2102	0,91	27	1892	50,4	11,4	67,3	2,25	1,48	0,77	0,34	22	24	09:25:56	131
5:35	0	175	34,0	2294	2073	0,90	26	1873	49,3	11,3	68,0	2,28	1,51	0,77	0,34	21	24	09:25:58	131
5:37	0	175	33,1	2231	2040	0,91	26	1900	49,1	11,1	68,1	2,32	1,51	0,81	0,35	22	24	09:26:00	131
5:40	0	176	33,1	2232	2040	0,91	26	1900	49,1	11,1	68,1	2,32	1,51	0,81	0,35	22	24	09:26:03	132
5:43	0	176	31,6	2130	1957	0,92	25	1906	47,5	10,6	69,2	2,41	1,58	0,82	0,34	22	24	09:26:06	133
5:46	0	177	32,6	2194	1995	0,91	25	1901	48,2	10,9	68,7	2,36	1,55	0,81	0,34	22	24	09:26:09	134
5:49	0	177	32,5	2194	1995	0,91	25	1901	48,2	10,9	68,7	2,36	1,55	0,81	0,34	22	24	09:26:12	134
5:51	0	178	33,3	2243	2049	0,91	24	2060	49,5	11,1	67,9	2,50	1,65	0,85	0,34	22	24	09:26:14	136
5:54	0	178	33,2	2240	2037	0,91	23	2122	48,9	11,1	68,2	2,60	1,71	0,89	0,34	22	24	09:26:17	137
5:56	0	179	33,1	2234	2025	0,91	23	2102	48,8	11,0	68,3	2,58	1,71	0,87	0,34	22	24	09:26:19	135
5:58	0	179	35,3	2376	2128	0,90	24	2147	51,1	11,7	66,8	2,52	1,62	0,90	0,36	22	24	09:26:21	135
Départ Exercice																			
6:00	0	250	35,8	2410	2169	0,90	25	2121	52,4	11,9	66,0	2,43	1,57	0,86	0,35	22	24	09:26:23	136
6:02	0	250	35,7	2409	2200	0,91	25	2136	54,3	11,9	64,7	2,36	1,51	0,85	0,36	23	25	09:26:25	138
6:05	0	250	35,2	2373	2151	0,91	26	2035	53,3	11,7	65,4	2,29	1,46	0,83	0,36	22	25	09:26:28	139
6:07	0	250	34,5	2326	2128	0,91	27	2004	53,1	11,5	65,5	2,26	1,46	0,80	0,35	23	25	09:26:30	138
6:10	0	250	35,2	2370	2200	0,93	25	2152	54,7	11,8	64,4	2,36	1,46	0,90	0,38	23	25	09:26:33	138
6:12	0	250	35,7	2408	2244	0,93	26	2152	55,7	12,0	63,8	2,32	1,44	0,88	0,38	23	25	09:26:35	139
6:14	0	250	35,7	2408	2244	0,93	26	2152	55,7	12,0	63,8	2,32	1,44	0,88	0,38	23	25	09:26:37	140
6:16	0	250	35,9	2418	2249	0,93	26	2131	55,7	12,0	63,8	2,29	1,42	0,87	0,38	23	25	09:26:39	140
6:18	0	250	35,8	2411	2239	0,93	26	2132	55,3	12,0	64,1	2,31	1,42	0,89	0,39	23	25	09:26:41	142
6:21	0	250	35,8	2411	2239	0,93	26	2132	55,3	12,0	64,1	2,31	1,42	0,89	0,39	23	25	09:26:44	141
6:24	0	250	36,5	2463	2258	0,92	25	2155	54,9	12,2	64,3	2,35	1,45	0,90	0,38	22	24	09:26:47	141
6:26	0	250	38,0	2559	2284	0,89	28	2013	55,4	12,6	64,0	2,18	1,39	0,79	0,36	22	24	09:26:49	141
SV1																			
6:28	0	250	39,6	2667	2349	0,88	27	2104	56,7	13,1	63,2	2,23	1,42	0,80	0,36	21	24	09:26:51	143
6:30	0	250	40,8	2749	2402	0,87	27	2172	58,1	13,5	62,3	2,24	1,43	0,82	0,36	21	24	09:26:53	143
6:33	0	250	38,8	2617	2298	0,88	26	2111	55,4	12,9	64,1	2,29	1,45	0,83	0,36	21	24	09:26:56	143
6:35	0	250	39,8	2684	2333	0,87	26	2128	55,4	13,2	64,1	2,31	1,49	0,81	0,35	21	24	09:26:58	143
6:37	0	250	41,1	2773	2402	0,87	26	2184	56,5	13,6	63,3	2,32	1,50	0,82	0,35	20	24	09:27:00	144
6:40	0	250	41,0	2764	2367	0,86	25	2195	55,1	13,5	64,2	2,39	1,56	0,82	0,35	20	23	09:27:03	145
6:42	0	250	40,8	2752	2353	0,85	26	2144	54,7	13,5	64,5	2,35	1,57	0,78	0,33	20	23	09:27:05	145
6:45	0	250	40,8	2751	2352	0,86	26	2144	54,7	13,5	64,5	2,35	1,57	0,78	0,33	20	23	09:27:08	146
6:47	0	250	40,1	2703	2320	0,86	25	2124	53,9	13,2	65,0	2,37	1,58	0,79	0,33	20	23	09:27:10	146
6:49	0	250	41,6	2805	2447	0,87	27	2150	58,1	13,8	62,3	2,22	1,45	0,77	0,35	21	24	09:27:12	146
6:51	0	250	41,7	2809	2463	0,88	27	2153	58,8	13,8	61,8	2,20	1,40	0,80	0,36	21	24	09:27:14	146
6:54	0	250	42,3	2853	2530	0,89	28	2216	61,2	14,0	60,3	2,17	1,35	0,82	0,38	21	24	09:27:17	146
6:56	0	250	43,5	2929	2598	0,89	27	2280	62,3	14,4	59,6	2,20	1,37	0,83	0,38	21	24	09:27:19	146
6:59	0	250	42,9	2889	2587	0,90	27	2327	62,4	14,3	59,5	2,24	1,39	0,85	0,38	22	24	09:27:22	145
7:01	0	250	42,9	2889	2587	0,90	27	2327	62,4	14,3	59,5	2,24	1,39	0,85	0,38	22	24	09:27:24	146
7:03	0	250	44,3	2988	2671	0,89	27	2337	63,9	14,7	58,5	2,19	1,34	0,85	0,39	21	24	09:27:26	146
7:05	0	250	43,3	2918	2628	0,90	27	2328	63,3	14,4	58,9	2,21	1,34	0,87	0,39	22	24	09:27:28	148
7:07	0	250	44,8	3020	2741	0,91	28	2410	66,6	14,9	56,8	2,17	1,33	0,85	0,39	22	24	09:27:30	149
7:09	0	250	45,3	3055	2790	0,91	28	2399	68,3	15,1	55,7	2,11	1,31	0,80	0,38	22	24	09:27:32	150
7:11	0	250	44,4	2991	2758	0,92	28	2389	67,7	14,8	56,0	2,12	1,33	0,79	0,37	23	25	09:27:34	150
7:14	0	250	44,4	2991	2758	0,92	28	2389	67,7	14,8	56,0	2,12	1,33	0,79	0,37	23	25	09:27:37	150
7:16	0	250	43,8	2954	2743	0,93	28	2417	67,3	14,7	56,3	2,15	1,38	0,78	0,36	23	25	09:27:39	152
7:18	0	250	43,5	2929	2711	0,93	27	2428	65,8	14,6	57,3	2,21	1,43	0,78	0,35	22	24	09:27:41	152
7:21	0	250	43,8	2952	2748	0,93	26	2567	66,0	14,7	57,1	2,33	1,47	0,86	0,37	22	24	09:27:44	155
7:23	0	250	43,8	2952	2748	0,93	26	2567	66,0	14,7	57,1	2,33	1,47	0,86	0,37	22	24	09:27:46	155
7:25	0	250	44,3	2987	2765	0,93	26	2543	65,6	14,8	57,4	2,33	1,46	0,86	0,37	22	24	09:27:48	156
7:27	0	250	45,7	3082	2846	0,92	26	2586	67,5	15,3	56,2	2,30	1,42	0,88	0,38	22	24	09:27:50	156
7:30	0	250	45,7	3082	2846	0,92	26	2586	67,5	15,3	56,2	2,30	1,42	0,88	0,38	22	24	09:27:53	156
7:32	0	250	46,8	3155	2904	0,92	26	2602	68,8	15,7	55,3	2,27	1,38	0,89	0,39	22	24	09:27:55	156
7:34	0	250	47,5	3202	2947	0,92	28	2522	70,0	15,9	54,5	2,16	1,31	0,85	0,40	22	24	09:27:57	155
7:36	0	250	49,5	3338	3042	0,91	30	2421	72,9	16,5	52,6	1,99	1,24	0,75	0,38	22	24	09:27:59	155
7:37	0	250	49,7	3348	3076	0,92	30	2514	75,1	16,6	51,2	2,01	1,24	0,77	0,38	22	24	09:28:00	155
7:39	0	250	48,5	3269	3045	0,93	30	2508	75,8	16,3	50,8	1,99	1,21	0,77	0,39	23	25	09:28:02	156
7:42	0	250	45,1	3043	2820	0,93	28	2441	68,9	15,1	55,3	2,13	1,37	0,76	0,36	23	24	09:28:05	155
7:44	0	250	48,7	3279	3060	0,93	31	2452	76,1	16,3	50,6	1,93	1,18	0,76	0,39	23	25	09:28:07	156
7:46	0	250	48,5	3267	3073	0,94	32	2444	77,1	16,3	49,9	1,90	1,15	0,75	0,39	24	25	09:28:09	156
7:48	0	250	47,4	3194	3023	0,95	30	2481	75,4	15,9	51,0	1,97	1,23	0,75	0,38	24	25	09:28:11	156
7:51	0	250	46,0	3098	2929	0,95	29	2487	71,5	15,5	53,6	2,09	1,35	0,74	0,36	23	24	09:28:14	157
7:53	0	250	46,0	3097	2929	0,95	29	2487	71,5	15,5	53,6	2,09	1,35	0,74	0,36	23	24	09:28:16	157
7:55	0	250	46,2	3111	2932	0,94	28	2515	71,2	15,5	53,8	2,12	1,38	0,74	0,35	23	24	09:28:18	157
7:57	0	250	46,1	3110	2931	0,94	28	2515	71,2	15,5	53,8	2,12	1,38	0,74	0,35	23	24	09:28:20	157
7:59	0	250	44,6	3006	2867	0,95	27	2541	69,7	15,0	54,7	2,19	1,44	0,74	0,34	23	24	09:28:22	157
8:01	0	250	45,1	3038	2894	0,95	27	2575	69,8	15,2	54,7	2,21	1,46	0,75	0,34	23	24	09:28:24	157
8:03	0	250	45,6	3077	2935	0,95	28	2557	71,2	15,4	53,7	2,15	1,38	0,77	0,36	23	24	09:28:26	157
8:05	0	250	45,9	3094	2968	0,96	28	2563	73,0	15,5	52,6	2,11	1,31	0,79	0,38	24	25	09:28:28	157
8:07	0	250	44,6	3005	2912	0,97	28	2559	72,7	15,1	52,8	2,11	1,32	0,79	0,38	24	25	09:28:30	157
8:10	0	250	44,3	2988	2894	0,97	28	2551	71,9	15,0	53,3	2,13	1,33	0,80	0,38	24	25	09:28:33	158
8:12	0	250	45,6	3074	2962	0,96	29	2546	73,9	15,4	52,0	2,07	1,27	0,79	0,38	24	25	09:28:35	158
8:15	0	250	45,6	3074	2962	0,96	29	2546	73,9	15,4	52,0	2,07	1,27	0,79	0,38	24	25	09:28:38	158
8:17	0	250	45,0	3035	2905	0,96	28	2511	71,5	15,2	53,6	2,11	1,31	0,79	0,38	24	25	09:28:40	158
8:19	0	250	45,0	3035	2904	0,96	28	2511	71,5	15,2	53,6	2,11	1,31	0,79	0,38	24	25	09:28:42	158
8:21	0	250	45,6	3074	2951	0,96	29	2570	73,8	15,4	52,1	2,09	1,28	0,81	0,39	24	25	09:28:44	157
8:23	0	250	45,7	3081	2944	0,96	29	2531	73,8	15,4	52,1	2,06	1,24	0,81	0,40	24	25	09:28:46	156
8:25	0	250	46,2	3113	2974	0,96	30	2516	75,1	15,6	51,2	2,01	1,20	0,81	0,40	24	25	09:28:48	157
8:27	0	250	47,0	3166	3031	0,96	30	2569	77,1	15,8	50,0	2,00	1,19	0,81	0,41	24	25	09:28:50	156
8:29	0	250	47,3	3190	3092	0,97	30	2648	80,4	16,0	47,8	1,98	1,17	0,80	0,41	25	26	09:28:52	158
8:31	0	250	47,3	3191	3093	0,97	30	2648	80,4	16,0	47,8	1,98	1,17	0,80	0,41	25	26	09:28:54	160
8:33	0	250	46,6	3138	3013	0,96	31	2531	78,0	15,7	49,3	1,95	1,17	0,78	0,40	25	26	09:28:56	162
8:35	0	250	45,2	3044	2922	0,96	31	2413	74,2	15,2	51,8	1,95	1,22	0,73	0,38	24	25	09:28:58	161
8:37	0	250	46,5	3135	2988	0,95	31	2432	74,7	15,7	51,5	1,95	1,22	0,74	0,38	24	25	09:29:00	162
8:40	0	250	46,6	3141	2984	0,95	29	2499	73,5	15,7	52,3	2,04	1,27	0,77	0,38	23	25	09:29:03	161
8:42	0	250	45,6	3072	2929	0,95	29	2514	73,0	15,4	52,6	2,07	1,29	0,77	0,37	24	25	09:29:05	160
8:44	0	250	45,2	3049	2905	0,95	29	2509	72,4	15,2	53,0	2,08	1,29	0,79	0,38	24	25	09:29:07	159
8:46	0	250	45,4	3058	2906	0,95	29	2511	71,7	15,3	53,5	2,10	1,26	0,84	0,40	23	25	09:29:09	159
8:48	0	250	43,6	2941	2805	0,95	27	2533	68,5	14,7	55,5	2,22	1,33	0,89	0,40	23	24	09:29:11	158
8:51	0	250	45,8	3089	2937	0,95	28	2596	72,2	15,4	53,1	2,16	1,28	0,88	0,41	23	25	09:29:14	158
8:53	0	250	44,9	3029	2878	0,95	27	2573	70,4	15,1	54,3	2,19	1,24	0,96	0,44	23	24	09:29:16	158
8:56	0	250	44,1	2970	2785	0,94	26	2520	66,7	14,8	56,7	2,27	1,31	0,96	0,42	22	24	09:29:19	158
8:57	0	250	43,5	2933	2745	0,94	27	2470	65,9	14,6	57,2	2,25	1,30	0,95	0,42	22	24	09:29:20	158
8:59	0	250	44,1	2973	2761	0,93	27	2444	65,3	14,8	57,6	2,25	1,30	0,95	0,42	22	24	09:29:22	159
9:01	0	250	45,6	3074	2836	0,92	28	2458	68,3	15,3	55,6	2,16	1,27	0,89	0,41	22	24	09:29:24	159
9:03	0	250	47,5	3199	2996	0,94	30	2490	75,2	15,9	51,2	1,99	1,14	0,85	0,43	23	25	09:29:26	159
9:05	0	250	46,1	3109	2960	0,95	30	2509	75,3	15,5	51,1	2,00	1,16	0,84	0,42	24	25	09:29:28	160
9:07	0	250	46,8	3157	3030	0,96	32	2498	78,7	15,8	48,9	1,90	1,15	0,75	0,39	25	26	09:29:30	161
9:09	0	250	47,6	3208	3102	0,97	32	2546	80,6	16,1	47,7	1,90	1,16	0,74	0,39	25	26	09:29:32	157
9:11	0	250	47,5	3202	3098	0,97	30	2639	80,2	16,1	47,9	1,97	1,15	0,83	0,42	25	26	09:29:34	145
9:14	0	250	45,9	3096	3039	0,98	29	2671	78,8	15,6	48,8	2,03	1,20	0,83	0,41	25	26	09:29:37	142
9:16	0	250	45,1	3039	2940	0,97	30	2534	75,5	15,2	51,0	2,01	1,19	0,83	0,41	25	26	09:29:39	142
9:17	0	250	45,1	3038	2940	0,97	30	2534	75,5	15,2	51,0	2,01	1,19	0,83	0,41	25	26	09:29:40	142
9:19	0	250	47,3	3187	3022	0,95	31	2541	78,0	15,9	49,3	1,95	1,13	0,82	0,42	24	26	09:29:42	146
9:21	0	250	47,6	3210	3039	0,95	30	2581	78,4	16,0	49,1	1,98	1,16	0,82	0,41	24	26	09:29:44	157
9:23	0	250	47,5	3204	3031	0,95	30	2579	78,2	16,0	49,2	1,98	1,16	0,82	0,41	24	26	09:29:46	160
9:24	0	250	49,5	3336	3104	0,93	33	2413	80,3	16,6	47,8	1,80	1,09	0,71	0,40	24	26	09:29:47	160
9:27	0	250	49,5	3336	3105	0,93	33	2413	80,3	16,6	47,8	1,80	1,09	0,71	0,40	24	26	09:29:50	159
9:29	0	250	48,7	3280	3091	0,94	32	2475	80,1	16,4	48,0	1,85	1,12	0,74	0,40	24	26	09:29:52	159
9:31	0	250	48,3	3256	3079	0,95	32	2439	79,1	16,2	48,6	1,85	1,11	0,74	0,40	24	26	09:29:54	159
9:33	0	250	48,3	3256	3079	0,95	32	2439	79,1	16,2	48,6	1,85	1,11	0,74	0,40	24	26	09:29:56	159
9:35	0	250	47,3	3187	3018	0,95	32	2425	77,7	15,9	49,5	1,87	1,12	0,76	0,40	24	26	09:29:58	159
9:36	0	250	47,9	3227	3051	0,95	33	2443	79,4	16,1	48,4	1,85	1,08	0,76	0,41	25	26	09:29:59	159
9:38	0	250	46,5	3131	2969	0,95	31	2501	78,5	15,6	49,0	1,91	1,14	0,77	0,40	25	26	09:30:01	156
9:40	0	250	47,1	3176	3038	0,96	32	2566	81,6	15,9	47,0	1,89	1,15	0,74	0,39	26	27	09:30:03	156
9:42	0	250	47,1	3176	3038	0,96	32	2566	81,6	15,9	47,0	1,89	1,15	0,74	0,39	26	27	09:30:05	157
9:44	0	250	46,1	3108	2990	0,96	31	2587	80,2	15,6	47,9	1,93	1,19	0,74	0,38	26	27	09:30:07	157
9:46	0	250	45,2	3049	2934	0,96	31	2531	78,0	15,3	49,4	1,95	1,22	0,73	0,38	26	27	09:30:09	158
9:49	0	250	44,4	2992	2885	0,96	31	2495	76,9	15,0	50,0	1,95	1,22	0,73	0,37	26	27	09:30:12	161
9:51	0	250	45,5	3066	2878	0,94	31	2396	74,4	15,3	51,7	1,93	1,19	0,74	0,38	24	26	09:30:14	161
9:53	0	250	45,9	3091	2921	0,94	31	2398	74,9	15,4	51,3	1,92	1,19	0,73	0,38	24	26	09:30:16	162
9:54	0	250	47,0	3166	2943	0,93	32	2356	75,1	15,7	51,2	1,88	1,15	0,74	0,39	24	26	09:30:17	162
9:56	0	250	48,7	3280	3019	0,92	33	2373	77,1	16,3	49,9	1,85	1,13	0,72	0,39	24	26	09:30:19	162
9:58	0	250	46,8	3151	2870	0,91	32	2289	73,0	15,6	52,6	1,88	1,12	0,76	0,41	23	25	09:30:21	162
10:00	0	250	47,8	3220	2908	0,90	32	2326	74,1	15,9	51,9	1,88	1,11	0,77	0,41	23	25	09:30:23	161
10:02	0	250	52,1	3511	3148	0,90	33	2397	80,3	17,3	47,9	1,79	1,07	0,72	0,40	23	25	09:30:25	161
10:04	0	250	51,3	3461	3162	0,91	33	2477	82,9	17,1	46,1	1,79	1,08	0,71	0,40	24	26	09:30:27	161
10:06	0	250	47,2	3181	2944	0,93	33	2374	77,8	15,8	49,4	1,83	1,09	0,74	0,40	24	26	09:30:29	160
10:09	0	250	44,5	2997	2776	0,93	31	2336	72,6	14,9	52,8	1,93	1,13	0,80	0,41	24	26	09:30:32	160
10:11	0	250	43,7	2945	2706	0,92	30	2285	69,1	14,6	55,1	1,98	1,16	0,82	0,41	23	26	09:30:34	160
10:12	0	250	47,5	3203	2928	0,91	32	2351	75,2	15,9	51,2	1,88	1,11	0,76	0,41	23	26	09:30:35	160
10:14	0	250	47,6	3210	2946	0,92	32	2362	76,3	15,9	50,5	1,86	1,09	0,77	0,41	24	26	09:30:37	160
10:17	0	250	45,6	3074	2893	0,94	30	2512	75,7	15,3	50,8	1,99	1,14	0,85	0,43	25	26	09:30:40	160
10:18	0	250	44,9	3026	2843	0,94	30	2456	74,2	15,1	51,8	1,99	1,14	0,84	0,42	25	26	09:30:41	160
10:20	0	250	46,1	3108	2918	0,94	30	2519	75,7	15,5	50,8	2,00	1,16	0,83	0,42	24	26	09:30:43	160
10:22	0	250	46,6	3143	2974	0,95	30	2568	77,9	15,7	49,4	1,98	1,16	0,82	0,41	25	26	09:30:45	161
10:24	0	250	46,6	3144	2974	0,95	30	2568	77,9	15,7	49,4	1,98	1,16	0,82	0,41	25	26	09:30:47	162
10:26	0	250	46,5	3137	2959	0,94	30	2564	77,1	15,6	49,9	2,00	1,19	0,81	0,40	25	26	09:30:49	162
10:29	0	250	45,4	3062	2894	0,95	29	2550	75,1	15,3	51,3	2,04	1,22	0,82	0,40	25	26	09:30:52	162
10:31	0	250	45,9	3096	2876	0,93	31	2395	74,1	15,4	51,9	1,94	1,19	0,75	0,39	24	26	09:30:54	162
10:32	0	250	47,3	3190	2952	0,93	31	2444	76,5	15,8	50,3	1,92	1,16	0,75	0,39	24	26	09:30:55	162
10:34	0	250	49,0	3306	3042	0,92	33	2429	79,2	16,4	48,6	1,84	1,13	0,71	0,39	24	26	09:30:57	162
10:36	0	250	49,8	3356	3122	0,93	33	2487	82,9	16,7	46,2	1,80	1,10	0,70	0,39	25	27	09:30:59	161
10:38	0	250	49,3	3321	3119	0,94	34	2477	83,4	16,5	45,8	1,78	1,08	0,70	0,39	25	27	09:31:01	161
10:40	0	250	46,5	3137	2971	0,95	33	2429	79,4	15,7	48,5	1,84	1,14	0,70	0,38	25	27	09:31:03	159
10:41	0	250	48,3	3253	3051	0,94	34	2374	81,6	16,2	47,0	1,75	1,05	0,70	0,40	25	27	09:31:04	150
10:44	0	250	45,0	3033	2878	0,95	33	2370	77,1	15,1	49,9	1,84	1,12	0,72	0,39	25	27	09:31:07	148
10:46	0	250	45,5	3064	2902	0,95	33	2385	78,8	15,3	48,8	1,82	1,10	0,72	0,39	26	27	09:31:09	148
10:48	0	250	43,0	2901	2749	0,95	31	2364	72,4	14,5	53,0	1,96	1,25	0,71	0,36	25	26	09:31:11	148
10:50	0	250	42,7	2881	2700	0,94	31	2298	70,2	14,3	54,4	1,96	1,24	0,72	0,37	24	26	09:31:13	147
10:51	0	250	44,7	3016	2790	0,93	31	2311	72,5	15,0	52,9	1,91	1,20	0,71	0,37	24	26	09:31:14	147
10:54	0	250	43,7	2948	2704	0,92	30	2296	68,5	14,6	55,5	2,01	1,16	0,85	0,42	23	25	09:31:17	143
10:56	0	250	42,7	2881	2593	0,90	27	2335	63,2	14,2	59,0	2,22	1,35	0,86	0,39	22	24	09:31:19	145
10:58	0	250	47,2	3183	2821	0,89	30	2337	70,0	15,7	54,6	2,00	1,29	0,71	0,35	22	25	09:31:21	143
11:01	0	250	43,1	2904	2556	0,88	27	2351	62,4	14,3	59,5	2,26	1,56	0,70	0,31	21	24	09:31:24	147
11:03	0	250	45,8	3089	2674	0,87	28	2304	65,3	15,1	57,6	2,12	1,42	0,70	0,33	21	24	09:31:26	158
11:05	0	250	45,3	3053	2635	0,86	28	2302	64,3	15,0	58,3	2,15	1,44	0,71	0,33	21	24	09:31:28	162
11:06	0	250	45,2	3048	2630	0,86	28	2314	64,2	14,9	58,3	2,16	1,45	0,72	0,33	21	24	09:31:29	162
11:08	0	250	49,2	3316	2944	0,89	30	2432	73,9	16,3	52,0	1,97	1,22	0,76	0,38	22	25	09:31:31	164
V02 Max																			
11:10	0	250	52,2	3516	3198	0,91	33	2515	83,8	17,4	45,6	1,80	1,06	0,74	0,41	24	26	09:31:33	164
11:12	0	250	50,2	3381	3156	0,93	32	2621	84,3	16,8	45,3	1,87	1,10	0,77	0,41	25	27	09:31:35	164
11:14	0	250	51,4	3463	3293	0,95	33	2730	89,0	17,3	42,2	1,84	1,08	0,76	0,41	26	27	09:31:37	163
11:16	0	250	49,5	3337	3151	0,94	32	2634	84,9	16,6	44,9	1,86	1,11	0,75	0,40	25	27	09:31:39	163
11:18	0	250	48,8	3292	3165	0,96	32	2651	85,9	16,5	44,2	1,85	1,11	0,74	0,40	26	27	09:31:41	162
11:20	0	250	47,9	3229	3123	0,97	32	2642	84,2	16,2	45,3	1,88	1,15	0,73	0,39	26	27	09:31:43	162
11:22	0	250	47,1	3171	3023	0,95	31	2542	79,9	15,9	48,1	1,91	1,17	0,74	0,39	25	26	09:31:45	161
11:24	0	250	47,2	3183	3028	0,95	31	2544	79,5	15,9	48,4	1,92	1,18	0,74	0,38	25	26	09:31:47	160
11:26	0	250	47,8	3223	3045	0,94	32	2492	79,6	16,1	48,3	1,88	1,15	0,72	0,39	25	26	09:31:49	161
11:28	0	250	45,9	3096	2949	0,95	31	2490	76,4	15,5	50,4	1,96	1,22	0,74	0,38	25	26	09:31:51	161
11:30	0	250	46,5	3136	2957	0,94	31	2468	75,6	15,6	50,9	1,96	1,22	0,74	0,38	24	26	09:31:53	163
11:32	0	250	46,5	3135	2956	0,94	31	2468	75,6	15,6	50,9	1,96	1,22	0,74	0,38	24	26	09:31:55	164
11:34	0	250	44,4	2994	2811	0,94	29	2427	71,2	14,9	53,7	2,04	1,28	0,76	0,37	24	25	09:31:57	165
11:36	0	250	45,2	3045	2864	0,94	30	2435	73,9	15,2	52,0	1,98	1,24	0,74	0,37	24	26	09:31:59	165
11:38	0	250	46,5	3131	2913	0,93	31	2388	74,8	15,6	51,4	1,92	1,19	0,73	0,38	24	26	09:32:01	164
11:39	0	250	47,0	3165	2950	0,93	32	2429	76,6	15,7	50,3	1,90	1,17	0,73	0,39	24	26	09:32:02	164
11:41	0	250	47,2	3184	2969	0,93	32	2422	78,1	15,8	49,3	1,86	1,14	0,72	0,39	25	26	09:32:04	164
11:43	0	250	46,9	3159	2966	0,94	33	2451	79,9	15,7	48,1	1,84	1,13	0,71	0,38	25	27	09:32:06	164
11:45	0	250	48,6	3276	3123	0,95	35	2488	86,5	16,4	43,8	1,73	1,04	0,69	0,40	26	28	09:32:08	164
11:46	0	250	49,9	3365	3207	0,95	35	2504	88,8	16,8	42,3	1,69	1,01	0,68	0,40	26	28	09:32:09	163
11:48	0	250	46,5	3136	3060	0,98	34	2513	86,2	15,8	44,0	1,75	1,06	0,69	0,39	27	28	09:32:11	163
11:50	0	250	44,5	3000	2969	0,99	32	2581	82,4	15,1	46,5	1,88	1,13	0,75	0,40	27	28	09:32:13	163
11:52	0	250	44,5	3000	2969	0,99	32	2581	82,4	15,1	46,5	1,88	1,13	0,75	0,40	27	28	09:32:15	163
11:54	0	250	45,2	3045	3011	0,99	33	2570	83,8	15,3	45,6	1,84	1,11	0,73	0,40	28	28	09:32:17	164
11:55	0	250	46,3	3123	3078	0,99	34	2531	85,4	15,7	44,5	1,78	1,05	0,73	0,41	27	28	09:32:18	164
11:57	0	250	47,6	3210	3156	0,98	34	2546	87,5	16,1	43,2	1,75	1,03	0,71	0,41	27	28	09:32:20	165
12:00	0	250	46,2	3111	3072	0,99	34	2525	85,2	15,7	44,7	1,78	1,06	0,72	0,40	27	28	09:32:23	165
12:02	0	250	47,0	3171	3077	0,97	34	2496	83,7	15,9	45,7	1,79	1,07	0,72	0,40	26	27	09:32:25	167
12:03	0	250	48,9	3299	3130	0,95	36	2376	84,4	16,5	45,2	1,69	1,05	0,64	0,38	26	27	09:32:26	167
12:05	0	250	49,0	3300	3143	0,95	35	2425	85,3	16,5	44,6	1,71	1,06	0,65	0,38	26	27	09:32:28	165
12:06	0	250	50,2	3381	3183	0,94	36	2422	86,2	16,9	44,0	1,69	1,03	0,65	0,39	25	27	09:32:29	166
12:08	0	250	49,4	3331	3111	0,93	35	2392	84,1	16,6	45,4	1,71	1,04	0,66	0,39	25	27	09:32:31	163
12:10	0	250	48,7	3282	3056	0,93	35	2377	82,0	16,3	46,7	1,74	1,08	0,66	0,38	25	27	09:32:33	164
12:12	0	250	48,7	3282	3056	0,93	35	2377	82,0	16,3	46,7	1,74	1,08	0,66	0,38	25	27	09:32:35	165
12:14	0	250	49,2	3316	3095	0,93	35	2414	83,3	16,5	45,9	1,74	1,08	0,66	0,38	25	27	09:32:37	165
12:16	0	250	48,3	3255	3049	0,94	34	2419	82,4	16,2	46,5	1,76	1,07	0,69	0,39	25	27	09:32:39	165
12:17	0	250	47,7	3214	3013	0,94	33	2410	80,5	16,0	47,7	1,80	1,09	0,71	0,39	25	27	09:32:40	169
12:19	0	250	47,7	3214	3013	0,94	33	2410	80,5	16,0	47,7	1,80	1,09	0,71	0,39	25	27	09:32:42	168
12:21	0	250	48,6	3278	3074	0,94	33	2472	81,9	16,3	46,8	1,81	1,09	0,72	0,40	25	27	09:32:44	168
12:23	0	250	47,2	3178	2973	0,94	32	2469	78,5	15,8	49,0	1,89	1,16	0,73	0,39	25	26	09:32:46	168
12:25	0	250	48,6	3274	3052	0,93	32	2474	80,2	16,3	47,9	1,85	1,11	0,74	0,40	25	26	09:32:48	167
12:27	0	250	49,0	3304	3076	0,93	33	2463	81,7	16,4	46,9	1,81	1,06	0,74	0,41	25	27	09:32:50	166
12:28	0	250	48,7	3280	3061	0,93	33	2457	82,1	16,3	46,7	1,80	1,08	0,71	0,40	25	27	09:32:51	166
12:31	0	250	46,8	3151	2963	0,94	31	2517	78,7	15,7	48,9	1,92	1,20	0,72	0,37	25	27	09:32:54	166
12:33	0	250	46,7	3148	2934	0,93	31	2464	77,3	15,7	49,8	1,91	1,19	0,72	0,38	25	26	09:32:56	166
12:34	0	250	46,4	3130	2911	0,93	31	2424	75,7	15,6	50,8	1,92	1,19	0,73	0,38	24	26	09:32:57	166
12:36	0	250	46,8	3155	2914	0,92	32	2394	76,2	15,7	50,5	1,88	1,17	0,71	0,38	24	26	09:32:59	166
12:38	0	250	47,6	3207	2956	0,92	32	2393	77,7	15,9	49,6	1,85	1,13	0,71	0,39	24	26	09:33:01	166
12:40	0	250	45,4	3062	2856	0,93	31	2430	74,5	15,2	51,6	1,96	1,25	0,71	0,36	24	26	09:33:03	166
12:42	0	250	45,0	3034	2797	0,92	30	2379	71,7	15,1	53,5	1,99	1,26	0,73	0,37	24	26	09:33:05	166
12:44	0	250	46,7	3150	2859	0,91	32	2321	73,5	15,6	52,3	1,90	1,16	0,73	0,39	23	26	09:33:07	165
12:46	0	250	46,7	3149	2859	0,91	32	2321	73,5	15,6	52,3	1,90	1,16	0,73	0,39	23	26	09:33:09	165
12:48	0	250	44,8	3017	2744	0,91	31	2311	71,0	14,9	53,9	1,95	1,21	0,75	0,38	24	26	09:33:11	164
12:50	0	250	46,7	3151	2854	0,91	32	2321	74,4	15,6	51,7	1,87	1,11	0,76	0,41	24	26	09:33:13	164
12:52	0	250	47,3	3189	2874	0,90	32	2317	75,1	15,8	51,2	1,85	1,11	0,74	0,40	24	26	09:33:15	164
12:53	0	250	50,2	3380	3056	0,90	33	2417	80,9	16,7	47,5	1,79	1,07	0,72	0,40	24	26	09:33:16	166
12:55	0	250	50,5	3401	3112	0,91	34	2468	83,9	16,9	45,5	1,76	1,05	0,72	0,41	25	27	09:33:18	166
12:57	0	250	50,3	3388	3138	0,93	35	2473	86,5	16,8	43,9	1,72	1,02	0,70	0,41	26	28	09:33:20	166
12:59	0	250	47,0	3167	2973	0,94	34	2410	81,5	15,8	47,1	1,77	1,08	0,69	0,39	26	27	09:33:22	165
13:01	0	250	48,5	3267	3056	0,94	33	2502	83,2	16,3	46,0	1,80	1,09	0,72	0,40	25	27	09:33:24	165
13:03	0	250	47,8	3220	3009	0,93	33	2450	81,3	16,0	47,2	1,81	1,10	0,70	0,39	25	27	09:33:26	164
13:05	0	250	46,1	3106	2918	0,94	32	2427	78,2	15,5	49,2	1,86	1,14	0,73	0,39	25	27	09:33:28	164
13:07	0	250	45,0	3030	2823	0,93	31	2410	74,4	15,1	51,7	1,94	1,20	0,75	0,38	25	26	09:33:30	164
13:09	0	250	45,2	3043	2825	0,93	31	2415	74,1	15,1	51,9	1,96	1,21	0,74	0,38	24	26	09:33:32	165
13:11	0	250	44,8	3021	2798	0,93	30	2432	73,0	15,0	52,6	2,00	1,25	0,75	0,38	24	26	09:33:34	164
13:12	0	250	45,3	3055	2840	0,93	30	2455	74,2	15,2	51,8	1,98	1,24	0,74	0,37	24	26	09:33:35	164
13:15	0	250	45,4	3062	2852	0,93	30	2484	75,7	15,2	50,8	1,97	1,21	0,76	0,39	25	27	09:33:38	164
13:16	0	250	44,8	3020	2779	0,92	31	2375	73,0	15,0	52,6	1,95	1,22	0,73	0,37	24	26	09:33:39	164
13:18	0	250	44,9	3024	2809	0,93	30	2466	74,7	15,0	51,5	1,98	1,21	0,77	0,39	25	27	09:33:41	163
13:20	0	250	44,8	3021	2807	0,93	30	2443	74,4	15,0	51,7	1,97	1,23	0,74	0,38	25	27	09:33:43	163
13:22	0	250	44,5	3001	2762	0,92	30	2386	72,8	14,9	52,8	1,97	1,22	0,75	0,38	24	26	09:33:45	162
13:24	0	250	42,9	2893	2662	0,92	31	2239	69,7	14,4	54,7	1,93	1,19	0,73	0,38	24	26	09:33:47	162
13:26	0	250	43,7	2948	2689	0,91	32	2198	69,9	14,6	54,6	1,89	1,16	0,72	0,38	24	26	09:33:49	163
13:28	0	250	44,8	3020	2695	0,89	33	2116	68,9	14,9	55,2	1,84	1,16	0,69	0,37	23	26	09:33:51	163
13:29	0	250	47,5	3205	2857	0,89	33	2277	74,7	15,8	51,5	1,83	1,12	0,70	0,39	23	26	09:33:52	163
13:32	0	250	45,2	3047	2712	0,89	31	2273	69,8	15,0	54,7	1,95	1,11	0,85	0,43	23	26	09:33:55	163
13:33	0	250	47,9	3228	2849	0,88	32	2313	73,9	15,9	52,0	1,88	1,03	0,84	0,45	23	26	09:33:56	163
13:35	0	250	46,5	3134	2795	0,89	31	2331	72,6	15,4	52,8	1,93	1,06	0,86	0,45	23	26	09:33:58	163
13:37	0	250	48,5	3270	2948	0,90	33	2388	78,9	16,2	48,8	1,82	1,07	0,74	0,41	24	27	09:34:00	163
13:39	0	250	48,5	3271	2948	0,90	33	2388	78,9	16,2	48,8	1,82	1,07	0,74	0,41	24	27	09:34:02	163
13:41	0	250	47,6	3211	2933	0,91	33	2403	79,6	15,9	48,3	1,81	1,08	0,74	0,41	25	27	09:34:04	163
13:43	0	250	44,4	2995	2769	0,92	31	2433	74,7	14,9	51,5	1,95	1,20	0,75	0,39	25	27	09:34:06	163
13:45	0	250	46,2	3116	2883	0,92	32	2441	78,3	15,5	49,1	1,87	1,15	0,72	0,39	25	27	09:34:08	163
13:46	0	250	45,8	3089	2895	0,94	32	2470	79,2	15,4	48,6	1,87	1,16	0,71	0,38	26	27	09:34:09	163
13:48	0	250	46,9	3163	2985	0,94	33	2495	82,0	15,8	46,8	1,83	1,11	0,72	0,39	26	27	09:34:11	164
13:50	0	250	46,8	3151	2969	0,94	33	2471	80,8	15,7	47,5	1,83	1,14	0,70	0,38	26	27	09:34:13	166
13:52	0	250	45,2	3049	2870	0,94	32	2437	77,5	15,2	49,7	1,89	1,14	0,75	0,40	25	27	09:34:15	167
13:54	0	250	44,8	3018	2831	0,94	32	2384	76,2	15,0	50,5	1,88	1,12	0,76	0,41	25	27	09:34:17	166
13:56	0	250	44,8	3018	2831	0,94	32	2384	76,2	15,0	50,5	1,88	1,12	0,76	0,41	25	27	09:34:19	166
13:58	0	250	44,6	3006	2807	0,93	32	2388	75,2	15,0	51,1	1,90	1,15	0,76	0,40	25	27	09:34:21	166
14:00	0	250	43,9	2956	2770	0,94	31	2392	74,5	14,7	51,6	1,93	1,15	0,77	0,40	25	27	09:34:23	166
14:02	0	250	44,0	2965	2726	0,92	33	2237	72,8	14,7	52,7	1,84	1,10	0,75	0,40	25	27	09:34:25	166
14:04	0	250	43,4	2923	2669	0,91	32	2208	70,7	14,5	54,1	1,87	1,14	0,74	0,39	24	26	09:34:27	165
14:06	0	250	43,5	2931	2668	0,91	32	2207	70,6	14,5	54,2	1,88	1,17	0,70	0,38	24	26	09:34:29	165
14:07	0	250	44,6	3006	2717	0,90	33	2194	72,0	14,9	53,2	1,83	1,15	0,68	0,37	24	26	09:34:30	165
14:09	0	250	45,4	3057	2730	0,89	34	2160	72,7	15,1	52,8	1,78	1,14	0,64	0,36	24	27	09:34:32	165
14:11	0	250	45,2	3049	2708	0,89	35	2097	72,6	15,0	52,8	1,73	1,13	0,60	0,35	24	27	09:34:34	165
14:12	0	250	43,9	2957	2621	0,89	32	2157	69,2	14,6	55,1	1,87	1,26	0,61	0,33	23	26	09:34:35	165
14:14	0	250	45,6	3073	2722	0,89	33	2206	71,7	15,1	53,4	1,85	1,22	0,63	0,34	23	26	09:34:37	164
14:16	0	250	49,2	3317	2918	0,88	36	2184	77,6	16,3	49,6	1,69	1,07	0,62	0,37	23	27	09:34:39	162
14:18	0	250	47,1	3175	2826	0,89	34	2217	75,4	15,6	51,0	1,76	1,13	0,64	0,36	24	27	09:34:41	162
14:20	0	250	46,9	3162	2829	0,89	33	2282	75,5	15,6	51,0	1,81	1,18	0,64	0,35	24	27	09:34:43	161
14:22	0	250	45,9	3092	2756	0,89	32	2262	71,7	15,2	53,5	1,89	1,27	0,62	0,33	23	26	09:34:45	160
14:23	0	250	46,3	3118	2795	0,90	31	2307	72,3	15,4	53,0	1,91	1,25	0,66	0,35	23	26	09:34:46	160
14:25	0	250	47,6	3209	2902	0,90	32	2355	76,3	15,9	50,5	1,85	1,14	0,71	0,38	24	26	09:34:48	158
14:27	0	250	46,7	3147	2872	0,91	33	2356	76,8	15,6	50,1	1,84	1,14	0,70	0,38	24	27	09:34:50	151
14:29	0	250	46,5	3137	2872	0,92	33	2342	76,6	15,5	50,2	1,83	1,13	0,70	0,38	24	27	09:34:52	150
14:31	0	250	47,2	3181	2926	0,92	34	2338	78,9	15,8	48,8	1,78	1,09	0,69	0,39	25	27	09:34:54	155
14:33	0	250	46,3	3119	2881	0,92	33	2350	77,3	15,5	49,8	1,82	1,11	0,71	0,39	25	27	09:34:56	152
14:34	0	250	47,2	3182	2926	0,92	34	2338	78,9	15,8	48,8	1,78	1,09	0,69	0,39	25	27	09:34:57	161
14:37	0	250	46,4	3128	2893	0,92	33	2385	77,9	15,5	49,4	1,84	1,13	0,71	0,39	25	27	09:35:00	162
14:38	0	250	46,4	3128	2898	0,93	34	2349	79,1	15,5	48,6	1,78	1,10	0,68	0,38	25	27	09:35:01	166
14:40	0	250	44,7	3012	2840	0,94	32	2431	77,3	15,0	49,8	1,89	1,13	0,75	0,40	26	27	09:35:03	165
14:42	0	250	44,6	3006	2827	0,94	32	2421	77,3	15,0	49,8	1,88	1,12	0,76	0,40	26	27	09:35:05	166
14:44	0	250	44,7	3016	2822	0,94	32	2406	76,7	15,0	50,2	1,88	1,13	0,75	0,40	25	27	09:35:07	165
14:46	0	250	45,1	3041	2831	0,93	32	2377	77,2	15,1	49,9	1,85	1,12	0,72	0,39	25	27	09:35:09	162
14:47	0	250	45,1	3041	2831	0,93	32	2377	77,2	15,1	49,9	1,85	1,12	0,72	0,39	25	27	09:35:10	161
14:49	0	250	46,6	3141	2870	0,91	35	2260	78,1	15,6	49,3	1,74	1,08	0,65	0,38	25	27	09:35:12	161
14:51	0	250	45,6	3076	2804	0,91	33	2291	74,7	15,2	51,5	1,84	1,11	0,73	0,40	24	27	09:35:14	161
14:53	0	250	46,9	3160	2887	0,91	34	2310	77,9	15,7	49,4	1,78	1,10	0,67	0,38	25	27	09:35:16	161
14:55	0	250	48,0	3237	2955	0,91	35	2320	80,4	16,0	47,8	1,73	1,07	0,66	0,38	25	27	09:35:18	162
14:57	0	250	44,7	3016	2763	0,92	31	2348	72,9	14,9	52,6	1,93	1,23	0,71	0,37	24	26	09:35:20	165
14:59	0	250	45,0	3035	2770	0,91	31	2320	72,7	15,0	52,8	1,91	1,21	0,70	0,37	24	26	09:35:22	167
15:01	0	250	43,9	2959	2685	0,91	30	2295	69,3	14,6	55,0	1,99	1,28	0,70	0,35	23	26	09:35:24	167
15:03	0	250	44,8	3017	2717	0,90	29	2354	69,4	14,9	54,9	2,03	1,32	0,71	0,35	23	26	09:35:26	167
15:05	0	250	48,8	3288	2944	0,90	33	2368	77,2	16,2	49,9	1,84	1,16	0,68	0,37	23	26	09:35:28	167
15:07	0	250	46,7	3147	2826	0,90	31	2367	73,4	15,5	52,4	1,94	1,23	0,71	0,37	23	26	09:35:30	167
15:09	0	250	46,2	3113	2805	0,90	31	2367	73,0	15,4	52,6	1,95	1,23	0,72	0,37	23	26	09:35:32	166
15:11	0	250	46,6	3144	2854	0,91	32	2369	75,9	15,6	50,7	1,87	1,17	0,70	0,38	24	27	09:35:34	166
15:13	0	250	45,8	3084	2791	0,90	31	2386	73,5	15,2	52,3	1,95	1,23	0,72	0,37	24	26	09:35:36	165
15:15	0	250	47,1	3178	2882	0,91	32	2393	77,1	15,7	49,9	1,86	1,16	0,70	0,38	24	27	09:35:38	166
15:17	0	250	46,5	3132	2859	0,91	33	2343	76,8	15,5	50,1	1,83	1,14	0,69	0,38	25	27	09:35:40	165
15:18	0	250	46,1	3110	2846	0,92	33	2359	76,7	15,4	50,2	1,84	1,16	0,68	0,37	25	27	09:35:41	168
15:20	0	250	46,3	3124	2857	0,91	34	2320	78,1	15,5	49,3	1,78	1,12	0,66	0,37	25	27	09:35:43	167
15:22	0	250	44,6	3008	2749	0,91	33	2296	75,4	14,9	51,1	1,83	1,19	0,64	0,35	25	27	09:35:45	170
15:24	0	250	45,6	3075	2793	0,91	33	2301	76,1	15,2	50,6	1,81	1,17	0,64	0,35	25	27	09:35:47	170
15:26	0	250	46,6	3143	2859	0,91	34	2283	77,7	15,6	49,5	1,76	1,10	0,66	0,37	25	27	09:35:49	170
15:27	0	250	46,1	3107	2843	0,92	34	2285	77,7	15,4	49,5	1,76	1,09	0,67	0,38	25	27	09:35:50	170
15:29	0	250	46,0	3098	2842	0,92	34	2281	78,2	15,4	49,2	1,75	1,07	0,68	0,39	25	28	09:35:52	170
15:31	0	250	45,7	3081	2828	0,92	34	2248	77,5	15,3	49,7	1,74	1,04	0,70	0,40	25	27	09:35:54	168
15:33	0	250	45,9	3094	2842	0,92	34	2277	76,7	15,3	50,2	1,78	1,06	0,72	0,41	25	27	09:35:56	168
15:35	0	250	45,9	3093	2842	0,92	34	2277	76,7	15,3	50,2	1,78	1,06	0,72	0,41	25	27	09:35:58	167
15:37	0	250	45,9	3094	2831	0,92	33	2276	75,8	15,3	50,8	1,80	1,09	0,72	0,40	24	27	09:36:00	165
15:38	0	250	46,3	3124	2861	0,92	34	2280	76,8	15,5	50,1	1,78	1,07	0,71	0,40	25	27	09:36:01	165
15:40	0	250	45,9	3097	2829	0,91	33	2284	75,5	15,3	50,9	1,81	1,08	0,74	0,41	24	27	09:36:03	162
15:42	0	250	46,6	3141	2867	0,91	34	2293	77,1	15,6	49,9	1,78	1,06	0,72	0,41	25	27	09:36:05	152
15:44	0	250	46,0	3102	2844	0,92	33	2303	77,0	15,4	50,0	1,79	1,06	0,73	0,41	25	27	09:36:07	152
15:45	0	250	46,6	3143	2896	0,92	34	2301	78,4	15,6	49,1	1,76	1,05	0,71	0,41	25	27	09:36:08	158
15:48	0	250	46,6	3143	2896	0,92	34	2301	78,4	15,6	49,1	1,76	1,05	0,71	0,41	25	27	09:36:11	162
15:49	0	250	47,8	3221	2953	0,92	35	2289	79,4	16,0	48,4	1,73	1,02	0,71	0,41	25	27	09:36:12	163
15:51	0	250	47,5	3204	2939	0,92	34	2348	79,2	15,9	48,6	1,78	1,06	0,72	0,41	25	27	09:36:14	163
15:53	0	250	48,1	3242	2981	0,92	33	2417	80,3	16,1	47,8	1,81	1,10	0,71	0,39	25	27	09:36:16	167
15:55	0	292	47,7	3215	2948	0,92	33	2398	79,4	15,9	48,4	1,81	1,10	0,72	0,40	25	27	09:36:18	167
15:57	0	292	46,5	3135	2871	0,92	32	2401	76,6	15,5	50,2	1,88	1,18	0,70	0,37	24	27	09:36:20	168
15:59	0	292	46,7	3151	2865	0,91	32	2399	76,6	15,6	50,2	1,88	1,19	0,69	0,37	24	27	09:36:22	167
16:01	0	272	48,5	3272	2968	0,91	33	2392	79,7	16,2	48,2	1,80	1,12	0,68	0,38	24	27	09:36:24	167
16:02	0	272	45,8	3089	2826	0,91	33	2339	76,3	15,3	50,5	1,84	1,16	0,68	0,37	25	27	09:36:25	166
16:04	0	272	45,8	3088	2812	0,91	32	2337	75,1	15,3	51,2	1,87	1,18	0,69	0,37	24	27	09:36:27	169
16:06	0	272	45,9	3097	2796	0,90	33	2263	74,7	15,3	51,5	1,82	1,14	0,68	0,37	24	27	09:36:29	169
16:08	0	272	46,4	3125	2819	0,90	33	2286	74,8	15,4	51,4	1,83	1,17	0,67	0,36	24	27	09:36:31	170
16:10	0	272	47,1	3172	2852	0,90	33	2278	75,5	15,7	51,0	1,81	1,13	0,68	0,37	24	26	09:36:33	161
16:12	0	272	46,5	3133	2822	0,90	33	2270	74,6	15,5	51,6	1,83	1,14	0,69	0,38	24	26	09:36:35	162
16:14	0	272	46,3	3123	2815	0,90	32	2316	74,0	15,4	51,9	1,88	1,19	0,69	0,37	24	26	09:36:37	140
16:16	0	272	46,3	3123	2815	0,90	32	2316	74,0	15,4	51,9	1,88	1,19	0,69	0,37	24	26	09:36:39	140
16:18	0	272	46,4	3130	2826	0,90	32	2321	75,0	15,5	51,3	1,86	1,17	0,68	0,37	24	27	09:36:41	140
16:20	0	272	45,2	3043	2724	0,90	31	2239	70,2	15,0	54,4	1,91	1,25	0,67	0,35	23	26	09:36:43	144
16:22	0	272	45,6	3074	2737	0,89	32	2200	69,6	15,1	54,8	1,90	1,23	0,67	0,35	23	25	09:36:45	161
16:24	0	272	47,3	3187	2829	0,89	32	2267	72,5	15,7	52,9	1,88	1,22	0,66	0,35	23	26	09:36:47	168
16:25	0	272	47,8	3225	2854	0,89	33	2266	73,7	15,9	52,1	1,84	1,20	0,65	0,35	23	26	09:36:48	167
16:28	0	272	45,0	3035	2716	0,89	30	2318	69,8	15,0	54,7	1,99	1,25	0,74	0,37	23	26	09:36:51	168
16:30	0	272	48,1	3245	2852	0,88	33	2218	73,5	16,0	52,3	1,81	1,15	0,66	0,36	23	26	09:36:53	168
16:31	0	272	47,9	3228	2855	0,88	33	2273	74,1	15,9	51,9	1,84	1,18	0,66	0,36	23	26	09:36:54	167
16:33	0	272	50,0	3369	2992	0,89	33	2376	79,5	16,6	48,4	1,79	1,11	0,69	0,38	24	27	09:36:56	167
16:35	0	272	49,3	3324	2996	0,90	34	2404	80,9	16,4	47,5	1,78	1,11	0,67	0,38	24	27	09:36:58	167
16:37	0	272	48,1	3245	2953	0,91	34	2365	80,2	16,1	47,9	1,77	1,09	0,68	0,38	25	27	09:37:00	167
16:38	0	272	48,8	3291	2995	0,91	34	2385	80,9	16,3	47,5	1,77	1,08	0,69	0,39	25	27	09:37:01	167
16:40	0	272	49,3	3323	3028	0,91	34	2380	81,6	16,5	47,0	1,75	1,08	0,67	0,38	25	27	09:37:03	167
16:42	0	272	49,2	3318	3049	0,92	35	2391	83,2	16,5	46,0	1,72	1,07	0,66	0,38	25	27	09:37:05	167
16:43	0	272	48,7	3285	3041	0,93	35	2380	83,3	16,3	45,9	1,71	1,06	0,65	0,38	25	27	09:37:06	167
16:45	0	272	48,3	3258	3054	0,94	34	2445	83,8	16,2	45,6	1,75	1,10	0,65	0,37	26	27	09:37:08	168
16:47	0	272	47,5	3199	3001	0,94	34	2408	82,1	15,9	46,7	1,76	1,11	0,65	0,37	26	27	09:37:10	168
16:49	0	272	48,2	3248	3045	0,94	35	2394	83,1	16,2	46,0	1,73	1,09	0,64	0,37	26	27	09:37:12	168
16:50	0	272	47,6	3206	2987	0,93	36	2247	82,0	15,9	46,8	1,64	1,03	0,61	0,37	26	27	09:37:13	168
16:52	0	272	48,4	3260	3043	0,93	36	2325	83,4	16,2	45,8	1,67	1,04	0,63	0,38	26	27	09:37:15	168
16:54	0	272	47,6	3210	3014	0,94	35	2357	82,7	16,0	46,3	1,71	1,05	0,66	0,38	26	27	09:37:17	169
16:55	0	272	46,8	3154	2964	0,94	35	2339	81,4	15,7	47,1	1,72	1,08	0,64	0,37	26	27	09:37:18	170
16:57	0	272	45,9	3093	2894	0,94	35	2260	79,5	15,4	48,4	1,71	1,07	0,64	0,37	26	27	09:37:20	169
17:00	0	272	44,9	3028	2830	0,93	36	2190	78,3	15,1	49,2	1,68	1,08	0,60	0,36	26	28	09:37:23	169
17:02	0	272	44,1	2976	2753	0,93	34	2180	75,1	14,8	51,2	1,74	1,14	0,60	0,34	25	27	09:37:25	170
17:03	0	272	45,3	3053	2811	0,92	33	2270	75,8	15,1	50,7	1,80	1,16	0,63	0,35	25	27	09:37:26	170
17:05	0	272	44,8	3019	2799	0,93	33	2284	75,8	15,0	50,8	1,81	1,19	0,62	0,34	25	27	09:37:28	170
17:07	0	272	46,9	3162	2913	0,92	33	2356	78,1	15,7	49,3	1,81	1,19	0,62	0,34	25	27	09:37:30	170
17:08	0	272	47,8	3222	2961	0,92	34	2377	80,7	16,0	47,6	1,77	1,13	0,64	0,36	25	27	09:37:31	170
17:10	0	272	47,6	3210	2954	0,92	34	2361	81,2	15,9	47,3	1,74	1,11	0,64	0,37	25	27	09:37:33	170
17:11	0	272	49,5	3339	3079	0,92	36	2400	85,2	16,6	44,7	1,69	1,03	0,66	0,39	26	28	09:37:34	170
17:13	0	272	49,8	3354	3105	0,93	35	2484	86,4	16,7	43,9	1,72	1,04	0,69	0,40	26	28	09:37:36	170
17:16	0	272	48,2	3249	3034	0,93	35	2445	85,7	16,2	44,4	1,71	1,05	0,67	0,39	26	28	09:37:39	170
17:18	0	272	47,1	3172	2936	0,93	34	2385	82,0	15,8	46,8	1,75	1,08	0,66	0,38	26	28	09:37:41	170
17:20	0	272	47,4	3192	2957	0,93	36	2332	83,7	15,9	45,6	1,67	1,03	0,64	0,39	26	28	09:37:43	171
17:22	0	272	47,9	3227	2975	0,92	36	2332	83,8	16,0	45,6	1,67	1,02	0,65	0,39	26	28	09:37:45	171
17:23	0	272	48,3	3254	3008	0,92	35	2394	84,6	16,2	45,1	1,70	1,04	0,66	0,39	26	28	09:37:46	171
17:25	0	272	48,1	3240	3008	0,93	34	2482	83,5	16,1	45,8	1,78	1,10	0,68	0,38	26	28	09:37:48	171
17:27	0	272	47,4	3198	2960	0,93	34	2395	81,9	15,9	46,8	1,75	1,10	0,65	0,37	26	28	09:37:50	171
17:29	0	272	47,2	3183	2990	0,94	35	2433	84,4	15,9	45,2	1,73	1,07	0,66	0,38	27	28	09:37:52	172
17:31	0	272	47,6	3211	3015	0,94	34	2490	84,1	16,0	45,4	1,78	1,11	0,66	0,37	26	28	09:37:54	172
17:33	0	272	46,1	3110	2946	0,95	34	2459	82,6	15,5	46,4	1,79	1,14	0,65	0,36	27	28	09:37:56	171
17:34	0	272	46,1	3110	2946	0,95	34	2459	82,6	15,5	46,4	1,79	1,14	0,65	0,36	27	28	09:37:57	171
17:36	0	272	45,2	3048	2881	0,95	33	2428	80,2	15,2	47,9	1,82	1,16	0,66	0,36	26	28	09:37:59	171
17:38	0	272	45,3	3055	2889	0,95	34	2389	81,0	15,2	47,4	1,77	1,11	0,66	0,37	27	28	09:38:01	171
17:40	0	272	45,8	3084	2904	0,94	34	2377	80,4	15,4	47,8	1,77	1,08	0,69	0,39	26	28	09:38:03	171
17:41	0	272	45,5	3068	2872	0,94	34	2331	78,7	15,3	48,9	1,78	1,10	0,68	0,38	26	27	09:38:04	171
17:43	0	272	46,5	3133	2924	0,93	35	2302	80,2	15,6	47,9	1,72	1,05	0,67	0,39	26	27	09:38:06	167
17:45	0	272	48,0	3236	3017	0,93	36	2308	82,7	16,1	46,3	1,67	1,02	0,66	0,39	26	27	09:38:08	166
17:47	0	272	46,8	3151	2938	0,93	35	2295	79,9	15,7	48,1	1,72	1,07	0,66	0,38	25	27	09:38:10	158
17:49	0	272	46,7	3151	2938	0,93	35	2295	79,9	15,7	48,1	1,72	1,07	0,66	0,38	25	27	09:38:12	160
17:51	0	272	46,7	3149	2918	0,93	34	2296	78,5	15,6	49,0	1,76	1,09	0,67	0,38	25	27	09:38:14	160
17:53	0	272	47,8	3223	2977	0,92	34	2364	80,1	16,0	48,0	1,77	1,11	0,66	0,37	25	27	09:38:16	167
17:54	0	272	49,3	3324	3067	0,92	34	2432	83,7	16,5	45,7	1,74	1,06	0,68	0,39	25	27	09:38:17	167
17:56	0	272	49,3	3326	3075	0,92	34	2444	83,3	16,5	45,9	1,76	1,09	0,67	0,38	25	27	09:38:19	168
17:58	0	272	48,5	3272	3022	0,92	34	2391	82,3	16,2	46,5	1,74	1,08	0,66	0,38	25	27	09:38:21	170
17:59	0	272	48,5	3268	3024	0,93	35	2350	83,0	16,2	46,1	1,70	1,04	0,66	0,39	25	27	09:38:22	170
18:01	0	272	48,6	3275	3027	0,92	35	2383	83,3	16,3	45,9	1,72	1,06	0,66	0,38	25	28	09:38:24	170
18:03	0	272	47,7	3214	2991	0,93	36	2342	83,5	16,0	45,8	1,68	1,04	0,64	0,38	26	28	09:38:26	170
18:05	0	272	46,3	3118	2940	0,94	36	2316	82,7	15,5	46,3	1,68	1,06	0,62	0,37	27	28	09:38:28	171
18:06	0	272	44,9	3024	2871	0,95	35	2317	81,0	15,1	47,4	1,72	1,08	0,63	0,37	27	28	09:38:29	171
18:08	0	272	44,9	3029	2884	0,95	35	2338	80,9	15,1	47,5	1,73	1,08	0,65	0,38	27	28	09:38:31	171
18:10	0	272	44,7	3013	2876	0,95	34	2373	80,3	15,1	47,8	1,77	1,11	0,66	0,37	27	28	09:38:33	171
18:12	0	272	44,9	3025	2879	0,95	33	2405	80,5	15,1	47,7	1,79	1,14	0,65	0,36	27	28	09:38:35	171
18:14	0	272	43,9	2956	2822	0,95	33	2363	78,4	14,8	49,1	1,81	1,13	0,67	0,37	27	28	09:38:37	171
18:16	0	272	44,6	3008	2862	0,95	35	2297	79,3	15,0	48,5	1,74	1,08	0,66	0,38	26	28	09:38:39	172
18:17	0	272	45,1	3041	2874	0,95	35	2287	79,7	15,2	48,3	1,72	1,06	0,66	0,39	26	28	09:38:40	172
18:19	0	272	46,9	3160	2977	0,94	35	2371	82,4	15,8	46,5	1,73	1,07	0,66	0,38	26	28	09:38:42	173
18:21	0	272	46,9	3159	2973	0,94	35	2338	82,8	15,7	46,2	1,69	1,04	0,65	0,38	26	28	09:38:44	172
18:23	0	272	46,6	3141	2979	0,95	34	2440	82,9	15,7	46,2	1,77	1,02	0,74	0,42	26	28	09:38:46	172
18:25	0	272	47,3	3186	3017	0,95	34	2467	84,6	15,9	45,1	1,75	1,02	0,73	0,41	27	28	09:38:48	174
18:26	0	272	48,0	3235	3031	0,94	36	2358	85,2	16,1	44,7	1,66	1,03	0,63	0,38	26	28	09:38:49	174
18:28	0	272	46,4	3126	2957	0,95	34	2452	82,5	15,6	46,5	1,78	1,05	0,74	0,41	26	28	09:38:51	174
18:31	0	272	45,8	3085	2921	0,95	33	2417	80,7	15,4	47,6	1,80	1,07	0,73	0,41	26	28	09:38:54	173
18:33	0	272	45,7	3080	2880	0,94	33	2337	78,1	15,3	49,3	1,80	1,06	0,74	0,41	25	27	09:38:56	173
18:34	0	272	47,2	3179	2934	0,92	33	2368	78,1	15,8	49,3	1,82	1,07	0,75	0,41	25	27	09:38:57	173
18:36	0	272	48,8	3287	3005	0,91	35	2275	80,5	16,3	47,7	1,70	1,05	0,64	0,38	24	27	09:38:59	172
18:38	0	272	48,2	3249	2960	0,91	34	2299	78,7	16,1	48,9	1,75	1,08	0,67	0,38	24	27	09:39:01	170
18:39	0	272	50,3	3390	3051	0,90	35	2331	80,9	16,7	47,5	1,73	1,04	0,69	0,40	24	27	09:39:02	170
18:41	0	272	51,3	3459	3113	0,90	35	2408	83,8	17,1	45,6	1,72	1,01	0,71	0,41	24	27	09:39:04	169
18:43	0	272	51,4	3463	3161	0,91	36	2461	87,9	17,2	42,9	1,68	0,97	0,71	0,42	25	28	09:39:06	169
18:45	0	272	51,4	3465	3162	0,91	36	2461	87,9	17,2	42,9	1,68	0,97	0,71	0,42	25	28	09:39:08	169
18:47	0	272	51,1	3442	3154	0,92	37	2376	88,2	17,1	42,7	1,62	0,94	0,67	0,42	26	28	09:39:10	168
18:48	0	272	49,3	3324	3071	0,92	37	2321	85,8	16,5	44,3	1,62	0,97	0,65	0,40	26	28	09:39:11	171
18:50	0	272	50,7	3414	3146	0,92	38	2319	89,0	16,9	42,2	1,56	0,93	0,64	0,41	26	28	09:39:13	171
18:51	0	272	49,5	3337	3111	0,93	38	2337	88,4	16,6	42,6	1,59	0,93	0,65	0,41	26	28	09:39:14	170
18:53	0	272	49,1	3308	3073	0,93	38	2259	86,8	16,4	43,6	1,56	0,90	0,66	0,42	26	28	09:39:16	170
18:55	0	272	48,0	3238	3017	0,93	38	2238	85,0	16,1	44,8	1,58	0,93	0,65	0,41	26	28	09:39:18	171
18:56	0	272	48,6	3276	3048	0,93	39	2220	85,5	16,3	44,5	1,56	0,92	0,64	0,41	26	28	09:39:19	171
18:58	0	272	47,7	3213	3032	0,94	38	2273	86,1	16,0	44,1	1,58	0,93	0,65	0,41	27	28	09:39:21	171
18:59	0	272	48,5	3268	3108	0,95	38	2345	89,5	16,3	41,9	1,57	0,91	0,66	0,42	27	29	09:39:22	171
19:02	0	272	46,7	3151	3005	0,95	38	2294	86,6	15,8	43,8	1,59	0,93	0,66	0,42	27	29	09:39:25	172
19:03	0	272	46,3	3122	2954	0,95	38	2199	83,9	15,6	45,5	1,57	0,93	0,64	0,41	27	28	09:39:26	172
19:05	0	272	47,1	3175	3011	0,95	38	2267	85,4	15,9	44,5	1,59	0,97	0,62	0,39	27	28	09:39:28	172
19:07	0	272	47,2	3183	3008	0,95	37	2287	85,3	15,9	44,6	1,61	0,99	0,61	0,38	27	28	09:39:30	172
19:09	0	272	46,8	3154	2978	0,94	36	2316	84,5	15,7	45,1	1,64	1,02	0,63	0,38	27	28	09:39:32	172
19:10	0	272	47,1	3174	2985	0,94	37	2318	84,7	15,8	45,0	1,64	1,02	0,62	0,38	27	28	09:39:33	172
19:13	0	272	43,5	2930	2750	0,94	33	2301	75,3	14,6	51,1	1,83	1,01	0,83	0,45	26	27	09:39:36	172
19:14	0	272	47,1	3173	2985	0,94	37	2318	84,7	15,8	45,0	1,64	1,02	0,62	0,38	27	28	09:39:37	172
19:15	0	272	48,6	3276	3070	0,94	37	2377	87,4	16,3	43,3	1,63	1,01	0,63	0,38	27	28	09:39:38	172
19:17	0	272	48,7	3283	3085	0,94	38	2358	89,7	16,4	41,8	1,58	0,97	0,61	0,38	27	29	09:39:40	172
19:18	0	272	49,1	3306	3124	0,94	38	2368	91,1	16,5	40,9	1,56	0,94	0,62	0,39	28	29	09:39:41	172
19:20	0	272	49,3	3321	3168	0,95	39	2407	93,1	16,6	39,6	1,55	0,93	0,62	0,40	28	29	09:39:43	172
19:22	0	272	48,1	3242	3111	0,96	38	2433	91,9	16,2	40,3	1,59	0,95	0,64	0,40	28	30	09:39:45	172
19:24	0	272	49,2	3317	3153	0,95	37	2511	93,7	16,6	39,2	1,61	0,98	0,63	0,39	28	30	09:39:47	172
19:25	0	272	48,5	3266	3118	0,95	39	2442	95,1	16,3	38,2	1,54	0,94	0,60	0,39	29	31	09:39:48	171
19:27	0	272	47,0	3167	3050	0,96	36	2514	91,2	15,9	40,8	1,65	1,00	0,65	0,39	29	30	09:39:50	171
19:28	0	272	47,0	3167	3040	0,96	37	2445	91,6	15,9	40,5	1,60	0,98	0,63	0,39	29	30	09:39:51	171
19:30	0	272	47,7	3212	3063	0,95	39	2391	94,0	16,1	39,0	1,53	0,93	0,60	0,39	29	31	09:39:53	171
19:31	0	272	48,5	3270	3096	0,95	42	2328	97,0	16,3	37,0	1,44	0,87	0,57	0,39	30	31	09:39:54	171
19:32	0	272	48,7	3280	3116	0,95	44	2288	100,5	16,4	34,7	1,37	0,82	0,54	0,40	31	32	09:39:55	171
19:33	0	272	48,1	3242	3118	0,96	48	2141	102,6	16,2	33,4	1,25	0,74	0,51	0,41	32	33	09:39:56	173
19:35	0	272	45,5	3067	3013	0,98	44	2205	97,4	15,4	36,7	1,36	0,82	0,54	0,40	32	32	09:39:58	173
19:36	0	272	46,5	3135	3041	0,97	47	2112	98,4	15,7	36,1	1,29	0,77	0,52	0,40	31	32	09:39:59	173
19:44	0	272	46,9	3162	3009	0,95	44	2124	92,8	15,8	39,8	1,37	0,83	0,55	0,40	29	31	09:40:07	173
19:45	0	272	47,6	3206	3023	0,94	43	2134	90,9	16,0	40,9	1,41	0,85	0,56	0,39	28	30	09:40:08	173
19:47	0	272	46,3	3119	2965	0,95	40	2192	88,6	15,6	42,4	1,48	0,91	0,58	0,39	28	30	09:40:10	173
19:50	0	272	45,5	3067	2934	0,96	39	2224	86,1	15,3	44,1	1,55	0,97	0,58	0,38	28	29	09:40:13	173
19:51	0	272	46,5	3137	2937	0,94	38	2217	84,2	15,6	45,3	1,58	0,99	0,59	0,38	27	29	09:40:14	173
19:53	0	272	48,5	3269	2992	0,92	39	2178	84,5	16,2	45,1	1,55	0,96	0,59	0,38	26	28	09:40:16	173
19:54	0	272	49,8	3354	3030	0,90	39	2212	85,9	16,6	44,2	1,55	0,95	0,60	0,39	26	28	09:40:17	173
19:57	0	272	45,6	3072	2779	0,90	35	2226	76,9	15,2	50,0	1,74	1,15	0,58	0,34	25	28	09:40:20	173
19:59	0	272	45,8	3090	2781	0,90	34	2226	75,1	15,3	51,3	1,78	1,18	0,60	0,34	24	27	09:40:22	173
20:01	0	272	46,5	3132	2793	0,89	36	2140	76,2	15,4	50,5	1,68	1,11	0,57	0,34	24	27	09:40:24	173
20:03	0	272	48,3	3256	2898	0,89	38	2116	81,3	16,0	47,2	1,56	0,99	0,57	0,36	25	28	09:40:26	173
20:04	0	272	48,4	3264	2936	0,90	37	2200	82,3	16,1	46,6	1,60	1,01	0,59	0,37	25	28	09:40:27	171
20:06	0	272	48,7	3286	2961	0,90	37	2262	83,4	16,2	45,9	1,63	1,03	0,60	0,37	25	28	09:40:29	171
20:08	0	272	47,1	3173	2873	0,91	35	2282	79,8	15,7	48,2	1,72	1,12	0,60	0,35	25	28	09:40:31	171
20:09	0	272	48,8	3288	3009	0,92	36	2324	84,8	16,3	44,9	1,64	1,03	0,62	0,37	26	28	09:40:32	171
20:11	0	272	49,2	3314	3041	0,92	36	2378	86,6	16,4	43,8	1,65	1,03	0,62	0,37	26	28	09:40:34	171
20:12	0	272	48,3	3256	3036	0,93	36	2440	86,8	16,2	43,6	1,69	1,05	0,64	0,38	27	29	09:40:35	171
20:14	0	272	50,3	3390	3187	0,94	36	2507	91,5	16,9	40,6	1,64	0,99	0,65	0,40	27	29	09:40:37	172
20:15	0	272	49,8	3357	3188	0,95	37	2528	92,7	16,8	39,8	1,64	0,98	0,65	0,40	28	29	09:40:38	173
20:17	0	272	47,9	3228	3105	0,96	36	2500	89,6	16,2	41,8	1,67	1,02	0,65	0,39	28	29	09:40:40	172
20:19	0	272	48,9	3298	3158	0,96	37	2489	91,7	16,5	40,4	1,63	0,99	0,64	0,39	28	29	09:40:42	172
20:21	0	272	47,7	3215	3100	0,96	36	2472	89,3	16,1	42,0	1,66	1,02	0,64	0,38	28	29	09:40:44	172
20:22	0	272	47,7	3215	3100	0,96	36	2472	89,3	16,1	42,0	1,66	1,02	0,64	0,38	28	29	09:40:45	173
20:24	0	272	47,9	3229	3121	0,97	38	2438	91,6	16,2	40,6	1,60	0,98	0,62	0,39	28	29	09:40:47	172
20:26	0	272	45,6	3076	2968	0,96	35	2430	85,9	15,4	44,2	1,70	1,07	0,63	0,37	28	29	09:40:49	173
20:28	0	272	45,7	3080	2953	0,96	36	2355	85,4	15,4	44,5	1,65	1,04	0,61	0,37	28	29	09:40:51	172
20:29	0	272	46,1	3109	2988	0,96	37	2342	87,2	15,6	43,4	1,61	1,01	0,60	0,37	28	29	09:40:52	173
20:31	0	272	47,2	3180	3071	0,97	37	2425	89,5	15,9	41,9	1,63	1,01	0,62	0,38	28	29	09:40:54	176
20:32	0	272	48,9	3295	3169	0,96	41	2310	94,8	16,5	38,5	1,46	0,87	0,60	0,41	29	30	09:40:55	177
20:33	0	272	48,9	3297	3170	0,96	41	2310	94,8	16,5	38,5	1,46	0,87	0,60	0,41	29	30	09:40:56	176
20:35	0	272	47,9	3231	3131	0,97	41	2291	93,2	16,2	39,5	1,47	0,88	0,59	0,40	29	30	09:40:58	176
20:36	0	272	48,1	3240	3138	0,97	40	2306	93,2	16,2	39,5	1,48	0,89	0,60	0,40	29	30	09:40:59	176
20:38	0	272	47,1	3177	3097	0,97	39	2332	91,0	16,0	40,9	1,54	0,92	0,62	0,40	29	29	09:41:01	175
20:39	0	272	49,2	3317	3200	0,96	41	2311	94,2	16,6	38,8	1,47	0,87	0,60	0,41	28	29	09:41:02	174
20:41	0	272	49,0	3300	3141	0,95	44	2138	94,6	16,5	38,6	1,36	0,80	0,55	0,41	29	30	09:41:04	174
20:42	0	272	49,4	3327	3202	0,96	43	2273	97,6	16,7	36,7	1,40	0,82	0,58	0,41	29	30	09:41:05	174
20:43	0	272	47,7	3217	3128	0,97	42	2302	97,0	16,1	37,0	1,42	0,85	0,57	0,40	30	31	09:41:06	174
20:45	0	272	47,9	3228	3130	0,97	42	2296	96,9	16,2	37,1	1,42	0,85	0,57	0,40	30	31	09:41:08	174
20:46	0	272	47,9	3225	3137	0,97	43	2292	98,5	16,2	36,0	1,40	0,84	0,56	0,40	31	31	09:41:09	175
20:48	0	272	47,9	3226	3137	0,97	43	2292	98,5	16,2	36,0	1,40	0,84	0,56	0,40	31	31	09:41:11	171
20:51	0	272	47,0	3167	3075	0,97	42	2237	95,1	15,9	38,3	1,41	0,86	0,55	0,39	30	31	09:41:14	171
20:52	0	272	46,7	3144	3054	0,97	40	2285	91,9	15,8	40,3	1,49	0,92	0,57	0,38	29	30	09:41:15	171
20:54	0	272	47,1	3173	3045	0,96	40	2256	90,0	15,9	41,6	1,50	0,90	0,61	0,40	28	30	09:41:17	171
20:55	0	272	47,1	3172	3044	0,96	40	2256	90,0	15,9	41,6	1,50	0,90	0,61	0,40	28	30	09:41:18	172
20:56	0	272	48,1	3241	3074	0,95	40	2244	90,7	16,2	41,1	1,48	0,89	0,60	0,40	28	30	09:41:19	175
20:58	0	272	49,7	3352	3155	0,94	41	2269	93,5	16,7	39,3	1,46	0,87	0,59	0,41	28	30	09:41:21	175
20:59	0	272	49,1	3307	3117	0,94	41	2266	93,5	16,5	39,3	1,45	0,88	0,58	0,40	28	30	09:41:22	176
21:01	0	272	49,5	3333	3164	0,95	40	2324	93,8	16,6	39,1	1,49	0,87	0,61	0,41	28	30	09:41:24	176
21:02	0	272	49,5	3339	3196	0,96	41	2350	96,6	16,7	37,3	1,46	0,84	0,62	0,42	29	30	09:41:25	176
21:04	0	272	48,8	3289	3173	0,96	41	2356	96,4	16,5	37,4	1,47	0,86	0,60	0,41	29	30	09:41:27	176
21:06	0	272	47,0	3166	3081	0,97	40	2349	94,6	15,9	38,6	1,49	0,90	0,59	0,40	30	31	09:41:29	178
21:08	0	272	46,6	3139	3017	0,96	39	2308	90,3	15,7	41,4	1,53	0,92	0,61	0,40	29	30	09:41:31	178
21:09	0	272	46,5	3137	3016	0,96	39	2308	90,3	15,7	41,4	1,53	0,92	0,61	0,40	29	30	09:41:32	178
21:11	0	272	48,2	3250	3074	0,95	40	2304	91,4	16,2	40,6	1,51	0,88	0,63	0,42	28	30	09:41:34	178
21:12	0	272	49,7	3350	3108	0,93	42	2247	93,3	16,6	39,4	1,44	0,85	0,60	0,41	28	30	09:41:35	178
21:13	0	272	49,8	3355	3092	0,92	42	2239	94,0	16,7	39,0	1,43	0,84	0,59	0,42	28	30	09:41:36	178
21:15	0	272	50,7	3420	3151	0,92	43	2276	97,2	17,0	36,9	1,40	0,82	0,59	0,42	28	31	09:41:38	177
21:16	0	272	50,7	3420	3151	0,92	43	2276	97,2	17,0	36,9	1,40	0,82	0,59	0,42	28	31	09:41:39	176
21:17	0	272	49,3	3322	3105	0,93	44	2270	99,4	16,5	35,4	1,37	0,79	0,58	0,42	30	32	09:41:40	176
21:19	0	272	47,2	3181	3004	0,94	43	2213	95,8	15,9	37,8	1,39	0,82	0,56	0,41	30	32	09:41:42	175
21:21	0	272	46,1	3109	2966	0,95	43	2159	93,4	15,5	39,3	1,39	0,84	0,54	0,39	30	32	09:41:44	175
21:22	0	272	46,1	3109	2966	0,95	43	2159	93,4	15,5	39,3	1,39	0,84	0,54	0,39	30	32	09:41:45	175
21:24	0	272	45,0	3030	2920	0,96	40	2227	89,9	15,2	41,6	1,49	0,91	0,58	0,39	30	31	09:41:47	175
21:25	0	272	44,7	3013	2875	0,95	41	2137	87,2	15,1	43,4	1,47	0,89	0,58	0,39	29	30	09:41:48	175
21:27	0	272	44,3	2983	2856	0,96	39	2187	84,4	14,9	45,2	1,55	0,96	0,59	0,38	28	30	09:41:50	176
21:29	0	272	45,5	3064	2917	0,95	38	2264	85,2	15,3	44,7	1,59	0,97	0,63	0,39	28	29	09:41:52	172
21:30	0	272	47,1	3173	2973	0,94	41	2157	87,7	15,8	43,1	1,48	0,89	0,59	0,40	28	29	09:41:53	172
21:31	0	272	46,1	3106	2931	0,94	39	2242	86,4	15,5	43,9	1,56	0,94	0,62	0,40	28	29	09:41:54	172
21:33	0	272	46,1	3106	2931	0,94	39	2242	86,4	15,5	43,9	1,56	0,94	0,62	0,40	28	29	09:41:56	172
21:35	0	272	45,6	3072	2869	0,93	39	2143	84,5	15,3	45,1	1,52	0,95	0,57	0,37	28	29	09:41:58	171
21:36	0	272	45,7	3083	2878	0,93	40	2126	85,6	15,3	44,4	1,49	0,94	0,55	0,37	28	30	09:41:59	175
21:37	0	272	47,3	3185	2936	0,92	43	2056	87,9	15,8	42,9	1,40	0,88	0,53	0,37	28	30	09:42:00	174
21:39	0	272	48,7	3279	2969	0,91	45	1973	89,3	16,2	42,0	1,33	0,83	0,50	0,37	27	30	09:42:02	174
21:40	0	272	47,6	3206	2930	0,91	43	2047	88,2	15,9	42,7	1,39	0,86	0,53	0,38	28	30	09:42:03	174
21:42	0	272	48,0	3238	2975	0,92	43	2086	90,6	16,1	41,2	1,38	0,82	0,56	0,41	28	30	09:42:05	174
21:43	0	272	47,8	3222	2988	0,93	42	2158	90,6	16,0	41,2	1,43	0,85	0,58	0,41	28	30	09:42:06	167
21:45	0	272	49,4	3332	3096	0,93	43	2193	93,5	16,6	39,3	1,41	0,83	0,58	0,41	28	30	09:42:08	168
21:46	0	272	47,4	3198	3048	0,95	40	2278	92,1	16,0	40,2	1,48	0,89	0,59	0,40	29	30	09:42:09	168
21:48	0	272	47,3	3186	3057	0,96	39	2352	92,1	15,9	40,2	1,53	0,92	0,61	0,40	29	30	09:42:11	168
21:50	0	272	45,8	3087	2957	0,96	39	2317	89,5	15,4	41,9	1,55	0,94	0,61	0,40	29	30	09:42:13	169
21:52	0	272	46,1	3109	2951	0,95	38	2293	86,6	15,5	43,7	1,59	1,00	0,59	0,37	28	29	09:42:15	177
21:53	0	272	47,6	3206	3047	0,95	38	2328	89,2	16,0	42,1	1,57	0,98	0,59	0,38	28	29	09:42:16	177
21:55	0	272	45,4	3061	2907	0,95	36	2291	83,4	15,3	45,8	1,65	1,04	0,61	0,37	27	29	09:42:18	177
21:57	0	272	45,8	3084	2895	0,94	36	2283	82,4	15,4	46,5	1,66	1,04	0,62	0,37	27	28	09:42:20	177
21:58	0	272	47,1	3175	2958	0,93	36	2319	84,2	15,8	45,3	1,65	1,02	0,63	0,38	27	28	09:42:21	176
22:00	0	272	47,7	3213	3001	0,93	37	2349	86,4	16,0	43,9	1,63	1,01	0,62	0,38	27	29	09:42:23	177
22:01	0	272	50,5	3403	3176	0,93	39	2386	94,1	16,9	38,9	1,52	0,93	0,60	0,39	28	30	09:42:24	176
22:03	0	272	51,6	3476	3301	0,95	41	2462	101,7	17,4	34,0	1,45	0,86	0,59	0,40	29	31	09:42:26	178
22:04	0	272	50,4	3396	3218	0,95	41	2409	98,3	17,0	36,1	1,47	0,87	0,60	0,41	29	31	09:42:27	178
22:05	0	272	51,7	3484	3298	0,95	41	2447	101,1	17,4	34,3	1,45	0,85	0,61	0,42	29	31	09:42:28	178
22:07	0	272	51,4	3467	3334	0,96	42	2478	104,2	17,4	32,3	1,43	0,84	0,59	0,41	30	31	09:42:30	178
22:08	0	272	50,5	3406	3312	0,97	43	2426	105,0	17,1	31,8	1,39	0,81	0,57	0,41	31	32	09:42:31	178
22:09	0	272	50,4	3394	3308	0,97	45	2375	106,2	17,0	31,0	1,34	0,78	0,56	0,42	31	32	09:42:32	177
22:12	0	272	49,0	3302	3235	0,98	43	2366	102,9	16,6	33,2	1,38	0,81	0,57	0,41	31	32	09:42:35	176
22:13	0	272	48,5	3268	3155	0,97	45	2235	100,1	16,4	35,0	1,34	0,78	0,56	0,42	31	32	09:42:36	176
22:14	0	272	49,2	3318	3179	0,96	46	2185	100,4	16,6	34,8	1,31	0,75	0,56	0,43	30	32	09:42:37	176
22:16	0	272	48,9	3297	3165	0,96	44	2225	98,9	16,5	35,8	1,35	0,79	0,56	0,42	30	31	09:42:39	177
22:17	0	272	47,7	3214	3063	0,95	43	2205	93,9	16,1	39,0	1,41	0,82	0,59	0,42	29	31	09:42:40	177
22:19	0	272	47,0	3171	3000	0,95	41	2204	90,5	15,8	41,3	1,46	0,85	0,61	0,42	29	30	09:42:42	173
22:21	0	272	45,6	3074	2886	0,94	41	2108	86,5	15,3	43,8	1,46	0,86	0,60	0,41	28	30	09:42:44	172
22:22	0	272	45,9	3097	2930	0,95	40	2185	87,7	15,5	43,0	1,49	0,88	0,62	0,41	28	30	09:42:45	162
22:24	0	272	45,1	3036	2891	0,95	38	2246	85,4	15,2	44,6	1,58	0,94	0,64	0,41	28	30	09:42:47	165
22:26	0	272	45,1	3042	2892	0,95	36	2340	84,3	15,2	45,3	1,67	1,00	0,67	0,40	28	29	09:42:49	169
22:27	0	272	44,9	3023	2873	0,95	38	2249	84,4	15,1	45,2	1,60	0,95	0,65	0,41	28	29	09:42:50	173
22:29	0	272	45,7	3081	2918	0,95	37	2295	84,7	15,4	45,0	1,63	0,98	0,64	0,40	27	29	09:42:52	173
22:30	0	272	46,4	3125	2945	0,94	37	2317	85,8	15,6	44,3	1,62	0,99	0,63	0,39	27	29	09:42:53	173
22:32	0	272	48,1	3240	3046	0,94	37	2354	88,1	16,1	42,8	1,60	0,99	0,61	0,38	27	29	09:42:55	173
SV2																			
22:33	0	272	48,7	3284	3071	0,94	39	2312	90,2	16,3	41,4	1,54	0,94	0,60	0,39	27	29	09:42:56	175
22:34	0	272	49,4	3329	3115	0,94	39	2334	92,0	16,6	40,3	1,52	0,94	0,58	0,38	28	30	09:42:57	176
22:36	0	272	49,6	3344	3149	0,94	41	2298	95,0	16,7	38,3	1,45	0,89	0,56	0,39	28	30	09:42:59	176
22:38	0	272	49,6	3345	3150	0,94	41	2298	95,0	16,7	38,3	1,45	0,89	0,56	0,39	28	30	09:43:01	176
22:40	0	272	49,9	3367	3139	0,93	42	2267	94,6	16,7	38,6	1,44	0,85	0,59	0,41	28	30	09:43:03	177
22:41	0	272	50,6	3410	3181	0,93	44	2209	97,0	17,0	37,0	1,37	0,80	0,57	0,42	28	30	09:43:04	177
22:43	0	272	50,6	3411	3176	0,93	44	2202	97,7	17,0	36,6	1,35	0,78	0,57	0,42	29	31	09:43:06	176
22:44	0	272	52,2	3515	3263	0,93	44	2262	99,1	17,5	35,7	1,37	0,78	0,59	0,43	28	30	09:43:07	176
22:45	0	272	51,8	3494	3275	0,94	43	2320	100,1	17,4	35,0	1,39	0,79	0,60	0,43	29	31	09:43:08	175
22:46	0	272	51,6	3476	3278	0,94	43	2352	100,9	17,3	34,5	1,40	0,81	0,59	0,42	29	31	09:43:09	174
22:48	0	272	51,6	3476	3278	0,94	43	2352	100,9	17,3	34,5	1,40	0,81	0,59	0,42	29	31	09:43:11	175
22:49	0	272	50,0	3369	3245	0,96	43	2390	102,6	16,9	33,4	1,40	0,82	0,58	0,41	30	32	09:43:12	172
22:51	0	272	48,7	3283	3195	0,97	44	2321	102,5	16,5	33,4	1,36	0,80	0,56	0,41	31	32	09:43:14	172
22:52	0	272	47,8	3219	3183	0,99	44	2359	103,3	16,2	32,9	1,37	0,82	0,55	0,40	32	32	09:43:15	172
22:54	0	272	46,8	3154	3112	0,99	44	2309	101,0	15,9	34,4	1,37	0,82	0,55	0,40	32	32	09:43:17	172
22:55	0	272	46,8	3154	3112	0,99	44	2309	101,0	15,9	34,4	1,37	0,82	0,55	0,40	32	32	09:43:18	173
22:57	0	272	47,2	3184	3112	0,98	45	2243	99,8	16,0	35,2	1,35	0,80	0,55	0,41	31	32	09:43:20	175
22:58	0	272	48,3	3256	3159	0,97	45	2206	100,0	16,3	35,1	1,32	0,79	0,53	0,40	31	32	09:43:21	175
23:00	0	272	47,7	3217	3125	0,97	45	2205	98,1	16,1	36,3	1,35	0,82	0,53	0,39	31	31	09:43:23	175
23:01	0	272	46,5	3136	3037	0,97	42	2212	93,5	15,7	39,3	1,42	0,89	0,53	0,37	30	31	09:43:24	176
23:03	0	272	46,7	3147	3026	0,96	41	2210	90,3	15,8	41,3	1,47	0,92	0,55	0,38	29	30	09:43:26	175
23:05	0	272	47,2	3179	3060	0,96	41	2228	91,9	15,9	40,3	1,45	0,88	0,57	0,39	29	30	09:43:28	176
23:06	0	272	47,1	3175	3072	0,97	40	2290	92,7	15,9	39,8	1,48	0,89	0,59	0,40	29	30	09:43:29	176
23:07	0	272	46,8	3154	3051	0,97	40	2309	92,1	15,8	40,2	1,50	0,91	0,60	0,40	29	30	09:43:30	176
23:09	0	272	45,8	3087	2971	0,96	40	2240	89,7	15,5	41,7	1,50	0,90	0,60	0,40	29	30	09:43:32	176
23:10	0	272	47,1	3175	3029	0,95	41	2228	91,6	15,9	40,5	1,46	0,87	0,59	0,41	29	30	09:43:33	176
23:11	0	272	48,0	3235	3055	0,94	43	2171	93,7	16,1	39,1	1,39	0,82	0,57	0,41	29	31	09:43:34	176
23:13	0	272	47,9	3226	3067	0,95	43	2230	95,9	16,1	37,8	1,40	0,81	0,58	0,42	30	31	09:43:36	176
23:14	0	272	47,9	3227	3068	0,95	43	2230	95,9	16,1	37,8	1,40	0,81	0,58	0,42	30	31	09:43:37	176
23:16	0	272	47,9	3227	3068	0,95	43	2230	95,9	16,1	37,8	1,40	0,81	0,58	0,42	30	31	09:43:39	176
23:18	0	272	46,8	3154	2998	0,95	42	2195	93,3	15,8	39,4	1,41	0,81	0,60	0,42	30	31	09:43:41	176
23:19	0	272	47,9	3230	3055	0,95	42	2241	95,2	16,1	38,2	1,41	0,81	0,60	0,42	29	31	09:43:42	176
23:20	0	272	48,4	3265	3067	0,94	44	2199	96,0	16,3	37,6	1,37	0,79	0,58	0,42	29	31	09:43:43	176
23:21	0	272	48,9	3298	3076	0,93	45	2155	96,5	16,4	37,3	1,34	0,78	0,56	0,42	29	31	09:43:44	176
23:23	0	272	49,7	3353	3083	0,92	46	2114	97,4	16,6	36,7	1,30	0,75	0,55	0,42	29	32	09:43:46	176
23:24	0	272	50,3	3392	3123	0,92	47	2166	101,2	16,8	34,3	1,28	0,73	0,56	0,43	30	32	09:43:47	176
23:25	0	272	49,6	3341	3081	0,92	48	2103	100,8	16,6	34,6	1,25	0,71	0,54	0,43	30	33	09:43:48	176
23:28	0	272	49,6	3341	3082	0,92	48	2103	100,8	16,6	34,6	1,25	0,71	0,54	0,43	30	33	09:43:51	176
23:29	0	272	49,7	3352	3113	0,93	47	2171	101,8	16,7	33,9	1,28	0,73	0,55	0,43	30	33	09:43:52	176
23:30	0	272	49,6	3345	3115	0,93	46	2207	100,9	16,6	34,5	1,31	0,75	0,57	0,43	30	32	09:43:53	175
23:32	0	272	48,5	3272	3073	0,94	44	2255	98,5	16,3	36,0	1,37	0,79	0,59	0,43	30	32	09:43:55	175
23:33	0	272	47,8	3223	3047	0,95	43	2259	97,8	16,1	36,5	1,39	0,81	0,57	0,41	30	32	09:43:56	175
23:35	0	272	46,6	3137	2974	0,95	41	2256	93,0	15,7	39,6	1,46	0,90	0,56	0,38	30	31	09:43:58	177
23:36	0	272	46,3	3123	2954	0,95	40	2283	90,9	15,6	40,9	1,51	0,94	0,57	0,38	29	31	09:43:59	178
23:38	0	272	48,3	3252	3053	0,94	41	2271	94,1	16,2	38,9	1,45	0,88	0,57	0,39	29	31	09:44:01	177
23:39	0	272	48,0	3235	3035	0,94	40	2292	92,8	16,1	39,7	1,48	0,90	0,58	0,39	29	31	09:44:02	177
23:41	0	272	48,2	3246	3027	0,93	41	2252	92,1	16,2	40,2	1,47	0,89	0,57	0,39	28	30	09:44:04	177
23:42	0	272	47,3	3186	2982	0,94	40	2284	90,3	15,9	41,4	1,52	0,91	0,61	0,40	28	30	09:44:05	177
23:44	0	272	47,2	3184	2960	0,93	39	2274	87,7	15,8	43,1	1,56	0,93	0,62	0,40	28	30	09:44:07	177
23:46	0	272	47,2	3183	2960	0,93	39	2274	87,7	15,8	43,1	1,56	0,93	0,62	0,40	28	30	09:44:09	175
23:47	0	272	47,6	3211	2978	0,93	38	2311	87,5	16,0	43,2	1,58	0,95	0,63	0,40	27	29	09:44:10	175
23:49	0	272	47,7	3212	2963	0,92	38	2309	86,9	15,9	43,6	1,59	0,95	0,64	0,40	27	29	09:44:12	175
23:51	0	272	47,0	3171	2918	0,92	37	2309	85,2	15,7	44,7	1,63	0,98	0,64	0,40	27	29	09:44:14	175
23:52	0	272	47,0	3170	2917	0,92	37	2309	85,2	15,7	44,7	1,63	0,98	0,64	0,40	27	29	09:44:15	175
23:54	0	272	47,6	3210	2944	0,92	37	2312	85,9	15,9	44,2	1,61	1,00	0,62	0,38	27	29	09:44:17	176
23:55	0	272	48,2	3251	2972	0,91	37	2325	86,4	16,1	43,9	1,61	0,99	0,62	0,39	27	29	09:44:18	176
23:57	0	272	48,2	3250	2972	0,91	37	2325	86,4	16,1	43,9	1,61	0,99	0,62	0,39	27	29	09:44:20	178
23:59	0	272	48,1	3244	2975	0,92	35	2427	85,8	16,1	44,3	1,70	1,00	0,69	0,41	26	29	09:44:22	178
24:01	0	272	48,1	3243	2956	0,91	36	2343	85,3	16,1	44,6	1,65	0,98	0,67	0,41	26	29	09:44:24	177
24:02	0	272	48,8	3287	2994	0,91	37	2355	86,5	16,3	43,9	1,63	0,96	0,68	0,41	26	29	09:44:25	177
24:04	0	272	48,6	3278	2986	0,91	37	2346	86,7	16,2	43,7	1,62	0,93	0,69	0,43	26	29	09:44:27	177
24:05	0	272	48,6	3277	2996	0,91	37	2376	87,3	16,2	43,3	1,63	0,93	0,70	0,43	27	29	09:44:28	177
24:07	0	272	48,8	3288	3008	0,91	38	2346	88,5	16,3	42,5	1,59	0,91	0,68	0,43	27	29	09:44:30	177
24:08	0	272	49,2	3316	3022	0,91	41	2217	91,2	16,4	40,7	1,46	0,85	0,60	0,41	28	30	09:44:31	177
24:10	0	272	48,7	3281	3031	0,92	40	2306	92,0	16,3	40,3	1,50	0,87	0,63	0,42	28	30	09:44:33	177
24:11	0	272	49,6	3344	3077	0,92	41	2301	93,8	16,6	39,1	1,47	0,86	0,61	0,42	28	30	09:44:34	178
24:13	0	272	48,7	3282	3031	0,92	40	2306	92,0	16,3	40,3	1,50	0,87	0,63	0,42	28	30	09:44:36	177
24:15	0	272	47,7	3216	2983	0,93	40	2261	91,4	16,0	40,6	1,48	0,86	0,62	0,42	28	31	09:44:38	177
24:16	0	272	48,7	3283	3013	0,92	41	2203	90,9	16,3	41,0	1,45	0,84	0,62	0,42	28	30	09:44:39	177
24:18	0	272	48,8	3292	3020	0,92	42	2195	91,6	16,3	40,5	1,44	0,83	0,61	0,42	28	30	09:44:41	175
24:19	0	272	49,1	3309	3035	0,92	41	2211	91,8	16,4	40,4	1,45	0,84	0,61	0,42	28	30	09:44:42	176
24:21	0	272	50,0	3370	3086	0,92	42	2224	94,0	16,7	39,0	1,42	0,83	0,59	0,42	28	30	09:44:44	176
24:22	0	272	49,6	3346	3081	0,92	42	2230	93,7	16,6	39,2	1,43	0,83	0,59	0,42	28	30	09:44:45	176
24:23	0	272	50,5	3405	3145	0,92	42	2260	94,4	16,9	38,7	1,44	0,84	0,59	0,41	28	30	09:44:46	176
24:25	0	272	50,5	3403	3152	0,93	41	2306	94,6	16,9	38,5	1,46	0,86	0,60	0,41	28	30	09:44:48	175
24:27	0	272	49,9	3365	3151	0,94	41	2328	95,9	16,8	37,7	1,46	0,87	0,59	0,40	29	30	09:44:50	175
24:28	0	272	49,3	3324	3125	0,94	41	2315	93,8	16,6	39,1	1,48	0,88	0,60	0,40	28	30	09:44:51	166
24:29	0	272	49,1	3311	3117	0,94	41	2276	93,9	16,5	39,0	1,45	0,87	0,58	0,40	28	30	09:44:52	159
24:31	0	272	48,8	3292	3096	0,94	42	2252	94,0	16,4	39,0	1,44	0,86	0,58	0,40	29	30	09:44:54	159
24:32	0	272	49,3	3325	3122	0,94	41	2269	94,2	16,6	38,9	1,45	0,86	0,58	0,40	28	30	09:44:55	159
24:33	0	272	49,5	3338	3117	0,93	42	2251	95,1	16,6	38,2	1,42	0,84	0,58	0,41	28	31	09:44:56	161
24:35	0	272	49,4	3328	3083	0,93	44	2175	94,8	16,5	38,4	1,38	0,81	0,56	0,41	28	31	09:44:58	174
24:37	0	272	48,1	3243	3035	0,94	42	2225	93,1	16,1	39,6	1,43	0,82	0,62	0,43	29	31	09:45:00	178
24:38	0	272	48,6	3274	3080	0,94	42	2247	94,4	16,3	38,7	1,43	0,82	0,61	0,43	29	31	09:45:01	178
24:40	0	272	48,3	3255	3083	0,95	40	2320	93,5	16,2	39,3	1,49	0,85	0,64	0,43	29	30	09:45:03	177
24:41	0	272	47,9	3229	3065	0,95	40	2315	92,2	16,1	40,1	1,51	0,86	0,65	0,43	29	30	09:45:04	176
24:43	0	272	47,3	3186	3027	0,95	40	2309	91,3	15,9	40,7	1,52	0,87	0,65	0,43	29	30	09:45:06	176
24:44	0	272	46,8	3151	3021	0,96	38	2386	89,7	15,8	41,8	1,60	0,91	0,68	0,43	28	30	09:45:07	176
24:47	0	272	46,3	3117	2974	0,95	37	2368	87,2	15,6	43,4	1,63	0,93	0,70	0,43	28	29	09:45:10	176
24:48	0	272	47,5	3205	2983	0,93	38	2281	86,1	15,9	44,1	1,59	0,92	0,67	0,42	27	29	09:45:11	176
24:50	0	272	48,2	3246	2992	0,92	37	2275	84,6	16,1	45,1	1,61	0,94	0,68	0,42	26	28	09:45:13	176
24:51	0	272	48,1	3245	2991	0,92	37	2275	84,6	16,1	45,1	1,61	0,94	0,68	0,42	26	28	09:45:14	176
24:53	0	272	48,2	3249	2986	0,92	36	2332	84,1	16,1	45,4	1,66	0,97	0,70	0,42	26	28	09:45:16	178
24:54	0	272	49,4	3329	3011	0,90	38	2233	85,7	16,5	44,4	1,56	0,91	0,65	0,42	26	28	09:45:17	178
24:56	0	272	50,7	3419	3111	0,91	38	2349	89,8	16,9	41,7	1,57	0,91	0,66	0,42	26	29	09:45:19	178
24:57	0	272	50,7	3419	3111	0,91	38	2349	89,8	16,9	41,7	1,57	0,91	0,66	0,42	26	29	09:45:20	178
24:59	0	272	50,4	3395	3128	0,92	39	2374	91,9	16,8	40,3	1,55	0,90	0,65	0,42	27	29	09:45:22	177
25:00	0	272	50,1	3375	3124	0,93	41	2330	94,5	16,8	38,7	1,48	0,85	0,63	0,43	28	30	09:45:23	174
